% Module: Sweep, ID: c0p1t8p1cfm0
% Devices: DEV646
% Time: 2026/02/02 10:51:54
% Demod 1 Sample X, /dev646/demods/0/sample.X
% Demod 1 Sample Y, /dev646/demods/0/sample.Y
% Frequency (Hz); Demod 1 Sample X  Amplitude (V); Demod 1 Sample Y  Amplitude (V)
23254.4995263378; -0.000524271304417; -0.00923376149013
23258.73878637347; -0.000528637491712; -0.0092661064708
23262.97804640915; -0.000531946338328; -0.00929882099059
23267.21730644483; -0.000536218060425; -0.00933213363842
23271.4565664805; -0.000541012840242; -0.00936486523116
23275.69582651618; -0.00054542082606; -0.00939786617898
23279.93508655185; -0.000549808387969; -0.00943258419786
23284.17434658753; -0.000554404752407; -0.00946701736919
23288.41360662321; -0.000558955387806; -0.0095022231162
23292.65286665888; -0.000562613082186; -0.00953732725307
23296.89212669456; -0.000567697920773; -0.00957340138952
23301.13138673023; -0.000574034393515; -0.00960911435118
23305.37064676591; -0.000577752067909; -0.00964572847021
23309.60990680159; -0.000583579356743; -0.00968316990916
23313.84916683727; -0.000588949100103; -0.00971989562771
23318.08842687294; -0.000593222337837; -0.00975810031421
23322.32768690862; -0.000599575614589; -0.00979650922717
23326.56694694429; -0.000604535567772; -0.00983551237934
23330.80620697997; -0.000611553635429; -0.0098755772957
23335.04546701565; -0.000616653144611; -0.00991613362965
23339.28472705132; -0.000621891374548; -0.0099565106118
23343.523987087; -0.000629719380881; -0.00999791536635
23347.76324712268; -0.000634887274042; -0.0100389696954
23352.00250715835; -0.000641883038687; -0.0100820914006
23356.24176719403; -0.00064798856443; -0.0101243929735
23360.4810272297; -0.000653214164494; -0.0101678596848
23364.72028726538; -0.000660901684892; -0.0102118926991
23368.95954730106; -0.000668301592709; -0.010258089275
23373.19880733673; -0.000675218480994; -0.010302940599
23377.43806737241; -0.000681778491091; -0.0103492468658
23381.67732740808; -0.000689546470948; -0.01039511647
23385.91658744376; -0.000697361315015; -0.0104436582481
23390.15584747944; -0.000704741519166; -0.010491271139
23394.39510751511; -0.000712789763652; -0.0105409547227
23398.63436755079; -0.000720478891073; -0.0105906509148
23402.87362758647; -0.000728568476844; -0.0106413844434
23407.11288762214; -0.000737639588055; -0.0106923143617
23411.35214765782; -0.000746028314033; -0.0107435501447
23415.5914076935; -0.000754743571917; -0.0107956409008
23419.83066772917; -0.000764215933721; -0.010849939983
23424.06992776485; -0.000774136067245; -0.0109038285715
23428.30918780053; -0.000783232355278; -0.0109596990841
23432.5484478362; -0.000793714607467; -0.0110159180678
23436.78770787188; -0.000803573946274; -0.0110721894301
23441.02696790755; -0.000813777196776; -0.0111302159984
23445.26622794323; -0.000824302408811; -0.0111896353565
23449.50548797891; -0.000835331293828; -0.0112500266025
23453.74474801458; -0.000847159211441; -0.0113099895956
23457.98400805026; -0.000858988456997; -0.0113718494611
23462.22326808593; -0.000869883925181; -0.0114343655863
23466.46252812161; -0.000883170877996; -0.0114983530747
23470.70178815729; -0.000893938849892; -0.0115640282102
23474.94104819296; -0.000907358889768; -0.0116302862838
23479.18030822864; -0.000920591842579; -0.0116969556816
23483.41956826431; -0.000933725339582; -0.0117656670045
23487.65882829999; -0.000947515274062; -0.0118349390307
23491.89808833567; -0.000962500382888; -0.011905381943
23496.13734837135; -0.000977794982224; -0.011977490769
23500.37660840702; -0.000991618934037; -0.0120523391947
23504.6158684427; -0.00100741125096; -0.012126955158
23508.85512847838; -0.00102332570371; -0.0122023025114
23513.09438851405; -0.00103969092507; -0.0122802941368
23517.33364854973; -0.00105730128926; -0.0123593332498
23521.5729085854; -0.00107446858349; -0.0124400570693
23525.81216862108; -0.00109281016285; -0.0125230287586
23530.05142865676; -0.00111063500457; -0.012606121151
23534.29068869243; -0.00112940342135; -0.0126913398157
23538.52994872811; -0.00114900422112; -0.0127780979545
23542.76920876378; -0.00116943233874; -0.0128666249688
23547.00846879946; -0.0011902313799; -0.0129584764764
23551.24772883514; -0.001212213243; -0.0130518971391
23555.48698887081; -0.00123570946925; -0.0131462663089
23559.72624890649; -0.00125821547032; -0.0132426513098
23563.96550894216; -0.00128210395149; -0.0133407934183
23568.20476897784; -0.0013064116779; -0.0134413858554
23572.44402901352; -0.00133282760735; -0.0135443748222
23576.68328904919; -0.00135860649513; -0.0136479834584
23580.92254908487; -0.001387732149; -0.0137564796562
23585.16180912055; -0.00141429302083; -0.0138663530411
23589.40106915622; -0.00144374921958; -0.0139775235166
23593.6403291919; -0.00147447789271; -0.0140925547023
23597.87958922758; -0.00150586214; -0.0142094583929
23602.11884926325; -0.0015385117651; -0.0143297315756
23606.35810929893; -0.001572436764; -0.0144525934061
23610.59736933461; -0.0016074047343; -0.014577495328
23614.83662937028; -0.00164373670245; -0.0147070690849
23619.07588940596; -0.00168295996753; -0.0148389701077
23623.31514944163; -0.00172211802599; -0.0149738530315
23627.55440947731; -0.00176276006547; -0.0151128584529
23631.79366951299; -0.00180475587264; -0.0152545034815
23636.03292954866; -0.00184948784908; -0.015399689123
23640.27218958434; -0.00189689543021; -0.0155489634976
23644.51144962001; -0.00194441831808; -0.015702385006
23648.75070965569; -0.00199438448539; -0.015860363704
23652.98996969137; -0.00204689724748; -0.0160216522929
23657.22922972704; -0.00210235875088; -0.0161872891163
23661.46848976272; -0.00215901676441; -0.0163565934114
23665.7077497984; -0.00221704360031; -0.0165321895778
23669.94700983407; -0.00228054543385; -0.0167126642953
23674.18626986975; -0.00234438571908; -0.0168974264518
23678.42552990542; -0.00241301891426; -0.0170874195477
23682.6647899411; -0.00248476201981; -0.0172825223741
23686.90404997678; -0.00255954662962; -0.0174852550676
23691.14331001246; -0.00263838929662; -0.0176925244044
23695.38257004813; -0.00272075293588; -0.0179077095431
23699.62183008381; -0.0028070871674; -0.0181286040125
23703.86109011948; -0.0028977207884; -0.0183552744414
23708.10035015516; -0.00299332376295; -0.0185899346262
23712.33961019084; -0.00309403406619; -0.0188315843912
23716.57887022651; -0.00320091881161; -0.0190809784509
23720.81813026219; -0.00331032916212; -0.0193388573201
23725.05739029786; -0.00342976863603; -0.0196048712965
23729.29665033354; -0.00355353217509; -0.0198796666943
23733.53591036922; -0.00368649854109; -0.0201654035911
23737.77517040489; -0.00382467230228; -0.0204588390409
23742.01443044057; -0.00397304639555; -0.0207631764106
23746.25369047625; -0.00412937753369; -0.0210790029165
23750.49295051192; -0.00429516767337; -0.0214062298688
23754.7322105476; -0.00447227934517; -0.021744800357
23758.97147058327; -0.00465964985435; -0.022095866254
23763.21073061895; -0.00486057972341; -0.0224598734598
23767.44999065463; -0.00507433491274; -0.0228395671416
23771.6892506903; -0.00530166622387; -0.0232310748396
23775.92851072598; -0.00554618042985; -0.0236384408336
23780.16777076165; -0.00580716433775; -0.0240621848076
23784.40703079733; -0.00608646683407; -0.0245014375657
23788.64629083301; -0.0063862368495; -0.0249592999432
23792.88555086869; -0.00670894497002; -0.0254360083451
23797.12481090436; -0.00705756675934; -0.0259298101801
23801.36407094004; -0.00743197371192; -0.0264444435328
23805.60333097571; -0.00783641543723; -0.0269795522095
23809.84259101139; -0.0082743704017; -0.0275354031687
23814.08185104707; -0.00874920665756; -0.0281156902343
23818.32111108274; -0.0092644063833; -0.0287192385009
23822.56037111842; -0.00982561593615; -0.0293450968805
23826.7996311541; -0.0104358134494; -0.0299973812667
23831.03889118977; -0.011102375943; -0.0306723955033
23835.27815122545; -0.0118310530736; -0.0313733755739
23839.51741126112; -0.0126289614408; -0.0320972783474
23843.7566712968; -0.0135059611828; -0.0328459785377
23847.99593133248; -0.0144697451497; -0.0336162313344
23852.23519136815; -0.0155316719127; -0.0344051453377
23856.47445140383; -0.0167032697208; -0.0352087329798
23860.7137114395; -0.0180006635159; -0.0360224580226
23864.95297147518; -0.0194331024503; -0.0368370494022
23869.19223151086; -0.0210223441768; -0.0376444387189
23873.43149154653; -0.0227853149239; -0.0384289751011
23877.67075158221; -0.024740169665; -0.0391746477135
23881.91001161789; -0.0269083726286; -0.039857430314
23886.14927165356; -0.0293117903284; -0.0404449705104
23890.38853168924; -0.0319710631893; -0.0409000893506
23894.62779172492; -0.0348996178695; -0.0411703318006
23898.86705176059; -0.0381084455091; -0.0411952662168
23903.10631179627; -0.0415986510878; -0.0409027615224
23907.34557183195; -0.0453501506778; -0.0402024163128
23911.58483186762; -0.0493265293767; -0.0389995529842
23915.8240919033; -0.0534562650363; -0.0371941907247
23920.06335193897; -0.0576321817418; -0.0346884237236
23924.30261197465; -0.0617008274852; -0.0314092455642
23928.54187201033; -0.0654691789333; -0.0273142370049
23932.781132046; -0.0687224985008; -0.0224305138861
23937.02039208168; -0.0712395219801; -0.0168542736138
23941.25965211735; -0.0728189953256; -0.0107660434818
23945.49891215303; -0.0733291480378; -0.00441358987171
23949.73817218871; -0.0727243505884; 0.00192304309866
23953.97743222438; -0.0710701475045; 0.0079587501496
23958.21669226006; -0.0685069702328; 0.0134586426222
23962.45595229574; -0.0652340486245; 0.0182538651203
23966.69521233141; -0.0614766540234; 0.0222582119787
23970.93447236709; -0.0574478588003; 0.0254637263082
23975.17373240276; -0.0533274364572; 0.0279060497227
23979.41299243844; -0.0492652891846; 0.0296693704869
23983.65225247412; -0.0453609091139; 0.0308446082594
23987.8915125098; -0.0416768508912; 0.0315335335239
23992.13077254547; -0.0382563039827; 0.0318337656545
23996.37003258115; -0.0351069364985; 0.031824764445
24000.60929261682; -0.0322343178939; 0.0315788116361
24004.8485526525; -0.0296223415957; 0.0311536909313
24009.08781268818; -0.0272609834994; 0.0306024137297
24013.32707272385; -0.0251232624441; 0.0299544163549
24017.56633275953; -0.0231941021579; 0.0292435334972
24021.8055927952; -0.0214527212052; 0.0284915531115
24026.04485283088; -0.019880020485; 0.0277194823223
24030.28411286656; -0.0184597443277; 0.0269365242233
24034.52337290223; -0.0171725392704; 0.0261558776141
24038.76263293791; -0.0160084180866; 0.0253826973907
24043.00189297359; -0.01494922989; 0.0246223187838
24047.24115300926; -0.0139869422004; 0.0238816090496
24051.48041304494; -0.0131118619569; 0.0231586125913
24055.71967308061; -0.0123125313757; 0.0224582195446
24059.95893311629; -0.0115807725799; 0.0217804511035
24064.19819315197; -0.0109116735616; 0.0211266413112
24068.43745318765; -0.0102965910344; 0.0204959290396
24072.67671322332; -0.00973242552761; 0.0198872509206
24076.915973259; -0.00921254075447; 0.01930236517
24081.15523329467; -0.00873084352182; 0.018737295643
24085.39449333035; -0.00828848166116; 0.0181960673531
24089.63375336603; -0.00787755622477; 0.0176743871219
24093.8730134017; -0.00749624531386; 0.0171725889757
24098.11227343738; -0.00714310835935; 0.0166907106421
24102.35153347305; -0.0068142322788; 0.0162261382404
24106.59079350873; -0.00650749932351; 0.015778874589
24110.83005354441; -0.00622207712848; 0.0153487278046
24115.06931358008; -0.00595491780437; 0.014935327457
24119.30857361576; -0.00570437009491; 0.0145366228206
24123.54783365144; -0.0054710935971; 0.0141529659892
24127.78709368711; -0.00525247530305; 0.0137832783759
24132.02635372279; -0.00504685695685; 0.0134273562776
24136.26561375846; -0.00485317266156; 0.0130842411757
24140.50487379414; -0.00467127229941; 0.0127523285754
24144.74413382982; -0.00450052858572; 0.0124335689129
24148.98339386549; -0.0043372997538; 0.0121238040993
24153.22265390117; -0.00418436449929; 0.0118246110055
24157.46191393684; -0.00404078291335; 0.0115368601927
24161.70117397252; -0.00390455561295; 0.011257118265
24165.9404340082; -0.00377492524249; 0.0109872966113
24170.17969404388; -0.00365203513417; 0.0107251246244
24174.41895407955; -0.00353574380504; 0.0104720701706
24178.65821411523; -0.0034249457835; 0.0102267907814
24182.8974741509; -0.00332023159724; 0.00998788189644
24187.13673418658; -0.00321903161853; 0.00975750659425
24191.37599422226; -0.00312487598124; 0.00953422624458
24195.61525425793; -0.00303351256156; 0.00931740309655
24199.85451429361; -0.00294734174269; 0.0091063952521
24204.09377432929; -0.00286504215496; 0.0089013097893
24208.33303436496; -0.00278601200013; 0.00870223305418
24212.57229440064; -0.00271066357324; 0.00850966806653
24216.81155443631; -0.00264067593636; 0.0083218560081
24221.05081447199; -0.00257057711558; 0.00813892103375
24225.29007450767; -0.0025044818026; 0.00796157966658
24229.52933454334; -0.00244045863975; 0.00778842493505
24233.76859457902; -0.00238034848278; 0.00762148921759
24238.00785461469; -0.00232232833505; 0.00745711551158
24242.24711465037; -0.00226673415768; 0.00729892395511
24246.48637468605; -0.00221381401099; 0.00714314787614
24250.72563472172; -0.00216228308872; 0.00699167613521
24254.9648947574; -0.00211349830817; 0.00684389050968
24259.20415479307; -0.00206641268096; 0.0066995735889
24263.44341482875; -0.00201947897453; 0.00655992274301
24267.68267486443; -0.00197674625234; 0.00642268025777
24271.92193490011; -0.00193475274997; 0.00628986674103
24276.16119493578; -0.00189360145089; 0.00615931712656
24280.40045497146; -0.00185463431932; 0.00603198625249
24284.63971500714; -0.00181636195862; 0.00590855900948
24288.87897504281; -0.00177964915333; 0.00578627555515
24293.11823507849; -0.00174430945902; 0.00566676350205
24297.35749511416; -0.00171108679417; 0.00555112216346
24301.59675514984; -0.00167825637894; 0.00543765446792
24305.83601518552; -0.00164600032117; 0.00532670393435
24310.07527522119; -0.00161574522051; 0.00521734865363
24314.31453525687; -0.0015864496776; 0.00511108935793
24318.55379529254; -0.00155800649497; 0.00500751755034
24322.79305532822; -0.00153045032935; 0.00490521250927
24327.0323153639; -0.00150218077274; 0.00480553066115
24331.27157539957; -0.00147675664581; 0.00470936719141
24335.51083543525; -0.00145230450379; 0.00461229562714
24339.75009547092; -0.00142568652391; 0.00451932552352
24343.9893555066; -0.00140260967752; 0.00442666851185
24348.22861554228; -0.00137994672005; 0.00433731645796
24352.46787557795; -0.00135767812722; 0.00424944479159
24356.70713561363; -0.00133573774256; 0.0041624487496
24360.94639564931; -0.0013155342317; 0.00407833091175
24365.18565568499; -0.00129456779868; 0.00399505898317
24369.42491572066; -0.00127496148983; 0.00391342148561
24373.66417575634; -0.00125535284802; 0.00383335845975
24377.90343579201; -0.00123754596147; 0.00375374936986
24382.14269582769; -0.00121966919116; 0.00367696383824
24386.38195586337; -0.00120171221862; 0.00360063466347
24390.62121589904; -0.00118443163969; 0.0035273359541
24394.86047593472; -0.00116811173083; 0.00345394027841
24399.09973597039; -0.00115179291375; 0.0033824316379
24403.33899600607; -0.00113587681159; 0.00331288901455
24407.57825604175; -0.00112016375326; 0.00324291773337
24411.81751607742; -0.00110557176006; 0.00317411196918
24416.0567761131; -0.00109101816265; 0.0031074184134
24420.29603614877; -0.00107677326911; 0.00304257673375
24424.53529618445; -0.00106320900663; 0.00297746661364
24428.77455622013; -0.0010489167995; 0.00291469139666
24433.0138162558; -0.00103533941614; 0.00285191481474
24437.25307629148; -0.00102321894634; 0.00279037284965
24441.49233632716; -0.00101046560193; 0.00273048003864
24445.73159636283; -0.00099799353271; 0.00267046348032
24449.97085639851; -0.000986283179549; 0.00261268915127
24454.21011643419; -0.000975235563264; 0.0025548647478
24458.44937646986; -0.000963862495318; 0.00249800095879
24462.68863650554; -0.00095209354801; 0.00244202953494
24466.92789654122; -0.000942987828534; 0.00238825234558
24471.16715657689; -0.000930877112486; 0.00233310546339
24475.40641661257; -0.000920281250054; 0.00228074874553
24479.64567664824; -0.000910649261041; 0.00222836953228
24483.88493668392; -0.000900661662859; 0.002176886147
24488.1241967196; -0.000891886233959; 0.00212639129227
24492.36345675527; -0.000882165215825; 0.0020757634154
24496.60271679095; -0.000873057625014; 0.00202701446867
24500.84197682662; -0.000864413844307; 0.00197752091843
24505.0812368623; -0.000854789602098; 0.0019315241545
24509.32049689798; -0.000845894978414; 0.00188365191871
24513.55975693365; -0.000838036941574; 0.00183740114084
24517.79901696933; -0.000829417826143; 0.0017918904284
24522.03827700501; -0.000821738055549; 0.00174559444696
24526.27753704068; -0.000813205781054; 0.00170130736366
24530.51679707636; -0.000805619173025; 0.00165721950753
24534.75605711203; -0.000798524054649; 0.00161525733383
24538.99531714771; -0.000791935257909; 0.00157197238543
24543.23457718339; -0.000783989538429; 0.00153051810409
24547.47383721906; -0.000776539608819; 0.00148843700515
24551.71309725474; -0.000770139005158; 0.001447388004
24555.95235729042; -0.000763202105433; 0.00140701379151
24560.19161732609; -0.000757846253042; 0.0013668726892
24564.43087736177; -0.000749421167851; 0.00132814692309
24568.67013739745; -0.000744184113776; 0.00128842593534
24572.90939743312; -0.000736978740745; 0.00125077724819
24577.1486574688; -0.000731901841733; 0.00121270263855
24581.38791750447; -0.000724658669007; 0.00117558382983
24585.62717754015; -0.000720355304918; 0.00113838496851
24589.86643757583; -0.000713453535235; 0.00110332832847
24594.1056976115; -0.000707202399561; 0.00106609665629
24598.34495764718; -0.000701495296601; 0.00103138867095
24602.58421768286; -0.000696868226646; 0.000995194444471
24606.82347771853; -0.000691288477895; 0.00096036117533
24611.06273775421; -0.000686207437285; 0.000927508271165
24615.30199778988; -0.000681256764773; 0.000892781856093
24619.54125782556; -0.000675586600034; 0.000860163585287
24623.78051786124; -0.000671491756855; 0.000827329149002
24628.01977789691; -0.000666552081501; 0.000793727478652
24632.25903793259; -0.000661938040964; 0.00076299795551
24636.49829796826; -0.000656186433366; 0.000729804552237
24640.73755800394; -0.000652172512654; 0.00069833799754
24644.97681803962; -0.000647656762216; 0.000667436996327
24649.2160780753; -0.000641858806109; 0.000637331692509
24653.45533811097; -0.000639248817963; 0.000606440174586
24657.69459814665; -0.000633969531822; 0.000576657719083
24661.93385818232; -0.000629682561123; 0.000546598999086
24666.173118218; -0.000625073754122; 0.000517925693159
24670.41237825368; -0.000621338532554; 0.000488300471908
24674.65163828935; -0.000617247648586; 0.000459926274573
24678.89089832503; -0.000613610880197; 0.000431862336911
24683.13015836071; -0.000610480964683; 0.000403834931927
24687.36941839638; -0.000605464639231; 0.000376380559918
24691.60867843206; -0.000601428013732; 0.000348804173853
24695.84793846773; -0.000599470392082; 0.000321214281596
24700.08719850341; -0.00059536793364; 0.000294001471123
24704.32645853909; -0.000590775219023; 0.000267202824119
24708.56571857476; -0.000587329144289; 0.000240579462395
24712.80497861044; -0.000583657595402; 0.000216003355297
24717.04423864611; -0.000580702169925; 0.00018987078314
24721.28349868179; -0.000577679206019; 0.000164949532099
24725.52275871747; -0.000574157071811; 0.000139776698609
24729.76201875314; -0.000570289788506; 0.000114433805068
24734.00127878882; -0.000567411475671; 8.91941958526e-05
24738.2405388245; -0.000564298925867; 6.58611134782e-05
24742.47979886017; -0.00056076314154; 4.10495400847e-05
24746.71905889585; -0.000557907132948; 1.65665473198e-05
24750.95831893153; -0.00055554149184; -5.9047420979e-06
24755.1975789672; -0.000552352075858; -2.98699306014e-05
24759.43683900288; -0.000549488974087; -5.21322814885e-05
24763.67609903856; -0.000544846310063; -7.61872898937e-05
24767.91535907423; -0.000543502806439; -9.95313705795e-05
24772.15461910991; -0.000540261534022; -0.000120626870218
24776.39387914558; -0.000538387031562; -0.000143175350433
24780.63313918126; -0.000535144351048; -0.000165479016758
24784.87239921694; -0.000531680848064; -0.000186986130061
24789.11165925261; -0.000530313807564; -0.000208970864972
24793.35091928829; -0.000526369401924; -0.000231083556562
24797.59017932396; -0.000524621600125; -0.000251920142955
24801.82943935964; -0.000522505128586; -0.000273972358986
24806.06869939532; -0.000519289195532; -0.000293080885324
24810.30795943099; -0.000517306411137; -0.000314410213234
24814.54721946667; -0.000515093937222; -0.000334316056452
24818.78647950235; -0.000512496407793; -0.0003561062355
24823.02573953802; -0.000509856412525; -0.000375447151704
24827.2649995737; -0.000507919679867; -0.000395473454955
24831.50425960937; -0.000505721401386; -0.000414412901794
24835.74351964505; -0.000503670798405; -0.000433582724933
24839.98277968073; -0.000501398196552; -0.000453913704469
24844.22203971641; -0.000498824692314; -0.000473421078057
24848.46129975208; -0.000496615633833; -0.00049283889744
24852.70055978776; -0.000494554480546; -0.000511075321442
24856.93981982343; -0.000492177463275; -0.000530179715875
24861.17907985911; -0.00049116931353; -0.000548487286589
24865.41833989479; -0.000487685311714; -0.000567645606563
24869.65759993046; -0.000487198580205; -0.00058482558859
24873.89685996614; -0.000484693227943; -0.000602906368518
24878.13612000181; -0.000484043963568; -0.000620806398088
24882.37538003749; -0.000479975919542; -0.000639020850237
24886.61464007317; -0.000478484274181; -0.000656825924217
24890.85390010884; -0.000477062417357; -0.000673091848924
24895.09316014452; -0.00047516853262; -0.000691154873212
24899.3324201802; -0.000473111452546; -0.000708093006084
24903.57168021587; -0.000472607790103; -0.000725758679606
24907.81094025155; -0.000469414955303; -0.000742013981237
24912.05020028722; -0.000468042636112; -0.000759079156544
24916.2894603229; -0.000465451483928; -0.000776223435291
24920.52872035858; -0.000464794424518; -0.000792362043944
24924.76798039425; -0.000463317430675; -0.000808732018295
24929.00724042993; -0.00046033891879; -0.00082455817932
24933.2465004656; -0.000459145193772; -0.00084035375506
24937.48576050128; -0.000458055462089; -0.000856577493317
24941.72502053696; -0.000456338318037; -0.00087246206887
24945.96428057264; -0.000455064699645; -0.000888727443185
24950.20354060831; -0.000452688684311; -0.000903313741839
24954.44280064399; -0.000452286405012; -0.000918514676756
24958.68206067966; -0.000450239200156; -0.000934446974147
24962.92132071534; -0.000448316278926; -0.00094947175331
24967.16058075102; -0.000447246095985; -0.000964867380093
24971.39984078669; -0.000446173561857; -0.000979563135083
24975.63910082237; -0.000444809984329; -0.000994651088382
24979.87836085805; -0.000442576796887; -0.00100900099627
24984.11762089372; -0.000441473734552; -0.00102420383567
24988.3568809294; -0.00044067572397; -0.00103773603162
24992.59614096507; -0.000438249619996; -0.00105284232148
24996.83540100075; -0.000437320807464; -0.00106667248993
25001.07466103643; -0.000436168404423; -0.0010813717922
25005.3139210721; -0.000434071507163; -0.00109441615585
25009.55318110778; -0.000432570542053; -0.00110866787309
25013.79244114345; -0.000431089096992; -0.00112338487485
25018.03170117913; -0.000430605919149; -0.00113544258445
25022.27096121481; -0.000429944069748; -0.00115011630181
25026.51022125049; -0.000428544597245; -0.00116332627222
25030.74948128616; -0.00042715893171; -0.00117708069081
25034.98874132184; -0.000425602808117; -0.00118948753863
25039.22800135751; -0.000424514135604; -0.00120392907706
25043.46726139319; -0.000423002016719; -0.0012170981235
25047.70652142887; -0.000421585103274; -0.00122978805992
25051.94578146454; -0.000420598920305; -0.00124230471516
25056.18504150022; -0.000420444810329; -0.00125440959628
25060.4243015359; -0.000418222359886; -0.00126764128361
25064.66356157157; -0.000417451946238; -0.00128225186384
25068.90282160725; -0.00041666270609; -0.00129235700686
25073.14208164292; -0.000415069222578; -0.00130624730132
25077.3813416786; -0.00041339587723; -0.00131880996245
25081.62060171428; -0.000413606615017; -0.0013304788651
25085.85986174995; -0.000411563843071; -0.00134251948745
25090.09912178563; -0.000411257877458; -0.00135550509218
25094.3383818213; -0.000409610899411; -0.00136740591961
25098.57764185698; -0.000409657055072; -0.00137914442671
25102.81690189266; -0.000409100817645; -0.00139116651464
25107.05616192833; -0.000406255507822; -0.00140309645218
25111.29542196401; -0.000405797740728; -0.00141453813034
25115.53468199968; -0.000404969346018; -0.00142655263401
25119.77394203536; -0.000404145979073; -0.00143802309658
25124.01320207104; -0.00040381928678; -0.00145014572611
25128.25246210672; -0.000402242676586; -0.00146108271796
25132.49172214239; -0.00040159570809; -0.00147156058224
25136.73098217807; -0.000400472519313; -0.00148374542712
25140.97024221375; -0.000399435341768; -0.00149509953487
25145.20950224942; -0.000398045920948; -0.0015058533281
25149.4487622851; -0.00039746619203; -0.00151607131766
25153.68802232077; -0.00039661840112; -0.00152828423425
25157.92728235645; -0.000395207934075; -0.00153888833503
25162.16654239213; -0.000394813398118; -0.00154924138429
25166.4058024278; -0.000393625943805; -0.00156047793344
25170.64506246348; -0.000392544343777; -0.00157080343138
25174.88432249915; -0.000392641727864; -0.0015823236969
25179.12358253483; -0.000391750545333; -0.00159246820402
25183.36284257051; -0.000390663133683; -0.00160348558964
25187.60210260618; -0.000390545177071; -0.0016139655778
25191.84136264186; -0.000389287274826; -0.00162285635912
25196.08062267753; -0.000388470813288; -0.00163437041047
25200.31988271321; -0.000387720314848; -0.0016446849601
25204.55914274889; -0.000387106420364; -0.00165376274856
25208.79840278456; -0.000386543878232; -0.00166478939832
25213.03766282024; -0.000385903901144; -0.001675134232
25217.27692285592; -0.000384823810676; -0.0016842010963
25221.5161828916; -0.00038378005319; -0.00169465994908
25225.75544292727; -0.000383810230623; -0.00170487123308
25229.99470296295; -0.000383463594889; -0.00171453908261
25234.23396299862; -0.000380789709828; -0.00172471030442
25238.4732230343; -0.000381531287756; -0.00173328355227
25242.71248306998; -0.000380990575013; -0.00174395901192
25246.95174310565; -0.000379551609329; -0.00175171737164
25251.19100314133; -0.000379060823454; -0.0017634708885
25255.430263177; -0.000378975086611; -0.00177239580231
25259.66952321268; -0.000377758321802; -0.00178104516432
25263.90878324836; -0.000376653090282; -0.00179036416962
25268.14804328403; -0.000375634489618; -0.00179987744824
25272.38730331971; -0.000374583909419; -0.00180926965375
25276.62656335538; -0.000374803257637; -0.00181770619702
25280.86582339106; -0.000374704192372; -0.00182788500464
25285.10508342674; -0.000374060147226; -0.00183633275307
25289.34434346241; -0.000372986653007; -0.00184466605272
25293.58360349809; -0.000371780770123; -0.00185432301386
25297.82286353377; -0.000373001386449; -0.00186336519281
25302.06212356944; -0.000371706534906; -0.00187132171014
25306.30138360512; -0.000369872107328; -0.0018809372693
25310.54064364079; -0.000368889761183; -0.00188900830919
25314.77990367647; -0.000368239271406; -0.00189911199473
25319.01916371215; -0.000368490307309; -0.00190710582251
25323.25842374783; -0.000367918940665; -0.00191587640942
25327.4976837835; -0.0003679589797; -0.00192357948642
25331.73694381918; -0.000366845964223; -0.00193370440249
25335.97620385485; -0.000366580090107; -0.00194164619853
25340.21546389053; -0.000365510636792; -0.00194899243358
25344.45472392621; -0.000364765180117; -0.00195805042853
25348.69398396188; -0.000363452637013; -0.00196700147671
25352.93324399756; -0.000364588378277; -0.00197483637268
25357.17250403323; -0.000362660844751; -0.00198349672555
25361.41176406891; -0.000362901305579; -0.00199225075676
25365.65102410459; -0.000361853604883; -0.00199977533005
25369.89028414026; -0.000362367999557; -0.00200702705329
