% Module: Sweep, ID: c0p1t8p1cfm0
% Devices: DEV646
% Time: 2025/11/10 16:37:08
% Demod 1 Sample R, /dev646/demods/0/sample.R
% Demod 1 Sample X, /dev646/demods/0/sample.X
% Demod 1 Sample Y, /dev646/demods/0/sample.Y
% Frequency (Hz); Demod 1 Sample R  Amplitude (V); Demod 1 Sample X  Amplitude (V); Demod 1 Sample Y  Amplitude (V)
23911.45551455427; 0.100019544164; -0.00122710217588; -0.100012016453
23915.88155741368; 0.100073246871; -0.00123409124963; -0.100065637249
23920.30760027309; 0.100117257534; -0.00124367066027; -0.10010953271
23924.73364313249; 0.100164714886; -0.00125276194598; -0.100156880422
23929.1596859919; 0.100215617312; -0.00126179385661; -0.100207673506
23933.58572885131; 0.100268382518; -0.00126451212551; -0.100260408646
23938.01177171072; 0.100317969828; -0.00127165461679; -0.100309909605
23942.43781457012; 0.100370849677; -0.00128625217414; -0.10036260768
23946.86385742953; 0.100422014667; -0.00129022755307; -0.100413725868
23951.28990028894; 0.100478663034; -0.00129642629487; -0.100470299113
23955.71594314835; 0.100530571905; -0.0013073406251; -0.10052207095
23960.14198600775; 0.100580597014; -0.00131593347211; -0.100571988221
23964.56802886716; 0.100640598112; -0.00132408293943; -0.100631887554
23968.99407172656; 0.100693777149; -0.00133804893939; -0.10068488656
23973.42011458597; 0.100747477836; -0.00134144769615; -0.100738546785
23977.84615744538; 0.100800672482; -0.00135872489827; -0.100791514719
23982.27220030479; 0.100862912746; -0.0013641962784; -0.100853686775
23986.69824316419; 0.100917909471; -0.00137400597042; -0.100908555433
23991.1242860236; 0.100975355306; -0.00138522210319; -0.100965853332
23995.55032888301; 0.101032273848; -0.00138997782206; -0.101022711905
23999.97637174241; 0.101084277622; -0.00139755896414; -0.101074616058
24004.40241460182; 0.101145662485; -0.00141623185032; -0.101135747028
24008.82845746123; 0.101210589058; -0.00142354935011; -0.101200577294
24013.25450032064; 0.101267375354; -0.00143650622241; -0.101257186219
24017.68054318004; 0.101325662939; -0.00144820614394; -0.101315313102
24022.10658603945; 0.101385208648; -0.0014624886738; -0.101374659849
24026.53262889886; 0.101451748641; -0.00146933300331; -0.101441107854
24030.95867175826; 0.101518335306; -0.00148512286998; -0.101507471712
24035.38471461767; 0.101572473125; -0.00149815383785; -0.101561423936
24039.81075747708; 0.101631885784; -0.00150721797345; -0.101620709022
24044.23680033649; 0.101708422818; -0.00152008073077; -0.101697063019
24048.66284319589; 0.101776777477; -0.00153843516136; -0.101765149491
24053.0888860553; 0.101844283518; -0.00154782489836; -0.101832520952
24057.51492891471; 0.101906368726; -0.00156657045182; -0.101894326849
24061.94097177411; 0.101972719489; -0.00157638941332; -0.101960534112
24066.36701463352; 0.102045259452; -0.00159530504638; -0.102032788742
24070.79305749293; 0.102113635592; -0.00160672646056; -0.102100994137
24075.21910035234; 0.102185824776; -0.00162651386287; -0.10217287917
24079.64514321174; 0.102252520596; -0.00163903097822; -0.102239383535
24084.07118607115; 0.102328665041; -0.00165725911346; -0.10231524413
24088.49722893056; 0.102402229188; -0.00167028570637; -0.102388606242
24092.92327178996; 0.102474983447; -0.00169052712273; -0.102461038207
24097.34931464937; 0.102549453815; -0.00170480832768; -0.102535282251
24101.77535750878; 0.102621065256; -0.00172619632744; -0.102606545992
24106.20140036818; 0.102703600179; -0.00174258830101; -0.102688815729
24110.62744322759; 0.10277183934; -0.00176190908147; -0.102756735243
24115.053486087; 0.102850796708; -0.00178259680625; -0.102835347678
24119.47952894641; 0.102931297143; -0.00180157860313; -0.102915529664
24123.90557180581; 0.103016463222; -0.00181627393555; -0.103000450697
24128.33161466522; 0.103091694649; -0.00184455156381; -0.103075191657
24132.75765752463; 0.103172223233; -0.00185834673213; -0.103155485527
24137.18370038403; 0.103252260447; -0.00188672911905; -0.103235020902
24141.60974324344; 0.103331954643; -0.00190598427208; -0.103314374965
24146.03578610285; 0.103427643377; -0.00192505472529; -0.103409726713
24150.46182896226; 0.103515867388; -0.00194931178598; -0.103497511973
24154.88787182166; 0.103604158783; -0.00197271875221; -0.103585375888
24159.31391468107; 0.103689591405; -0.00199421360196; -0.103670412741
24163.73995754048; 0.103790149174; -0.00202028223775; -0.103770484846
24168.16600039988; 0.103880868983; -0.00204477314034; -0.103860742552
24172.59204325929; 0.103979584755; -0.00207122435117; -0.103958953802
24177.0180861187; 0.104071401916; -0.00210008161648; -0.104050210734
24181.44412897811; 0.10416820741; -0.0021293841763; -0.104146440928
24185.87017183751; 0.104268979216; -0.00216030740442; -0.10424659754
24190.29621469692; 0.104370500859; -0.00218854795867; -0.104347552475
24194.72225755632; 0.104472745452; -0.00221712818472; -0.104449216775
24199.14830041573; 0.104580099154; -0.00224526498188; -0.104555994205
24203.57434327514; 0.104688447182; -0.00227956424954; -0.104663625774
24208.00038613455; 0.104802302962; -0.0023178776757; -0.104776667962
24212.42642899396; 0.104910542577; -0.00234739358178; -0.104884277597
24216.85247185336; 0.105019885578; -0.00238628164707; -0.104992771307
24221.27851471277; 0.105135749255; -0.00241844040472; -0.10510792985
24225.70455757217; 0.105254404869; -0.00246260701823; -0.105225592471
24230.13060043158; 0.105374935417; -0.00250375040095; -0.105345186165
24234.55664329099; 0.105495864269; -0.00253741396901; -0.105465344584
24238.9826861504; 0.105628539348; -0.00258022832126; -0.105597020538
24243.4087290098; 0.105746603932; -0.00262424597013; -0.105714036799
24247.83477186921; 0.105869621169; -0.00267130043376; -0.1058359147
24252.26081472862; 0.106007670378; -0.00271690946166; -0.105972848325
24256.68685758803; 0.106145122854; -0.00276839974468; -0.10610901502
24261.11290044743; 0.106285254249; -0.00281723150808; -0.106247910462
24265.53894330684; 0.106421492533; -0.00287108650501; -0.106382756757
24269.96498616625; 0.106565585873; -0.00292112841407; -0.106525542013
24274.39102902565; 0.106717390335; -0.00298358389141; -0.106675674955
24278.81707188506; 0.106862961382; -0.00304242546813; -0.106819643149
24283.24311474447; 0.107011413042; -0.0031057825164; -0.106966334125
24287.66915760388; 0.107171798631; -0.00316672275713; -0.107125003098
24292.09520046328; 0.107335336162; -0.00323123807725; -0.107286688314
24296.52124332269; 0.107498558627; -0.00330127460817; -0.107447855692
24300.9472861821; 0.107671807483; -0.00337112909111; -0.107619020695
24305.3733290415; 0.107840895885; -0.00345285087473; -0.107785605004
24309.79937190091; 0.108021857087; -0.00353360763297; -0.107964045986
24314.22541476032; 0.108199155025; -0.00361054185087; -0.108138897422
24318.65145761973; 0.108380983074; -0.00370026079836; -0.108317798917
24323.07750047913; 0.108573860962; -0.00379132330412; -0.108507645591
24327.50354333854; 0.108768619137; -0.00388530086315; -0.108699203981
24331.92958619794; 0.108966640344; -0.00398712628915; -0.108893670761
24336.35562905735; 0.10917430077; -0.00408565323505; -0.109097824846
24340.78167191676; 0.109383319133; -0.00420162611054; -0.109302593028
24345.20771477617; 0.109599400816; -0.0043141409275; -0.109514459535
24349.63375763557; 0.109818833075; -0.00443764355996; -0.109729136593
24354.05980049498; 0.110046384886; -0.00455944816245; -0.109951890657
24358.48584335439; 0.110279063045; -0.0046905944525; -0.110179263338
24362.91188621379; 0.110517849077; -0.00483008727531; -0.110412251229
24367.3379290732; 0.110768163432; -0.0049808172006; -0.110656122696
24371.76397193261; 0.111019665012; -0.00513921369701; -0.110900651495
24376.19001479202; 0.111286673766; -0.00530008774759; -0.111160392352
24380.61605765142; 0.111551983297; -0.0054714667895; -0.111417718648
24385.04210051083; 0.111833839761; -0.00565379246697; -0.111690833762
24389.46814337024; 0.112114858997; -0.00585186948225; -0.111962034777
24393.89418622965; 0.112413987921; -0.00605440945547; -0.112250829869
24398.32022908905; 0.112715126954; -0.00627171021799; -0.11254050602
24402.74627194846; 0.113029730497; -0.00650322247779; -0.112842492323
24407.17231480787; 0.113352911057; -0.00674788354941; -0.113151882498
24411.59835766727; 0.113681332547; -0.00700495162787; -0.113465307572
24416.02440052668; 0.11402418444; -0.00728050856227; -0.113791514764
24420.45044338609; 0.114378668677; -0.00758079377432; -0.114127172112
24424.8764862455; 0.114746225917; -0.00788954246061; -0.11447467616
24429.3025291049; 0.115120049845; -0.00822714309312; -0.114825693958
24433.72857196431; 0.115510132472; -0.00857990687738; -0.115191040892
24438.15461482372; 0.115915386681; -0.00896883472219; -0.11556788859
24442.58065768312; 0.116325896363; -0.00937079674314; -0.115947843158
24447.00670054253; 0.116746472413; -0.00981289995413; -0.116333339226
24451.43274340194; 0.117183021245; -0.0102821941076; -0.116731045367
24455.85878626135; 0.117634931643; -0.0107883292665; -0.117139186843
24460.28482912075; 0.118093388796; -0.0113364503555; -0.117548004537
24464.71087198016; 0.118573005; -0.0119189430282; -0.11797243878
24469.13691483956; 0.119049852246; -0.0125483701854; -0.118386678835
24473.56295769897; 0.119541234163; -0.0132247009057; -0.11880746589
24477.98900055838; 0.12005574028; -0.0139605469798; -0.119241284387
24482.41504341779; 0.120560065313; -0.014749050066; -0.119654481196
24486.84108627719; 0.121086793539; -0.0156026323002; -0.120077347717
24491.2671291366; 0.121602589763; -0.0165258512219; -0.120474420847
24495.69317199601; 0.12211973535; -0.0175242446957; -0.120855825717
24500.11921485541; 0.122637439959; -0.0185998322826; -0.121218760589
24504.54525771482; 0.123144238801; -0.0197616887778; -0.121548258755
24508.97130057423; 0.123633137757; -0.0210148625224; -0.121834019489
24513.39734343364; 0.12410021361; -0.022367602743; -0.12206782281
24517.82338629304; 0.124537138417; -0.0238147410426; -0.122238933872
24522.24942915245; 0.124918247006; -0.0253740271366; -0.122314051449
24526.67547201186; 0.125244291157; -0.0270449951586; -0.122289413705
24531.10151487126; 0.125488839356; -0.0288108653707; -0.122136738288
24535.52755773067; 0.125636255801; -0.0306798993826; -0.121832723624
24539.95360059008; 0.125664966965; -0.032643223967; -0.12135115925
24544.37964344949; 0.125558214434; -0.0346752668209; -0.120675146914
24548.80568630889; 0.125272388257; -0.0367612228672; -0.119757186644
24553.2317291683; 0.124775072351; -0.0388680858502; -0.118566819062
24557.65777202771; 0.124063711144; -0.0409590979946; -0.117107457979
24562.08381488712; 0.123074863716; -0.0429718327474; -0.115329283658
24566.50985774652; 0.121815948412; -0.0448646555962; -0.113253202894
24570.93590060593; 0.120249045963; -0.0465710191724; -0.110864661765
24575.36194346534; 0.11837772939; -0.0480164095878; -0.108202177547
24579.78798632474; 0.116210817615; -0.0491512660364; -0.105304829793
24584.21402918415; 0.113763176621; -0.0499200159795; -0.1022254976
24588.64007204356; 0.111069676779; -0.0502793046545; -0.0990376929413
24593.06611490297; 0.108179110617; -0.0502210944065; -0.0958152474845
24597.49215776237; 0.105163568924; -0.0497429380063; -0.0926553632946
24601.91820062178; 0.102075526292; -0.048865226581; -0.0896192094302
24606.34424348118; 0.0990031120712; -0.0476388800648; -0.0867879790407
24610.77028634059; 0.0959986208631; -0.0461117177002; -0.0841988402435
24615.1963292; 0.0931498735533; -0.0443545515047; -0.0819119814423
24619.62237205941; 0.090479535417; -0.0424299463662; -0.0799139911444
24624.04841491881; 0.0880478714833; -0.0403872455006; -0.0782387248977
24628.47445777822; 0.0858663413559; -0.0382973478055; -0.0768527275307
24632.90050063763; 0.0839519524642; -0.036203938624; -0.0757443407171
24637.32654349703; 0.0823081597364; -0.0341366026892; -0.0748954305417
24641.75258635644; 0.0809240794377; -0.032128472745; -0.0742729282573
24646.17862921585; 0.0797830977819; -0.0301984407941; -0.0738471181922
24650.60467207526; 0.0788663570981; -0.0283620958736; -0.0735900387253
24655.03071493466; 0.0781497609355; -0.0266311387127; -0.0734722232217
24659.45675779407; 0.0776161997861; -0.0250084655948; -0.0734768747146
24663.88280065348; 0.0772386981359; -0.0234821289155; -0.0735826481674
24668.30884351288; 0.0769861840854; -0.0220649788402; -0.0737564183567
24672.73488637229; 0.0768659511287; -0.0207400966473; -0.0740150176246
24677.1609292317; 0.0768308956569; -0.0195248839686; -0.074308582502
24681.58697209111; 0.0768745817755; -0.0183838828409; -0.0746440498289
24686.01301495051; 0.0769860113714; -0.0173355662149; -0.0750088267532
24690.43905780992; 0.0771501339337; -0.016358905537; -0.0753958180247
24694.86510066933; 0.0773618205976; -0.0154662294919; -0.0758000463817
24699.29114352874; 0.0776050771553; -0.0146301490433; -0.0762135600747
24703.71718638814; 0.0778783471658; -0.0138696069295; -0.0766333541018
24708.14322924755; 0.0781625255887; -0.0131494619536; -0.0770485045717
24712.56927210696; 0.07847101931; -0.0124850427353; -0.0774714436386
24716.99531496636; 0.0787962675678; -0.0118735376174; -0.0778965396348
24721.42135782577; 0.07911761681; -0.011297493307; -0.0783068575201
24725.84740068518; 0.0794451535999; -0.0107724714579; -0.0787114114293
24730.27344354459; 0.0797795723265; -0.010276822992; -0.0791148979004
24734.69948640399; 0.0801056444872; -0.00981286527303; -0.0795023392979
24739.1255292634; 0.0804367317654; -0.00938518431676; -0.0798873339926
24743.5515721228; 0.0807693637042; -0.00899002781154; -0.0802674872731
24747.97761498221; 0.0810906154795; -0.00862126264811; -0.0806310222507
24752.40365784162; 0.08140640517; -0.00826532692266; -0.0809857220352
24756.82970070103; 0.0817223636662; -0.00793657921758; -0.0813360647777
24761.25574356043; 0.0820365136676; -0.00763085878528; -0.0816808396684
24765.68178641984; 0.0823449483506; -0.00735014508651; -0.082016253792
24770.10782927925; 0.0826301133229; -0.0070728609941; -0.0823268502077
24774.53387213865; 0.0829317197974; -0.00681455714933; -0.0826512671374
24778.95991499806; 0.0832091707189; -0.00657846408783; -0.0829487185071
24783.38595785747; 0.0834915944356; -0.00634912165515; -0.0832498348082
24787.81200071688; 0.0837632889048; -0.00614387653166; -0.0835376642558
24792.23804357628; 0.0840257801244; -0.00594292171923; -0.0838153530504
24796.66408643569; 0.0842906854795; -0.00575228977655; -0.084094178282
24801.0901292951; 0.0845405521844; -0.00557365802007; -0.0843566197753
24805.5161721545; 0.0847880091967; -0.0054032351301; -0.0846156696698
24809.94221501391; 0.0850280465736; -0.00524435351414; -0.0848661620455
24814.36825787332; 0.0852670527424; -0.00509289364246; -0.0851148207877
24818.79430073273; 0.0854963307404; -0.00494606969824; -0.0853531426757
24823.22034359213; 0.0857204978012; -0.00480977464761; -0.0855854532682
24827.64638645154; 0.0859362891561; -0.00468375142819; -0.0858085559048
24832.07242931095; 0.0861494587128; -0.00455749274392; -0.0860288236371
24836.49847217035; 0.0863528213906; -0.00444294792741; -0.0862384483617
24840.92451502976; 0.0865587254206; -0.00432953268242; -0.0864503793698
24845.35055788917; 0.0867585292436; -0.00422781549658; -0.0866554555273
24849.77660074858; 0.0869534134966; -0.00411937657582; -0.0868557819338
24854.20264360798; 0.0871386874155; -0.00402672851517; -0.087045598981
24858.62868646739; 0.0873262294936; -0.0039283337796; -0.087237827525
24863.0547293268; 0.0875038316041; -0.00384361197943; -0.087419375383
24867.48077218621; 0.0876798983606; -0.00376088932118; -0.0875992025537
24871.90681504561; 0.0878525691269; -0.00367950578714; -0.0877754814248
24876.33285790502; 0.0880226480524; -0.00360177147286; -0.0879489272954
24880.75890076442; 0.0881883465435; -0.00353040637918; -0.0881176525838
24885.18494362383; 0.0883493206746; -0.00344908235812; -0.0882819703821
24889.61098648324; 0.0885104637258; -0.0033877308477; -0.0884456074018
24894.03702934265; 0.0886653949943; -0.00332435160392; -0.088603052746
24898.46307220205; 0.0888121176149; -0.00326206698673; -0.0887521895742
24902.88911506146; 0.0889653872377; -0.0031971313853; -0.0889079213414
24907.31515792087; 0.0891121976572; -0.00314179335584; -0.0890567959552
24911.74120078027; 0.0892516567745; -0.00308691569462; -0.089198257766
24916.16724363968; 0.0893906309101; -0.00303359939258; -0.0893391413056
24920.59328649909; 0.0895240474926; -0.0029839161615; -0.0894743053831
24925.0193293585; 0.0896593113804; -0.00293267183802; -0.0896113360747
24929.4453722179; 0.0897893865423; -0.00288964801188; -0.0897428764305
24933.87141507731; 0.0899194061786; -0.00284517430369; -0.0898743822827
24938.29745793672; 0.0900483421148; -0.00280445667024; -0.0900046606593
24942.72350079612; 0.0901602006507; -0.00276004369299; -0.0901179446069
24947.14954365553; 0.0902844237407; -0.00271623630945; -0.0902435550635
24951.57558651494; 0.0904067383068; -0.00267328709422; -0.0903672057075
24956.00162937435; 0.0905277080188; -0.00263890968318; -0.0904892373425
24960.42767223375; 0.0906392645214; -0.00260413215863; -0.0906018474905
24964.85371509316; 0.0907520555482; -0.00256316681499; -0.0907158517686
24969.27975795257; 0.0908616938585; -0.00253213385303; -0.09082640425
24973.70580081197; 0.0909724465549; -0.00250102842551; -0.0909380607282
24978.13184367138; 0.091078916525; -0.0024657440729; -0.091045533342
24982.55788653079; 0.0911825340553; -0.00243779204212; -0.0911499406841
24986.9839293902; 0.0912877745729; -0.00240688449852; -0.0912560392165
24991.4099722496; 0.0913904603581; -0.00238005272019; -0.0913594636232
24995.83601510901; 0.0914854968871; -0.0023546210343; -0.0914551906699
25000.26205796842; 0.0915859599865; -0.00232485652564; -0.0915564476636
25004.68810082783; 0.0916838337731; -0.00229803276736; -0.091655029435
25009.11414368723; 0.0917784692205; -0.00227259834112; -0.0917503281152
25013.54018654664; 0.0918744077807; -0.0022446457655; -0.0918469834585
25017.96622940604; 0.0919639808606; -0.00221815181765; -0.0919372262918
25022.39227226545; 0.0920533246441; -0.00219896269417; -0.0920270565709
25026.81831512486; 0.0921484642745; -0.00217638971163; -0.0921227593811
25031.24435798427; 0.0922343152042; -0.00215799023305; -0.0922090666873
25035.67040084367; 0.0923238992246; -0.00213865456028; -0.0922991252651
25040.09644370308; 0.0924129956667; -0.00211397159565; -0.0923888136745
25044.52248656249; 0.0924930254222; -0.00209708748914; -0.0924692488118
25048.94852942189; 0.0925737137885; -0.00208103755489; -0.0925503201901
25053.3745722813; 0.0926553784963; -0.0020551965992; -0.0926325824493
25057.80061514071; 0.092737136902; -0.00203744310136; -0.092714752798
25062.22665800012; 0.092814967988; -0.00201975016843; -0.0927929894543
25066.65270085952; 0.0928923037701; -0.00200323927338; -0.0928707011502
25071.07874371893; 0.0929761444394; -0.00198764925543; -0.0929548959724
25075.50478657834; 0.0930540530623; -0.00197129069912; -0.0930331704518
25079.93082943774; 0.0931286007864; -0.00195948528523; -0.0931079840929
25084.35687229715; 0.0932021890187; -0.00194451496813; -0.0931819022097
25088.78291515656; 0.0932767288506; -0.00192307259641; -0.0932569028912
25093.20895801597; 0.093350700385; -0.00190835381935; -0.0933311922567
25097.63500087537; 0.0934163988033; -0.00189698225544; -0.0933971360573
25102.06104373478; 0.0934963372601; -0.00188353474505; -0.093477362917
25106.48708659419; 0.0935638293095; -0.00186620707675; -0.093545215945
25110.91312945359; 0.0936310173524; -0.00185601166151; -0.0936126200421
25115.339172313; 0.0937001701327; -0.00184002140784; -0.0936821018344
25119.76521517241; 0.0937644796892; -0.00182895605427; -0.0937466403192
25124.19125803182; 0.0938368802996; -0.00182156165073; -0.0938191985551
25128.61730089122; 0.0939050311651; -0.00181279563171; -0.0938875319204
25133.04334375063; 0.0939730224079; -0.00179924873302; -0.093955796226
25137.46938661004; 0.0940349349477; -0.00178855719309; -0.0940179241091
25141.89542946944; 0.0940932692394; -0.00177228823193; -0.0940765768435
25146.32147232885; 0.0941597913105; -0.00176718220434; -0.0941432066943
25150.74751518826; 0.0942259132671; -0.00175702827365; -0.0942095302114
25155.17355804766; 0.0942860407746; -0.00174305714788; -0.0942699275312
25159.59960090707; 0.0943389023754; -0.00173291906098; -0.0943229849662
25164.02564376648; 0.0944032817387; -0.00172747669247; -0.0943874749494
25168.45168662589; 0.094470905613; -0.00172205435757; -0.094455209153
25172.87772948529; 0.0945280972326; -0.00170845857125; -0.0945126570133
25177.3037723447; 0.0945835730687; -0.00169575138915; -0.0945683706197
25181.72981520411; 0.0946488662329; -0.00168986157609; -0.0946337796298
25186.15585806351; 0.0946924643603; -0.00168242806111; -0.0946775170906
25190.58190092292; 0.094748095347; -0.00167247171267; -0.0947333331529
25195.00794378233; 0.0948115329018; -0.00166761487611; -0.0947968661497
25199.43398664174; 0.0948668066452; -0.00165749819026; -0.0948523257638
25203.86002950114; 0.0949278708351; -0.00165289476474; -0.0949134795494
25208.28607236055; 0.0949758651883; -0.00164150736734; -0.0949616787016
25212.71211521996; 0.0950326832646; -0.0016369825191; -0.0950185833229
25217.13815807936; 0.0950905493719; -0.00162689156201; -0.0950766312176
25221.56420093877; 0.0951466729725; -0.0016191738754; -0.0951328946984
25225.99024379818; 0.0951941729558; -0.00161194445464; -0.0951805242674
25230.41628665759; 0.0952492115176; -0.0016051320001; -0.09523568578
25234.84232951699; 0.0952996054458; -0.00160446179378; -0.0952860981491
