% Module: Sweep, ID: c0p1t8p1cfm0
% Devices: DEV646
% Time: 2025/11/10 16:20:25
% Demod 1 Sample X, /dev646/demods/0/sample.X
% Demod 1 Sample Y, /dev646/demods/0/sample.Y
% Frequency (Hz); Demod 1 Sample X  Amplitude (V); Demod 1 Sample Y  Amplitude (V)
26098.38290443379; -0.000531919921284; -0.11849911124
26099.57610527983; -0.000531425659665; -0.118582948764
26100.76930612587; -0.000533845798361; -0.118669339687
26101.9625069719; -0.000538030273255; -0.118755955806
26103.15570781793; -0.000541579895853; -0.118842160532
26104.34890866397; -0.000541928269751; -0.118924735135
26105.54210951; -0.000545922030631; -0.119007935389
26106.73531035603; -0.000548010764666; -0.119099932383
26107.92851120207; -0.000550847404031; -0.119185504833
26109.12171204811; -0.000554386875745; -0.119283711763
26110.31491289414; -0.00055638757367; -0.119374557647
26111.50811374018; -0.000559077499386; -0.119462455551
26112.70131458621; -0.000562213262093; -0.119562012235
26113.89451543224; -0.000564196801917; -0.119653629155
26115.08771627828; -0.000568020861222; -0.119753645343
26116.28091712431; -0.000569840606625; -0.119851392897
26117.47411797035; -0.00057343710108; -0.11994968306
26118.66731881638; -0.000576709707644; -0.120050174876
26119.86051966242; -0.000581527034158; -0.120147857114
26121.05372050845; -0.00058578572165; -0.120252974151
26122.24692135449; -0.000583941459367; -0.120353147577
26123.44012220052; -0.000589565358365; -0.120453156754
26124.63332304655; -0.000593368805308; -0.120556494748
26125.82652389259; -0.000598138532535; -0.120663409585
26127.01972473862; -0.000600071050273; -0.120771186129
26128.21292558466; -0.000603962300062; -0.120877658482
26129.40612643069; -0.00060643918962; -0.120985442083
26130.59932727673; -0.000611171984173; -0.121097827129
26131.79252812276; -0.000614215047557; -0.121208625076
26132.9857289688; -0.000617669147462; -0.121322797757
26134.17892981483; -0.000622552002507; -0.121432974353
26135.37213066086; -0.000629167380032; -0.121548975494
26136.5653315069; -0.000633745392663; -0.121661005275
26137.75853235293; -0.00063548846934; -0.121781896084
26138.95173319897; -0.000639890090534; -0.121900444253
26140.144934045; -0.000642359018259; -0.122019474608
26141.33813489104; -0.000651713130622; -0.122140026432
26142.53133573707; -0.00065491318664; -0.122259504503
26143.72453658311; -0.00065808385792; -0.122388454073
26144.91773742914; -0.000664264350865; -0.122514174138
26146.11093827517; -0.000666691057694; -0.122641937337
26147.30413912121; -0.000672053627827; -0.122768980948
26148.49733996725; -0.000678635751871; -0.122899054184
26149.69054081328; -0.0006860863635; -0.123034399203
26150.88374165932; -0.000689498291318; -0.123173327218
26152.07694250535; -0.000694160163857; -0.123309136852
26153.27014335138; -0.000696219770234; -0.12344319009
26154.46334419742; -0.000701374130608; -0.123590411877
26155.65654504345; -0.000708898107344; -0.123723694692
26156.84974588949; -0.000719400842294; -0.123871211107
26158.04294673552; -0.000726255470879; -0.124023238649
26159.23614758156; -0.000729703268062; -0.124172026655
26160.42934842759; -0.000733816106645; -0.12431457643
26161.62254927363; -0.000739453848658; -0.124465846506
26162.81575011966; -0.000744478382289; -0.124614037919
26164.00895096569; -0.000748633046299; -0.124762784481
26165.20215181173; -0.000753784541452; -0.124916574023
26166.39535265776; -0.000762069493628; -0.125069380753
26167.5885535038; -0.000769831731229; -0.125228822826
26168.78175434983; -0.000777549876239; -0.125386281358
26169.97495519587; -0.000793783878844; -0.125566104123
26171.1681560419; -0.000802730211947; -0.125745290396
26172.36135688794; -0.00080295011409; -0.125908935881
26173.55455773397; -0.000809313049209; -0.126081780719
26174.74775858; -0.000814873445835; -0.126251604513
26175.94095942604; -0.000822876546954; -0.126423734089
26177.13416027207; -0.000831838160289; -0.126599850468
26178.32736111811; -0.000835770853657; -0.126780215915
26179.52056196414; -0.00084754630769; -0.126968505888
26180.71376281018; -0.000854672988891; -0.127149099699
26181.90696365621; -0.000865126307353; -0.127337152334
26183.10016450225; -0.000873958649858; -0.127531726796
26184.29336534828; -0.000883392546486; -0.12773231269
26185.48656619431; -0.000889997610137; -0.127929083991
26186.67976704035; -0.000899646791171; -0.12812947391
26187.87296788639; -0.000909952516442; -0.12833635444
26189.06616873242; -0.000923169494048; -0.128539503483
26190.25936957845; -0.000931908706674; -0.128750177025
26191.45257042449; -0.000942502259352; -0.128969328295
26192.64577127052; -0.000951326796055; -0.129182634307
26193.83897211656; -0.000964290381343; -0.129401658569
26195.03217296259; -0.000975293837449; -0.129628258668
26196.22537380863; -0.000983282722233; -0.129857986057
26197.41857465466; -0.000999159043137; -0.130091344635
26198.6117755007; -0.00100920918939; -0.130326053648
26199.80497634673; -0.00102409078666; -0.130572726422
26200.99817719276; -0.00103799590983; -0.130815553856
26202.1913780388; -0.00105066298159; -0.131063055173
26203.38457888483; -0.00106451173407; -0.131315596688
26204.57777973087; -0.00107981947285; -0.131557666612
26205.7709805769; -0.00111356376392; -0.131856027721
26206.96418142294; -0.00112979532559; -0.132130694682
26208.15738226897; -0.00113092654691; -0.132393201967
26209.35058311501; -0.00114193481472; -0.132658754825
26210.54378396104; -0.00115689898149; -0.132937827236
26211.73698480708; -0.00117408217293; -0.133227639368
26212.93018565311; -0.00118936196625; -0.133522553238
26214.12338649914; -0.00120485638887; -0.133820444146
26215.31658734518; -0.00122196750717; -0.134124595467
26216.50978819122; -0.00124299217906; -0.134436324098
26217.70298903725; -0.00126112345329; -0.13475681785
26218.89618988328; -0.00128233714971; -0.135065847942
26220.08939072932; -0.0013031889698; -0.135397760026
26221.28259157535; -0.00132382143748; -0.135740260437
26222.47579242139; -0.0013455265793; -0.136084000397
26223.66899326742; -0.00136853369733; -0.136437009799
26224.86219411346; -0.00138975871918; -0.136794670223
26226.05539495949; -0.00141218937725; -0.137153083423
26227.24859580553; -0.00143634277357; -0.137520594249
26228.44179665156; -0.00146485697065; -0.137893382717
26229.63499749759; -0.0014872760514; -0.138284714524
26230.82819834363; -0.00151574916499; -0.138674763297
26232.02139918966; -0.00154678118781; -0.139087360476
26233.2146000357; -0.00157431960539; -0.139498695096
26234.40780088173; -0.00159967477222; -0.139903314222
26235.60100172777; -0.00163124446465; -0.14033542848
26236.7942025738; -0.00166488832361; -0.140772628421
26237.98740341984; -0.00169680683951; -0.141226942511
26239.18060426587; -0.00173300820009; -0.141687404478
26240.3738051119; -0.00176824386207; -0.142162321959
26241.56700595794; -0.00180633108934; -0.142649832434
26242.76020680397; -0.00184210425324; -0.143148792916
26243.95340765001; -0.00188195260052; -0.143648393257
26245.14660849604; -0.0019235526217; -0.144174748989
26246.33980934208; -0.00196966395254; -0.144709254105
26247.53301018811; -0.00201102437904; -0.145259007821
26248.72621103415; -0.00205741665159; -0.145814831359
26249.91941188018; -0.00210467955933; -0.146396509589
26251.11261272621; -0.00215616250651; -0.146991058801
26252.30581357225; -0.00220691941005; -0.147600688492
26253.49901441828; -0.00226752170072; -0.148226359723
26254.69221526432; -0.00232094191785; -0.148875036449
26255.88541611036; -0.0023820557138; -0.149533467489
26257.07861695639; -0.00244194605985; -0.150182855583
26258.27181780242; -0.00250632264011; -0.150870815199
26259.46501864846; -0.00257222562198; -0.151566709625
26260.65821949449; -0.00264405925567; -0.152295575243
26261.85142034052; -0.00271647420131; -0.15307003705
26263.04462118656; -0.00279356936428; -0.153851432982
26264.2378220326; -0.00287343016238; -0.154657346415
26265.43102287863; -0.00296134177301; -0.155509171364
26266.62422372467; -0.00305178865847; -0.156380525772
26267.8174245707; -0.00314709980159; -0.157284154318
26269.01062541673; -0.00324751859672; -0.158219856974
26270.20382626277; -0.00335463197704; -0.159188193286
26271.3970271088; -0.00346618607049; -0.160188325822
26272.59022795484; -0.00358221149261; -0.16119172424
26273.78342880087; -0.00370419854629; -0.162250964039
26274.97662964691; -0.0038333257597; -0.16335105386
26276.16983049294; -0.00397158390901; -0.16449596728
26277.36303133898; -0.00411939552936; -0.165699173729
26278.55623218501; -0.00428209628993; -0.166962124016
26279.74943303104; -0.00444645408458; -0.168250286132
26280.94263387708; -0.00463268266668; -0.169592447983
26282.13583472311; -0.00483737104863; -0.1710461183
26283.32903556915; -0.00504324157617; -0.172543870157
26284.52223641518; -0.00523437101666; -0.174043546465
26285.71543726122; -0.00545802726202; -0.175635377613
26286.90863810725; -0.00570049007209; -0.177303179232
26288.10183895329; -0.00597168881877; -0.179064809267
26289.29503979932; -0.00625249150993; -0.180905374495
26290.48824064535; -0.00653911734635; -0.182766616705
26291.68144149139; -0.00686661010027; -0.18473934078
26292.87464233743; -0.00720610817964; -0.186797798042
26294.06784318346; -0.00758560649103; -0.189033801889
26295.26104402949; -0.00799908318708; -0.191395924485
26296.45424487553; -0.00845489643442; -0.193874368692
26297.64744572156; -0.00894807923083; -0.196517796778
26298.8406465676; -0.00948856405013; -0.199325077362
26300.03384741363; -0.0100602760764; -0.202236459207
26301.22704825967; -0.0107011881849; -0.205372783265
26302.4202491057; -0.0114197353235; -0.208737336454
26303.61344995174; -0.0121987167247; -0.212298917714
26304.80665079777; -0.0130767918183; -0.216159901987
26305.99985164381; -0.0140437736383; -0.220246843534
26307.19305248984; -0.0151103763627; -0.22461362274
26308.38625333587; -0.0163219629177; -0.229361508375
26309.57945418191; -0.0176610144347; -0.234412933891
26310.77265502794; -0.0192033721898; -0.23994924459
26311.96585587398; -0.0209419640077; -0.245911915655
26313.15905672001; -0.0229099173122; -0.252359565679
26314.35225756605; -0.0251167841124; -0.25923023203
26315.54545841208; -0.027626233145; -0.266627667194
26316.73865925812; -0.030641564099; -0.275054975996
26317.93186010415; -0.0341757137725; -0.284390878233
26319.12506095018; -0.0383948954733; -0.294844163336
26320.31826179622; -0.0434236088784; -0.306473652036
26321.51146264225; -0.0495366257361; -0.319524446624
26322.70466348829; -0.0568993746559; -0.334144454248
26323.89786433432; -0.0659754748113; -0.350655008563
26325.09106518036; -0.0774116207152; -0.369543457011
26326.28426602639; -0.092103059752; -0.391318378145
26327.47746687243; -0.111182736606; -0.416260203575
26328.67066771846; -0.137024516341; -0.44526412238
26329.86386856449; -0.172322577945; -0.478554589757
26331.05706941053; -0.221526183179; -0.515175168339
26332.25027025657; -0.291830598927; -0.552634766714
26333.4434711026; -0.390163633905; -0.582653236103
26334.63667194863; -0.529524081374; -0.588678778255
26335.82987279467; -0.701337260542; -0.534311551185
26337.0230736407; -0.875310285168; -0.370153863728
26338.21627448674; -0.956278203596; -0.101830245758
26339.40947533277; -0.884161431111; 0.168734998287
26340.60267617881; -0.708853729147; 0.331820230745
26341.79587702484; -0.529324603132; 0.384727823111
26342.98907787088; -0.389244524344; 0.375711813174
26344.18227871691; -0.290252795366; 0.343420632899
26345.37547956294; -0.222224194203; 0.306198400706
26346.56868040898; -0.174119854774; 0.270293638665
26347.76188125501; -0.139160124204; 0.237597142952
26348.95508210105; -0.113347416077; 0.208715285053
26350.14828294708; -0.0942149871772; 0.184039955578
26351.34148379312; -0.0795554088393; 0.162662743384
26352.53468463915; -0.0679789962725; 0.143840599103
26353.72788548519; -0.0585208096019; 0.126859103219
26354.92108633122; -0.0510275524625; 0.112300100476
26356.11428717725; -0.0447978531169; 0.099089104102
26357.30748802329; -0.0396355606778; 0.0873926397344
26358.50068886932; -0.0353353740041; 0.0769754091732
26359.69388971536; -0.0317404530988; 0.0677400800666
26360.88709056139; -0.0286938766288; 0.0593772504683
26362.08029140743; -0.026067266924; 0.0517574561645
26363.27349225346; -0.0237811277107; 0.0447903172902
26364.4666930995; -0.0217838595543; 0.0383524192215
26365.65989394553; -0.0200402588671; 0.0324109390788
26366.85309479157; -0.018477989853; 0.0266428565431
26368.0462956376; -0.0170727162005; 0.0216847108637
26369.23949648363; -0.0158309556558; 0.0170234084468
26370.43269732967; -0.0147374877101; 0.0127263874197
26371.62589817571; -0.0137624537352; 0.0087039264821
26372.81909902174; -0.0128784378907; 0.00491519799764
26374.01229986777; -0.0120822845661; 0.00140607837841
26375.20550071381; -0.011377523597; -0.00185528018626
26376.39870155984; -0.0107174380335; -0.00496519082442
26377.59190240588; -0.0101187683003; -0.00790040414188
26378.78510325191; -0.00957173781546; -0.0106404105212
26379.97830409795; -0.00906544629915; -0.0132425227188
26381.17150494398; -0.00860384515835; -0.0157119419532
26382.36470579002; -0.00818136433846; -0.018028649173
26383.55790663605; -0.0077898716997; -0.0202412049963
26384.75110748208; -0.00742856785999; -0.0223900924233
26385.94430832812; -0.00708755294556; -0.0244289360933
26387.13750917415; -0.00676329609066; -0.0263416998253
26388.33071002019; -0.00647708691751; -0.0281398123238
26389.52391086622; -0.0062061970092; -0.0298704791177
26390.71711171226; -0.00594594912534; -0.0315319762199
26391.91031255829; -0.00571413067401; -0.0331107895653
26393.10351340433; -0.00549021139922; -0.0346341759354
26394.29671425036; -0.00528325883201; -0.0361005705585
26395.48991509639; -0.00508513008153; -0.0374995675256
26396.68311594243; -0.00490115214374; -0.038851713244
26397.87631678846; -0.00473136102238; -0.0401555473105
26399.0695176345; -0.00457066425621; -0.0413405722287
26400.26271848053; -0.00441701921474; -0.0425164718307
26401.45591932657; -0.00427300764754; -0.0436610090412
26402.6491201726; -0.00413247097599; -0.0447736006408
26403.84232101864; -0.00399747685492; -0.0458597739867
26405.03552186467; -0.00387482806424; -0.0468945647243
26406.2287227107; -0.00375693195598; -0.0478843153018
26407.42192355674; -0.00364726013883; -0.0488462270062
26408.61512440278; -0.00354278955901; -0.0497647348892
26409.80832524881; -0.0034428573529; -0.0506363548161
26411.00152609485; -0.00334896234065; -0.0514811869072
26412.19472694088; -0.00326252782903; -0.0523064599984
26413.38792778691; -0.00317466066707; -0.0530986837365
26414.58112863295; -0.00309324177145; -0.0538954928754
26415.77432947898; -0.00301582922236; -0.054659236088
26416.96753032502; -0.00293882953494; -0.0553999119298
26418.16073117105; -0.00286707343158; -0.0561110127643
26419.35393201709; -0.0027976637525; -0.0567977083864
26420.54713286312; -0.00273248792766; -0.057465809697
26421.74033370916; -0.00266931030062; -0.0581262081928
26422.93353455519; -0.00261434511391; -0.0587454765023
26424.12673540122; -0.00255170570415; -0.0593718060306
26425.31993624726; -0.00249693022411; -0.0599816941932
26426.51313709329; -0.00244093789514; -0.0605778689961
26427.70633793933; -0.00239308494112; -0.0611518423455
26428.89953878536; -0.00234181641615; -0.061723688112
26430.0927396314; -0.00228991826321; -0.0622758338526
26431.28594047743; -0.00224326561523; -0.0628199701031
26432.47914132347; -0.00219782598321; -0.0633453248794
26433.6723421695; -0.00215635188709; -0.0638588979969
26434.86554301553; -0.00211510320931; -0.0643625799557
26436.05874386157; -0.00207451926361; -0.0648462189738
26437.2519447076; -0.00203522878313; -0.065322466186
26438.44514555364; -0.00199482978288; -0.0657899991392
26439.63834639967; -0.00196333603605; -0.0662423453134
26440.83154724571; -0.00192771076457; -0.0666841868297
26442.02474809174; -0.00189308677908; -0.0671214309929
26443.21794893778; -0.00186154757341; -0.0675479773014
26444.41114978381; -0.00183175987855; -0.0679650936972
26445.60435062984; -0.00179992178231; -0.0683771386297
26446.79755147588; -0.00177143475328; -0.068777860811
26447.99075232192; -0.00174247778957; -0.069148013526
26449.18395316795; -0.00171782321782; -0.069519371568
26450.37715401398; -0.00168952945556; -0.069888388189
26451.57035486002; -0.0016620692138; -0.0702574403555
26452.76355570605; -0.00163780015474; -0.0706133306762
26453.95675655209; -0.00161343166729; -0.0709671086814
26455.14995739812; -0.00158860784677; -0.0713027066136
26456.34315824416; -0.00156692927808; -0.0716319727059
26457.53635909019; -0.00154698057305; -0.0719474504233
26458.72955993623; -0.00152449446765; -0.0722737472773
26459.92276078226; -0.00150569047903; -0.0725872944182
26461.11596162829; -0.00148193437472; -0.0729005391068
26462.30916247433; -0.00146329084054; -0.0732056480914
26463.50236332036; -0.00144554175412; -0.0735019351891
26464.6955641664; -0.00142440196843; -0.0737909590626
26465.88876501243; -0.00140798412309; -0.0740813278759
26467.08196585847; -0.00138966476465; -0.074364517998
26468.2751667045; -0.0013728000983; -0.0746397922651
26469.46836755054; -0.00135778034668; -0.0749109418863
26470.66156839657; -0.00134138725149; -0.0751784859104
26471.85476924261; -0.00132359891583; -0.0754427538819
26473.04797008864; -0.00130772159787; -0.0756940650316
26474.24117093467; -0.00129663305164; -0.075950765446
26475.43437178071; -0.00128123695547; -0.0761951536848
26476.62757262674; -0.00126734564915; -0.0764446488413
26477.82077347278; -0.00125190287156; -0.0766847484159
26479.01397431881; -0.00124023193174; -0.0769263560601
26480.20717516485; -0.00122616042875; -0.0771533203945
26481.40037601088; -0.0012163330331; -0.0773790588233
26482.59357685692; -0.00120161192977; -0.07760155911
26483.78677770295; -0.00118856366629; -0.0778226360179
26484.97997854898; -0.00117808411567; -0.0780411881144
26486.17317939502; -0.00116379062234; -0.0782538416838
26487.36638024106; -0.00115384606537; -0.0784666659814
26488.55958108709; -0.00114535278965; -0.078671655993
26489.75278193312; -0.00113194432924; -0.0788826470033
26490.94598277916; -0.0011231781884; -0.0790812800131
26492.13918362519; -0.00111461770817; -0.0792780992343
26493.33238447123; -0.00110106585165; -0.0794754470491
26494.52558531726; -0.00109135214669; -0.0796662088685
26495.7187861633; -0.00108053423144; -0.0798557285687
26496.91198700933; -0.0010707754727; -0.0800393626307
26498.10518785537; -0.0010668698824; -0.0802248924034
26499.2983887014; -0.00105732264625; -0.0804044965002
26500.49158954743; -0.00104670204353; -0.0805875788255
26501.68479039347; -0.00103675381972; -0.0807620303279
26502.8779912395; -0.00102833454431; -0.0809353197866
26504.07119208554; -0.0010217387914; -0.081105916202
26505.26439293157; -0.00101194645114; -0.081277224048
26506.45759377761; -0.00100650815053; -0.081448597216
26507.65079462364; -0.000998511779162; -0.0816159400494
26508.84399546968; -0.000990824211768; -0.0817773533984
26510.03719631571; -0.000982738254853; -0.0819382541077
26511.23039716174; -0.000980300155453; -0.0821053215324
26512.42359800778; -0.000971462170518; -0.082261727341
26513.61679885381; -0.000960730994118; -0.0824150453784
26514.80999969985; -0.000955796556861; -0.0825640145822
26516.00320054589; -0.000945993383375; -0.0827091386052
26517.19640139192; -0.000943192612296; -0.0828520000836
26518.38960223795; -0.000934902462655; -0.0830055712774
26519.58280308399; -0.000929479177258; -0.0831529258298
26520.77600393002; -0.000921260753803; -0.0832939497131
26521.96920477605; -0.000915504521657; -0.0834346571998
26523.16240562209; -0.000909850335448; -0.0835718251037
26524.35560646813; -0.00090430270706; -0.0837107616286
26525.54880731416; -0.000899555830251; -0.0838450107952
26526.7420081602; -0.000891194860428; -0.0839839518566
26527.93520900623; -0.000889176297652; -0.0841124783418
26529.12840985226; -0.000879883199582; -0.0842438042402
26530.3216106983; -0.000876125472586; -0.0843720121012
26531.51481154433; -0.000871280737704; -0.0844963251996
26532.70801239037; -0.000867522481357; -0.0846259855875
26533.9012132364; -0.000862362144046; -0.0847551630523
26535.09441408244; -0.000856319113793; -0.0848785178344
26536.28761492847; -0.000852971902493; -0.0850040847907
26537.48081577451; -0.000850032892288; -0.0851251342114
26538.67401662054; -0.000841220207822; -0.0852457391344
26539.86721746657; -0.000839610630024; -0.0853631824777
26541.06041831261; -0.000834057856216; -0.0854782182295
26542.25361915864; -0.000828446303132; -0.0855936878831
26543.44682000468; -0.000826385534259; -0.0857082029959
26544.64002085071; -0.000823417689152; -0.0858200806858
26545.83322169675; -0.00081788680448; -0.085932298754
26547.02642254278; -0.000810500535952; -0.086043829677
26548.21962338882; -0.00080831315957; -0.0861564184035
26549.41282423485; -0.000801863889499; -0.0862640135189
26550.60602508088; -0.000799544166541; -0.0863695095095
26551.79922592692; -0.000797688491007; -0.0864714699376
26552.99242677295; -0.000794830330531; -0.0865736058419
26554.18562761899; -0.000790270268902; -0.0866759842235
26555.37882846502; -0.000788133346541; -0.0867768588631
26556.57202931106; -0.000781348265186; -0.0868804820959
26557.76523015709; -0.000780008504594; -0.0869799285124
26558.95843100313; -0.000776415198009; -0.0870760415067
26560.15163184916; -0.000770981614615; -0.0871721842252
26561.34483269519; -0.000769916067661; -0.0872699657156
26562.53803354123; -0.000766629442546; -0.0873637231614
26563.73123438727; -0.000762492635056; -0.0874581107526
26564.9244352333; -0.000760320112857; -0.0875527235624
26566.11763607934; -0.000756445265807; -0.0876478072317
26567.31083692537; -0.000754180118382; -0.0877346667047
26568.5040377714; -0.000753085180713; -0.0878259794243
26569.69723861744; -0.000749287330036; -0.0879157791694
26570.89043946347; -0.000744666366531; -0.0880066242794
26572.08364030951; -0.000743671845384; -0.0880941966685
26573.27684115554; -0.000740411250912; -0.0881811673995
26574.47004200158; -0.000737757709113; -0.0882657146834
