% Module: Sweep, ID: c0p1t8p1cfm0
% Devices: DEV646
% Time: 2026/03/19 13:43:50
% Demod 1 Sample X, /dev646/demods/0/sample.X
% Demod 1 Sample Y, /dev646/demods/0/sample.Y
% Frequency (Hz); Demod 1 Sample X  Amplitude (V); Demod 1 Sample Y  Amplitude (V)
21227.49908008245; 4.00184207872e-05; -0.00765913915468
21234.99468049269; 3.85319879549e-05; -0.00767926593715
21242.49028090294; 3.52688075853e-05; -0.0077018408208
21249.9858813132; 3.060412061e-05; -0.00772032256615
21257.48148172345; 2.98334272592e-05; -0.00774721191183
21264.9770821337; 2.53703152278e-05; -0.00776532339138
21272.47268254395; 2.53752318978e-05; -0.00778983772991
21279.9682829542; 2.18318790464e-05; -0.00781151008605
21287.46388336445; 2.0345148902e-05; -0.00783375885906
21294.9594837747; 1.55496692724e-05; -0.00785749791643
21302.45508418495; 1.15929483075e-05; -0.00788123434014
21309.9506845952; 5.97753542575e-06; -0.00790197641365
21317.44628500545; -9.11756726141e-06; -0.0079297569628
21324.9418854157; -1.70237009932e-05; -0.00796034502978
21332.43748582595; -5.84280207877e-06; -0.00797433798854
21339.9330862362; -9.55185463827e-06; -0.00799773693761
21347.42868664645; -1.15166271973e-05; -0.00801970773052
21354.9242870567; -1.50582536663e-05; -0.00804485991987
21362.41988746695; -1.35488822609e-05; -0.0080674495796
21369.9154878772; -2.36157579291e-05; -0.00810144299346
21377.41108828745; -1.18457095046e-05; -0.00812208907711
21384.9066886977; -4.40019937348e-05; -0.00813584495621
21392.40228910795; -3.30213785706e-05; -0.00817704292738
21399.8978895182; -4.3227904134e-05; -0.00820984072115
21407.39348992845; -6.20823661215e-05; -0.00824534418509
21414.8890903387; -5.55150710932e-05; -0.00827480823836
21422.38469074895; -6.31238090777e-05; -0.00830574519343
21429.8802911592; -6.37184801129e-05; -0.00833679287923
21437.37589156945; -6.8258303012e-05; -0.00836846720678
21444.8714919797; -7.40329623125e-05; -0.00840122265583
21452.36709238995; -8.31466108051e-05; -0.00843555760171
21459.8626928002; -8.92211644426e-05; -0.00846524452494
21467.35829321045; -9.56752736278e-05; -0.00849848050501
21474.8538936207; -9.95390397255e-05; -0.00853344572908
21482.34949403095; -0.000107963797918; -0.0085667727894
21489.8450944412; -0.000114205910894; -0.00860001629008
21497.34069485145; -0.000122015331765; -0.00863563896722
21504.8362952617; -0.000129887488136; -0.00867293705492
21512.33189567196; -0.000134888370373; -0.00870966195819
21519.82749608221; -0.000147239617862; -0.0087479978233
21527.32309649246; -0.000153095241016; -0.00878280132782
21534.8186969027; -0.000160414247958; -0.00882538108496
21542.31429731295; -0.000172467904943; -0.00886493012472
21549.8098977232; -0.000179385786422; -0.00890355045184
21557.30549813346; -0.000187144298863; -0.00894405263887
21564.80109854371; -0.000198840772507; -0.008987461734
21572.29669895396; -0.00021081212134; -0.00902754582138
21579.79229936421; -0.000218468372722; -0.00907249881556
21587.28789977446; -0.00022949670956; -0.00911709760962
21594.78350018471; -0.000241727312464; -0.00916524084567
21602.27910059496; -0.000252723858481; -0.00920938116924
21609.77470100521; -0.000267800507609; -0.00925810692209
21617.27030141546; -0.000280157403295; -0.00930558912844
21624.76590182571; -0.000293880151659; -0.00935727982526
21632.26150223596; -0.000310614498943; -0.00940574915807
21639.75710264621; -0.000326932772831; -0.00945792896678
21647.25270305646; -0.000344913652533; -0.00951272429022
21654.74830346671; -0.000360397923286; -0.00956767227684
21662.24390387696; -0.000379445834746; -0.00962150937933
21669.73950428721; -0.000404579890991; -0.00967896306136
21677.23510469746; -0.000424538083214; -0.00973669329125
21684.73070510771; -0.000450464050481; -0.00979470043938
21692.22630551796; -0.000477796514834; -0.00985804191491
21699.72190592821; -0.000511947286619; -0.00991612545553
21707.21750633846; -0.000546519999966; -0.00997375777966
21714.71310674871; -0.000580826991337; -0.0100245372002
21722.20870715896; -0.000613026836457; -0.0100712882085
21729.70430756921; -0.000638454015731; -0.0101146238521
21737.19990797946; -0.000659450039807; -0.0101692969133
21744.69550838971; -0.000673513203046; -0.0102282662891
21752.19110879996; -0.00069471510779; -0.010296235647
21759.68670921021; -0.00072241058979; -0.0103634741547
21767.18230962046; -0.000751417058173; -0.0104334593944
21774.67791003071; -0.000786401435662; -0.010511677631
21782.17351044096; -0.000821454331558; -0.0105874418001
21789.66911085121; -0.000852090201333; -0.0106584657989
21797.16471126146; -0.000893553871828; -0.0107357161986
21804.66031167171; -0.000938479572012; -0.0108144994739
21812.15591208196; -0.000986071299385; -0.0108925928563
21819.65151249222; -0.0010330027242; -0.0109733358812
21827.14711290246; -0.00108405711498; -0.0110508102316
21834.64271331271; -0.00114003285931; -0.0111317912765
21842.13831372296; -0.00119832035398; -0.0112120889912
21849.63391413321; -0.00125727514199; -0.0112942037597
21857.12951454347; -0.00132450452557; -0.0113698838134
21864.62511495372; -0.00139189910594; -0.0114504330488
21872.12071536397; -0.00146374626454; -0.0115232100451
21879.61631577422; -0.00153324298595; -0.0116002401895
21887.11191618447; -0.00160718863197; -0.0116690001538
21894.60751659471; -0.00167775277489; -0.0117433790695
21902.10311700497; -0.0017531315449; -0.0118117569343
21909.59871741522; -0.00182615540695; -0.0118821344904
21917.09431782547; -0.00190182257953; -0.0119479090262
21924.58991823572; -0.00197376809552; -0.0120175711651
21932.08551864597; -0.00204310992495; -0.0120837482659
21939.58111905622; -0.00211111969271; -0.0121507236167
21947.07671946647; -0.00217374490551; -0.012221382887
21954.57231987672; -0.0022375291007; -0.0122945376394
21962.06792028697; -0.00230070190011; -0.0123707509806
21969.56352069722; -0.00235933526346; -0.0124551159663
21977.05912110747; -0.00241706860909; -0.0125432286291
21984.55472151772; -0.00247518643498; -0.0126371733897
21992.05032192797; -0.00253337959443; -0.0127391175601
21999.54592233822; -0.00259254599024; -0.0128475002765
22007.04152274847; -0.00265762586749; -0.0129656391205
22014.53712315872; -0.00272199464216; -0.0130921375246
22022.03272356897; -0.00279162654221; -0.0132296112398
22029.52832397922; -0.00286667366945; -0.0133737426043
22037.02392438947; -0.00294471875652; -0.0135297174199
22044.51952479972; -0.00303279667406; -0.013693123208
22052.01512520997; -0.00312562637185; -0.0138689123905
22059.51072562022; -0.0032283786791; -0.0140517237109
22067.00632603047; -0.00334430481185; -0.0142455752029
22074.50192644072; -0.00346712425904; -0.0144509800653
22081.99752685097; -0.00360976934653; -0.0146664440786
22089.49312726122; -0.00375922511439; -0.0148907024974
22096.98872767147; -0.0039197469045; -0.0151261374738
22104.48432808172; -0.00410345443118; -0.0153710201624
22111.97992849197; -0.00430488430662; -0.0156245433327
22119.47552890223; -0.00452178895953; -0.0158935737901
22126.97112931247; -0.00476163098428; -0.0161727771041
22134.46672972272; -0.00502509181279; -0.0164615815827
22141.96233013297; -0.0053124766803; -0.0167613410504
22149.45793054322; -0.00562931485084; -0.0170697430425
22156.95353095347; -0.00597810974145; -0.017387192949
22164.44913136373; -0.00636253388429; -0.0177169021696
22171.94473177398; -0.00678312321099; -0.018055532379
22179.44033218423; -0.0072505852124; -0.0184048557992
22186.93593259448; -0.00776358093045; -0.018757370161
22194.43153300472; -0.00833372014464; -0.0191141250383
22201.92713341497; -0.00896077340201; -0.0194703350923
22209.42273382523; -0.00966235859908; -0.0198269954727
22216.91833423548; -0.010439025952; -0.0201732524627
22224.41393464573; -0.0112946572614; -0.0204983645215
22231.90953505598; -0.0122531134761; -0.0207988888241
22239.40513546623; -0.0133151512744; -0.0210573767396
22246.90073587648; -0.0144860666761; -0.0212585796041
22254.39633628673; -0.0157822101484; -0.0213799625153
22261.89193669698; -0.0172035124106; -0.0213994475762
22269.38753710723; -0.018751672259; -0.0212725493084
22276.88313751748; -0.0204185030105; -0.020967585028
22284.37873792773; -0.0221921216911; -0.0204368994722
22291.87433833798; -0.024024887126; -0.0196420757484
22299.36993874823; -0.0258730174603; -0.018532002421
22306.86553915848; -0.0276830298286; -0.0170806796668
22314.36113956873; -0.029357806183; -0.0152746764266
22321.85673997898; -0.0308079783573; -0.0131141173997
22329.35234038923; -0.03193546046; -0.0106521097017
22336.84794079948; -0.0326553102539; -0.00796333430704
22344.34354120973; -0.0329118179435; -0.00515888839157
22351.83914161998; -0.0326820632263; -0.00234677241622
22359.33474203023; -0.0319938719757; 0.000339912122933
22366.83034244048; -0.0308978841526; 0.00280684821672
22374.32594285073; -0.0294839128967; 0.00497399095596
22381.82154326098; -0.0278377431451; 0.00680251279332
22389.31714367123; -0.0260581465571; 0.00828720393405
22396.81274408148; -0.0242260557015; 0.00942866841117
22404.30834449173; -0.0224084353738; 0.0102672317998
22411.80394490198; -0.0206479272498; 0.0108435109954
22419.29954531223; -0.0189797338101; 0.0111974516001
22426.79514572248; -0.0174228969986; 0.0113719630784
22434.29074613273; -0.0159813147511; 0.0113947286381
22441.78634654298; -0.0146601612934; 0.0113076945385
22449.28194695323; -0.0134559776119; 0.0111297327857
22456.77754736348; -0.0123616986127; 0.0108886567722
22464.27314777373; -0.0113724205333; 0.0106011435138
22471.76874818399; -0.010476696171; 0.010281542873
22479.26434859424; -0.00966315311649; 0.00994076557188
22486.75994900448; -0.0089351494116; 0.00958924918025
22494.25554941473; -0.00827297476746; 0.00923302309135
22501.75114982498; -0.00767363617035; 0.00887477369354
22509.24675023524; -0.00713179649699; 0.00851805487822
22516.74235064549; -0.00664166397407; 0.00816544474049
22524.23795105574; -0.00619342596892; 0.00782688782388
22531.73355146599; -0.00578922849624; 0.00749030690961
22539.22915187624; -0.00541483682201; 0.00716868771335
22546.72475228649; -0.00507847595938; 0.00685215700831
22554.22035269674; -0.00476441003556; 0.00654911850747
22561.71595310699; -0.00448050120953; 0.00625536653478
22569.21155351724; -0.00421776489954; 0.00597167151538
22576.70715392749; -0.00397773189638; 0.00569792855064
22584.20275433774; -0.00375781894872; 0.00543761540564
22591.69835474799; -0.00354720206535; 0.00518468597781
22599.19395515824; -0.0033575156397; 0.00494101647229
22606.68955556849; -0.0031805609804; 0.00470680394005
22614.18515597874; -0.00301767717584; 0.00448131200674
22621.68075638899; -0.00286329263345; 0.00426335345556
22629.17635679924; -0.00272045474543; 0.0040547815163
22636.67195720949; -0.00258990381073; 0.00385459091064
22644.16755761974; -0.00246439016675; 0.00366254251146
22651.66315802999; -0.00234888264911; 0.00347619443884
22659.15875844024; -0.00224369158937; 0.00329542173091
22666.65435885049; -0.00214253394332; 0.0031220829609
22674.14995926074; -0.00204488243327; 0.00295416791588
22681.64555967099; -0.00195672174486; 0.00279539343358
22689.14116008124; -0.00187176842573; 0.00263824037445
22696.63676049149; -0.00179578514965; 0.00249069426025
22704.13236090174; -0.00171945607638; 0.00234358672672
22711.62796131199; -0.00164825016765; 0.00220569347332
22719.12356172224; -0.00158022489339; 0.00206816271565
22726.61916213249; -0.00151933654923; 0.0019385189115
22734.11476254274; -0.00145602755634; 0.00181330212478
22741.61036295299; -0.00140334668832; 0.00169061992207
22749.10596336324; -0.00134795985453; 0.00157117351342
22756.60156377349; -0.00129643319267; 0.00145625893872
22764.09716418374; -0.00125117722044; 0.00134637650556
22771.592764594; -0.00120312140787; 0.00123615308615
22779.08836500425; -0.0011613353388; 0.00113313736258
22786.58396541449; -0.0011183884405; 0.00103130901439
22794.07956582474; -0.00107746556035; 0.000933256202876
22801.57516623499; -0.00103960607302; 0.000835958830574
22809.07076664524; -0.00100475401518; 0.000741446301838
22816.5663670555; -0.000968845871564; 0.000653800150919
22824.06196746575; -0.000937149552914; 0.000564216944442
22831.557567876; -0.000907762809393; 0.000480835964003
22839.05316828625; -0.000874822246203; 0.000397700990507
22846.5487686965; -0.000847856290263; 0.000314468340961
22854.04436910675; -0.000818104134522; 0.00023690865456
22861.539969517; -0.00079051422981; 0.000156385039149
22869.03556992725; -0.000765415756727; 8.32416090982e-05
22876.5311703375; -0.00074112974232; 9.75482625411e-06
22884.02677074775; -0.000718688051862; -6.33902968058e-05
22891.522371158; -0.00069481452228; -0.000132851424455
22899.01797156825; -0.000673123278972; -0.000198534659466
22906.5135719785; -0.000652076156461; -0.000264063354138
22914.00917238875; -0.000629808254276; -0.000328580655918
22921.504772799; -0.000609278306814; -0.000393335793982
22929.00037320925; -0.000593126148457; -0.000452670725348
22936.4959736195; -0.000574343723169; -0.000514653195994
22943.99157402975; -0.000556256467908; -0.000571406232024
22951.48717444; -0.000541457849666; -0.000629566915412
22958.98277485025; -0.000525260001003; -0.000687559259459
22966.4783752605; -0.000507713318181; -0.00074088905837
22973.97397567075; -0.000493597887843; -0.00079570348103
22981.469576081; -0.000480203472111; -0.000850273686344
22988.96517649125; -0.000468812977407; -0.0009021347842
22996.4607769015; -0.000449973724491; -0.000952672649246
23003.95637731175; -0.000439548053956; -0.00100196947648
23011.451977722; -0.000425860110212; -0.00105144843207
23018.94757813225; -0.000414954975865; -0.00109853460697
23026.4431785425; -0.000400700121082; -0.00114416856256
23033.93877895275; -0.000391197391488; -0.00119168042458
23041.434379363; -0.000378113864667; -0.00123681718056
23048.92997977325; -0.000367444890403; -0.00127771659707
23056.4255801835; -0.000356514101603; -0.00132216823609
23063.92118059375; -0.000347870115616; -0.0013674256989
23071.416781004; -0.000338686091156; -0.00140762774276
23078.91238141425; -0.000326907663187; -0.0014478431793
23086.4079818245; -0.000317032721687; -0.00149008402067
23093.90358223475; -0.000309102975345; -0.00152576567166
23101.399182645; -0.000299709016616; -0.00156278290883
23108.89478305525; -0.000289990796271; -0.00160234441194
23116.39038346551; -0.000284157335342; -0.00163610879426
23123.88598387576; -0.000273974383047; -0.00167574579366
23131.38158428601; -0.000266793651253; -0.00170957476588
23138.87718469626; -0.000259818296975; -0.001744995747
23146.37278510651; -0.000249900188606; -0.00177964752596
23153.86838551675; -0.000243836730514; -0.00181347865147
23161.36398592701; -0.000237183231341; -0.00184858618188
23168.85958633726; -0.000227784646189; -0.00187911829685
23176.35518674751; -0.000221777426096; -0.00191281540677
23183.85078715776; -0.000215609705417; -0.0019485223909
23191.34638756801; -0.000208226626837; -0.00197530455776
23198.84198797826; -0.000203709611942; -0.0020078386435
23206.33758838851; -0.000197500147618; -0.00203886906158
23213.83318879876; -0.000192725412591; -0.0020705771475
23221.32878920901; -0.000185520000373; -0.00209647667909
23228.82438961926; -0.000179946012875; -0.00212585414115
23236.31999002951; -0.0001741432227; -0.00215662194216
23243.81559043976; -0.000168746941879; -0.00218145831801
23251.31119085001; -0.000164127971153; -0.00221154735888
23258.80679126026; -0.000159252815575; -0.00223907681024
23266.30239167051; -0.000152911631582; -0.00226539991734
23273.79799208076; -0.000149309306948; -0.00229362462009
23281.29359249101; -0.000143462019491; -0.00231818346711
23288.78919290126; -0.00013702759148; -0.00234689387881
23296.28479331151; -0.000133704956028; -0.0023693511564
23303.78039372176; -0.000129152150913; -0.00239378494788
23311.27599413201; -0.000127100759971; -0.00241872939632
23318.77159454226; -0.000120910188536; -0.00244298259412
23326.26719495251; -0.0001170140672; -0.00246734561415
23333.76279536276; -0.000112173093362; -0.00249335795218
23341.25839577301; -0.000108272456319; -0.00251795465708
23348.75399618326; -0.000103793240479; -0.00253942081223
23356.24959659351; -9.93124248062e-05; -0.00256062242234
23363.74519700376; -9.70377683018e-05; -0.00258282318318
23371.24079741401; -9.4846230036e-05; -0.00260554297785
23378.73639782426; -9.16230792309e-05; -0.00262823226607
23386.23199823451; -8.77336931499e-05; -0.00264897110081
23393.72759864476; -8.5391377532e-05; -0.00267097368819
23401.22319905501; -8.21648185405e-05; -0.00269218986318
23408.71879946526; -7.717279525e-05; -0.00271311705656
23416.21439987551; -7.296737424e-05; -0.00273098762841
23423.71000028577; -6.8408228013e-05; -0.00275100310647
23431.20560069602; -6.46000037094e-05; -0.00277251380347
23438.70120110627; -6.29610700656e-05; -0.00278948566074
23446.19680151651; -5.86749318455e-05; -0.00281272925573
23453.69240192676; -5.46416825899e-05; -0.00283026940999
23461.18800233702; -5.43219135398e-05; -0.00285018062912
23468.68360274727; -5.23561499004e-05; -0.00286749229031
23476.17920315752; -4.84072635499e-05; -0.00288595048115
23483.67480356777; -4.6371417601e-05; -0.00290449989291
23491.17040397802; -4.23071711691e-05; -0.0029215868596
23498.66600438827; -4.05453411159e-05; -0.00294358365701
23506.16160479852; -3.34734516818e-05; -0.0029589876092
23513.65720520877; -3.51955466811e-05; -0.00297778629883
23521.15280561902; -3.13165696851e-05; -0.0029930393973
23528.64840602927; -3.00518443587e-05; -0.00300926392767
23536.14400643952; -2.70099000103e-05; -0.00303060144053
23543.63960684977; -2.48767639938e-05; -0.00304418457846
23551.13520726002; -2.17359779773e-05; -0.00306087086644
23558.63080767027; -2.08575045992e-05; -0.00307824089761
23566.12640808052; -1.75809179089e-05; -0.00309412399913
23573.62200849077; -1.56356815828e-05; -0.00311029829425
23581.11760890102; -1.31467547559e-05; -0.00312770173021
23588.61320931127; -1.37991541252e-05; -0.00314548923631
23596.10880972152; -9.98603872937e-06; -0.00315951319859
23603.60441013177; -5.8623669346e-06; -0.00317343417632
23611.10001054202; -2.68344715879e-06; -0.00318943648373
23618.59561095227; -2.35349362152e-06; -0.00320602432065
23626.09121136252; -1.78231595491e-06; -0.00322012725402
23633.58681177277; -3.17540367529e-07; -0.00323688071587
23641.08241218302; 3.45732616872e-06; -0.0032496259548
23648.57801259327; 4.37040295505e-06; -0.0032653093125
23656.07361300352; 5.97829557482e-06; -0.00327900163091
23663.56921341377; 6.99623700183e-06; -0.00329325793218
23671.06481382402; 9.58508074066e-06; -0.0033064502267
23678.56041423427; 1.16501432827e-05; -0.00332025222776
23686.05601464452; 1.55746738042e-05; -0.00333590276897
23693.55161505477; 1.55802360101e-05; -0.00334632150365
23701.04721546502; 1.75995505133e-05; -0.00336088848336
23708.54281587527; 1.8013872802e-05; -0.00337487653605
23716.03841628552; 2.11894232454e-05; -0.00338785668881
23723.53401669578; 2.2363241028e-05; -0.0034044770264
23731.02961710603; 2.61456730024e-05; -0.00341568607872
23738.52521751628; 2.58750689471e-05; -0.0034304487182
23746.02081792652; 2.69717683217e-05; -0.00344266973977
23753.51641833677; 2.96392035085e-05; -0.00345385141552
23761.01201874702; 3.11051034247e-05; -0.00346476140235
23768.50761915728; 3.29805252779e-05; -0.00347966930228
23776.00321956753; 3.39034284617e-05; -0.00349277174087
23783.49881997778; 3.45909971184e-05; -0.00350547259773
23790.99442038803; 3.62055133028e-05; -0.00351548841443
23798.49002079828; 3.72530898251e-05; -0.00353038356734
23805.98562120853; 3.97253528106e-05; -0.00354161817899
23813.48122161878; 3.63443622461e-05; -0.00355329666715
23820.97682202903; 4.31187321849e-05; -0.00356547707098
23828.47242243928; 4.42001384467e-05; -0.00357598004847
23835.96802284953; 4.55023160656e-05; -0.00358855707777
23843.46362325978; 4.44239268928e-05; -0.00360008476178
23850.95922367003; 4.63206641005e-05; -0.00361171139757
23858.45482408028; 4.73008920975e-05; -0.0036222689321
23865.95042449053; 4.80818836959e-05; -0.00363290230408
23873.44602490078; 5.04695853653e-05; -0.00364641084485
23880.94162531103; 4.98827829266e-05; -0.00365701568999
23888.43722572128; 5.40354736343e-05; -0.00366771645568
23895.93282613153; 5.28920484166e-05; -0.0036786873632
23903.42842654178; 5.45039893995e-05; -0.00368952324847
23910.92402695203; 5.38848685063e-05; -0.00369916956865
23918.41962736228; 5.83777736067e-05; -0.00370828101185
23925.91522777253; 5.78154971505e-05; -0.00372122389258
23933.41082818278; 5.98998837512e-05; -0.00373133221774
23940.90642859303; 6.26433182546e-05; -0.00374113754525
23948.40202900328; 6.25756612117e-05; -0.00375340871717
23955.89762941353; 6.3429523835e-05; -0.00376342963384
23963.39322982378; 6.18858688662e-05; -0.0037753437022
23970.88883023403; 6.36229846353e-05; -0.00378244051358
23978.38443064428; 6.50311701025e-05; -0.00379141938452
23985.88003105453; 6.42306146226e-05; -0.0038040581329
23993.37563146478; 6.5382641181e-05; -0.00381231823277
24000.87123187503; 6.79512506554e-05; -0.00382061882053
24008.36683228528; 7.0677428764e-05; -0.00383201348857
24015.86243269553; 7.05862650764e-05; -0.00384072127824
24023.35803310578; 6.98309331678e-05; -0.00385196002412
24030.85363351604; 7.02577362249e-05; -0.00385956403946
24038.34923392628; 7.35130993973e-05; -0.00387648484957
24045.84483433653; 6.99458660993e-05; -0.00387837053203
24053.34043474678; 7.34366820657e-05; -0.00388968436995
24060.83603515703; 7.35109328324e-05; -0.00389709584042
24068.33163556729; 7.56434733724e-05; -0.00390816611955
24075.82723597754; 7.94848812704e-05; -0.00391766061004
24083.32283638779; 7.99635315852e-05; -0.00392543289542
24090.81843679804; 7.86733810325e-05; -0.00393364613826
24098.31403720829; 7.90422144711e-05; -0.00394248521046
24105.80963761853; 7.72908688967e-05; -0.00395250487248
24113.30523802878; 8.07024269297e-05; -0.00396240514055
24120.80083843904; 8.10386705452e-05; -0.00396954151842
24128.29643884929; 8.43549788914e-05; -0.00397854932593
24135.79203925954; 8.86736314192e-05; -0.00399339159921
24143.28763966979; 7.91112385887e-05; -0.00398833405524
24150.78324008004; 8.80162088056e-05; -0.0040054159474
24158.27884049029; 8.50356801415e-05; -0.0040126986349
24165.77444090054; 8.62033941987e-05; -0.00402143548587
24173.27004131079; 8.68606840511e-05; -0.00402960113713
24180.76564172104; 8.76994277345e-05; -0.00403744508029
24188.26124213129; 8.69868808547e-05; -0.00404419817031
24195.75684254154; 8.9481850142e-05; -0.00405420055962
24203.25244295179; 9.10530570737e-05; -0.00406153702953
24210.74804336204; 8.88051697285e-05; -0.00407131899326
24218.24364377229; 9.06007931031e-05; -0.00407853179699
