% Module: Sweep, ID: c0p1t8p1cfm0
% Devices: DEV646
% Time: 2026/03/19 11:20:28
% Demod 1 Sample R, /dev646/demods/0/sample.R
% Frequency (Hz); Demod 1 Sample R  Amplitude (V)
% Demod 1 Sample X, /dev646/demods/0/sample.X
% Demod 1 Sample Y, /dev646/demods/0/sample.Y
% Frequency (Hz); Demod 1 Sample X  Amplitude (V); Demod 1 Sample Y  Amplitude (V)
23760.28468823391; 0.0106069489239
23765.66938731447; 0.0106448978424
23771.05408639503; 0.0106817462398
23776.43878547559; 0.0107192796479
23781.82348455615; 0.0107573686936
23787.20818363671; 0.0107952284045
23792.59288271727; 0.0108358010172
23797.97758179783; 0.0108756169198
23803.36228087839; 0.0109149135342
23808.74697995895; 0.0109551086237
23814.13167903951; 0.0109962884413
23819.51637812006; 0.0110395269709
23824.90107720062; 0.0110821142112
23830.28577628118; 0.0111249820788
23835.67047536174; 0.0111689435654
23841.0551744423; 0.0112148484664
23846.43987352286; 0.0112596706615
23851.82457260342; 0.0113069166642
23857.20927168398; 0.0113525461551
23862.59397076454; 0.0114016533741
23867.9786698451; 0.0114483939097
23873.36336892566; 0.0114995354485
23878.74806800622; 0.0115485785716
23884.13276708678; 0.011599489891
23889.51746616734; 0.0116516538191
23894.9021652479; 0.0117051174876
23900.28686432846; 0.0117586458
23905.67156340901; 0.0118133797133
23911.05626248958; 0.0118685157569
23916.44096157013; 0.0119248011248
23921.82566065069; 0.011983423577
23927.21035973125; 0.0120423649509
23932.59505881181; 0.012101513186
23937.97975789237; 0.0121632593198
23943.36445697293; 0.0122248542982
23948.74915605349; 0.0122878524082
23954.13385513405; 0.012354192259
23959.51855421461; 0.0124185402975
23964.90325329517; 0.0124855312687
23970.28795237573; 0.0125547774486
23975.67265145629; 0.0126245538768
23981.05735053685; 0.0126956144778
23986.44204961741; 0.0127695635384
23991.82674869796; 0.0128432891588
23997.21144777853; 0.0129189948927
24002.59614685908; 0.0129951705298
24007.98084593964; 0.0130747780219
24013.3655450202; 0.0131558052902
24018.75024410076; 0.0132390145792
24024.13494318132; 0.0133221451465
24029.51964226188; 0.0134097248065
24034.90434134244; 0.0134958571231
24040.289040423; 0.0135875260345
24045.67373950356; 0.0136794947075
24051.05843858412; 0.0137747584127
24056.44313766468; 0.0138696101334
24061.82783674524; 0.0139692927829
24067.2125358258; 0.0140691982262
24072.59723490636; 0.0141738739859
24077.98193398692; 0.0142821640236
24083.36663306748; 0.0143893186148
24088.75133214804; 0.0145008941306
24094.13603122859; 0.0146161229726
24099.52073030916; 0.0147340808098
24104.90542938971; 0.0148552619455
24110.29012847027; 0.0149793163335
24115.67482755083; 0.0151081354494
24121.05952663139; 0.0152370976455
24126.44422571195; 0.0153728276966
24131.82892479251; 0.0155112364234
24137.21362387307; 0.0156548285054
24142.59832295363; 0.0158008419682
24147.98302203419; 0.0159516317196
24153.36772111475; 0.016106816325
24158.75242019531; 0.016267419513
24164.13711927587; 0.0164342138816
24169.52181835642; 0.016603828661
24174.90651743699; 0.0167813348449
24180.29121651754; 0.0169624141457
24185.67591559811; 0.0171514499524
24191.06061467866; 0.0173458663549
24196.44531375922; 0.0175478254769
24201.83001283978; 0.0177558519166
24207.21471192034; 0.0179702451301
24212.5994110009; 0.0181954689316
24217.98411008146; 0.0184277608874
24223.36880916202; 0.0186683159792
24228.75350824258; 0.0189178203681
24234.13820732314; 0.0191768739501
24239.5229064037; 0.0194486225364
24244.90760548426; 0.0197287994381
24250.29230456482; 0.0200221256207
24255.67700364538; 0.0203269071888
24261.06170272594; 0.020644323777
24266.4464018065; 0.020977010036
24271.83110088706; 0.0213248814537
24277.21579996761; 0.0216880630316
24282.60049904817; 0.0220700396346
24287.98519812873; 0.0224683901474
24293.36989720929; 0.0228894529117
24298.75459628985; 0.023331678064
24304.13929537041; 0.0237993169135
24309.52399445097; 0.0242904214141
24314.90869353153; 0.0248113246562
24320.29339261209; 0.0253612859864
24325.67809169265; 0.0259484475517
24331.06279077321; 0.0265668741491
24336.44748985377; 0.0272309825284
24341.83218893433; 0.027933403215
24347.21688801489; 0.0286868142721
24352.60158709545; 0.0294911990647
24357.986286176; 0.0303531690003
24363.37098525657; 0.0312810678509
24368.75568433712; 0.0322787695124
24374.14038341769; 0.0333612145288
24379.52508249824; 0.0345333605423
24384.9097815788; 0.0358113522811
24390.29448065936; 0.0372079745635
24395.67917973992; 0.0387429690267
24401.06387882048; 0.0404340885266
24406.44857790104; 0.0423105905259
24411.8332769816; 0.0444006948202
24417.21797606216; 0.0467434893656
24422.60267514272; 0.049392210469
24427.98737422328; 0.0524082031274
24433.37207330384; 0.0558685840212
24438.7567723844; 0.0598974431187
24444.14147146496; 0.0646161462008
24449.52617054552; 0.0702326389807
24454.91086962607; 0.0770431676508
24460.29556870664; 0.0854785238922
24465.68026778719; 0.0961803465434
24471.06496686775; 0.11017119579
24476.44966594831; 0.129334882522
24481.83436502887; 0.157116619978
24487.21906410943; 0.200920020699
24492.60376318999; 0.279771372462
24497.98846227055; 0.462071266606
24503.37316135111; 1.06785239382
24508.75786043167; 0.881314766495
24514.14255951223; 0.398496429789
24519.52725859279; 0.248577657833
24524.91195767335; 0.179160330031
24530.29665675391; 0.139332767701
24535.68135583447; 0.113558087342
24541.06605491503; 0.0955218051907
24546.45075399558; 0.0821983244828
24551.83545307615; 0.0719637075365
24557.2201521567; 0.0638668170227
24562.60485123726; 0.057276774726
24567.98955031782; 0.0518305338013
24573.37424939838; 0.0472385809254
24578.75894847894; 0.0433219634115
24584.1436475595; 0.0399388025007
24589.52834664006; 0.0369944902866
24594.91304572062; 0.0344065133618
24600.29774480118; 0.0321083031957
24605.68244388174; 0.0300576010716
24611.0671429623; 0.0282150571348
24616.45184204286; 0.0265496438984
24621.83654112342; 0.0250414886747
24627.22124020398; 0.0236695974844
24632.60593928453; 0.0224134906205
24637.9906383651; 0.0212605990962
24643.37533744565; 0.0201967280969
24648.76003652622; 0.0192166375457
24654.14473560677; 0.0183039050635
24659.52943468733; 0.0174532844898
24664.91413376789; 0.0166609789058
24670.29883284845; 0.0159198661913
24675.68353192901; 0.0152265825321
24681.06823100957; 0.0145744130632
24686.45293009013; 0.0139582974992
24691.83762917069; 0.0133791802764
24697.22232825125; 0.0128299783888
24702.60702733181; 0.0123138686445
24707.99172641237; 0.0118221401075
24713.37642549293; 0.0113585521289
24718.76112457349; 0.0109179836549
24724.14582365405; 0.0104993993611
24729.5305227346; 0.01009924471
24734.91522181516; 0.00971939684807
24740.29992089572; 0.00935636574051
24745.68461997628; 0.00901005297793
24751.06931905684; 0.00867734466072
24756.4540181374; 0.00835772329076
24761.83871721796; 0.00805099561137
24767.22341629852; 0.00776044062486
24772.60811537908; 0.00747892711218
24777.99281445964; 0.00721184670277
24783.3775135402; 0.00695415165319
24788.76221262076; 0.00670690110484
24794.14691170132; 0.00646855909738
24799.53161078188; 0.00623692364094
24804.91630986244; 0.0060167884705
24810.301008943; 0.00580216686195
24815.68570802356; 0.00559484320079
24821.07040710411; 0.00539501355828
24826.45510618468; 0.00520156606029
24831.83980526523; 0.00501496293002
24837.2245043458; 0.00483387364979
24842.60920342635; 0.00465882412866
24847.99390250691; 0.00448898952991
24853.37860158747; 0.00432481517908
24858.76330066803; 0.00416426329961
24864.14799974859; 0.00401040497343
24869.53269882915; 0.0038610006814
24874.91739790971; 0.00371519764574
24880.30209699027; 0.0035737273878
24885.68679607083; 0.00343475545523
24891.07149515139; 0.00330213555612
24896.45619423195; 0.00317245849066
24901.84089331251; 0.00304508862579
24907.22559239306; 0.00292350975549
24912.61029147363; 0.00280355502404
24917.99499055418; 0.0026877742154
24923.37968963474; 0.00257506024095
24928.7643887153; 0.00246688163523
24934.14908779586; 0.00236002558963
24939.53378687642; 0.00225569489274
24944.91848595698; 0.00215025592388
24950.30318503754; 0.00205045478267
24955.6878841181; 0.00194966701365
24961.07258319866; 0.00185404856019
24966.45728227922; 0.00176070016528
24971.84198135978; 0.00167033878068
24977.22668044034; 0.00158199027336
24982.6113795209; 0.0014941959189
24987.99607860146; 0.0014100984222
24993.38077768202; 0.00132404524171
24998.76547676258; 0.00124393783715
25004.15017584314; 0.00116441078707
25009.53487492369; 0.00108724765705
25014.91957400425; 0.00101014027941
25020.30427308481; 0.000935707879121
25025.68897216537; 0.000861830640387
25031.07367124593; 0.000792256202054
25036.45837032649; 0.000722518362778
25041.84306940705; 0.000652800776488
25047.22776848761; 0.00058743097654
25052.61246756817; 0.000522419692909
25057.99716664873; 0.000460793877744
25063.38186572929; 0.00040062859896
25068.76656480985; 0.000341404435616
25074.15126389041; 0.000286498927934
25079.53596297097; 0.000235901043108
25084.92066205153; 0.000191080275304
25090.30536113209; 0.000157673183909
25095.69006021264; 0.00014188083461
25101.07475929321; 0.000147913005406
25106.45945837376; 0.000171875577215
25111.84415745432; 0.000208083830402
25117.22885653488; 0.000250166309402
25122.61355561544; 0.000294566383999
25127.998254696; 0.000340421714398
25133.38295377656; 0.000387572729641
25138.76765285712; 0.00043470062033
25144.15235193768; 0.000480152537984
25149.53705101824; 0.000527886234323
25154.9217500988; 0.000573494071142
25160.30644917936; 0.000619162659446
25165.69114825992; 0.000665316952712
25171.07584734048; 0.000709820691787
25176.46054642104; 0.000752059106717
25181.84524550159; 0.000794396380752
25187.22994458216; 0.000836971059696
25192.61464366271; 0.000879919896059
25197.99934274327; 0.000921569415979
25203.38404182383; 0.000961793944024
25208.76874090439; 0.00100186334487
25214.15343998495; 0.00104154273068
25219.53813906551; 0.00108099498875
25224.92283814607; 0.00112053034557
25230.30753722663; 0.00115809718587
25235.69223630719; 0.00119552156912
25241.07693538775; 0.00123275459336
25246.46163446831; 0.00126804259098
25251.84633354887; 0.00130599840139
25257.23103262943; 0.00134159506262
25262.61573170999; 0.00137660509295
25268.00043079055; 0.00140981722692
25273.38512987111; 0.00144489852135
25278.76982895167; 0.00147818729234
25284.15452803222; 0.00151067007234
25289.53922711279; 0.00154413229637
25294.92392619334; 0.00157530704447
25300.3086252739; 0.00160923444071
25305.69332435446; 0.00163971330062
25311.07802343502; 0.00167199660745
25316.46272251558; 0.00170209337417
25321.84742159614; 0.00173248438651
25327.2321206767; 0.00176341003367
25332.61681975726; 0.00179244341305
25338.00151883782; 0.00182196383116
25343.38621791838; 0.00185204003715
25348.77091699894; 0.00187976464745
25354.1556160795; 0.00190815747015
25359.54031516005; 0.00193694393818
25364.92501424062; 0.00196405575747
25370.30971332117; 0.0019910900471
25375.69441240174; 0.00201799622412
25381.07911148229; 0.00204482716408
25386.46381056285; 0.00207048453293
25391.84850964341; 0.00209658202199
25397.23320872397; 0.00212290435316
25402.61790780453; 0.0021489772024
25408.00260688509; 0.0021743011581
25413.38730596565; 0.00219933583224
25418.77200504621; 0.00222297628531
25424.15670412677; 0.00224770355141
25429.54140320733; 0.00227195123177
25434.92610228789; 0.00229575127359
25440.31080136845; 0.00231848967906
25445.69550044901; 0.00234155585979
25451.08019952957; 0.00236487810587
25456.46489861013; 0.00238695709336
25461.84959769069; 0.00240993458749
25467.23429677125; 0.00243364255914
25472.6189958518; 0.00245433460164
25478.00369493236; 0.00247725550544
25483.38839401292; 0.00249944087021
25488.77309309348; 0.00252097367384
25494.15779217404; 0.00254270661866
25499.5424912546; 0.00256253032639
25504.92719033516; 0.00258337345041
25510.31188941572; 0.0026037019487
25515.69658849628; 0.00262482420987
25521.08128757684; 0.00264526057968
25526.4659866574; 0.00266455626201
25531.85068573796; 0.00268512205103
25537.23538481852; 0.00270402210861
25542.62008389908; 0.00272414254107
25548.00478297963; 0.00274230320765
25553.3894820602; 0.00276221289737
25558.77418114075; 0.00278169983758
25564.15888022132; 0.00280033424999
25569.54357930187; 0.00281698792657
25574.92827838243; 0.00283532492574
25580.31297746299; 0.00285349938511
25585.69767654355; 0.00287371431485
25591.08237562411; 0.00289029749891
25596.46707470467; 0.00290709980407
25601.85177378523; 0.00292502088139
25607.23647286579; 0.00294257207393
25612.62117194635; 0.00296020373748
25618.00587102691; 0.00297771391884
25623.39057010747; 0.00299453087733
25628.77526918803; 0.00301097257558
25634.15996826858; 0.0030288730438
25639.54466734915; 0.00304503289139
23760.28468823391; -2.07860248871e-05; -0.0106069285571
23765.66938731447; -2.01612043984e-05; -0.01064487875
23771.05408639503; -2.1092286523e-05; -0.0106817254152
23776.43878547559; -1.9722626765e-05; -0.0107192615039
23781.82348455615; -1.98890588519e-05; -0.0107573503074
23787.20818363671; -1.85235787567e-05; -0.0107952125122
23792.59288271727; -1.91117334106e-05; -0.0108357841629
23797.97758179783; -1.89974305467e-05; -0.0108756003275
23803.36228087839; -1.78148393211e-05; -0.0109148989959
23808.74697995895; -1.8479927979e-05; -0.010955093037
23814.13167903951; -1.76021124385e-05; -0.0109962743532
23819.51637812006; -1.81436664589e-05; -0.0110395120612
23824.90107720062; -1.84063796285e-05; -0.0110820989255
23830.28577628118; -1.71583763637e-05; -0.0111249688468
23835.67047536174; -1.69285420469e-05; -0.0111689307362
23841.0551744423; -1.64977806363e-05; -0.0112148363318
23846.43987352286; -1.66639856893e-05; -0.0112596583304
23851.82457260342; -1.64172106813e-05; -0.0113069047456
23857.20927168398; -1.62738467619e-05; -0.0113525344908
23862.59397076454; -1.66084093043e-05; -0.0114016412776
23867.9786698451; -1.53894449275e-05; -0.0114483835661
23873.36336892566; -1.65961404666e-05; -0.0114995234728
23878.74806800622; -1.55980593804e-05; -0.0115485680378
23884.13276708678; -1.53992004378e-05; -0.0115994796692
23889.51746616734; -1.54998265866e-05; -0.0116516435096
23894.9021652479; -1.50212980711e-05; -0.0117051078491
23900.28686432846; -1.49449597873e-05; -0.0117586363027
23905.67156340901; -1.50557850393e-05; -0.0118133701192
23911.05626248958; -1.51051742665e-05; -0.0118685061446
23916.44096157013; -1.48085547457e-05; -0.01192479193
23921.82566065069; -1.46560797558e-05; -0.0119834146146
23927.21035973125; -1.41172082419e-05; -0.0120423566762
23932.59505881181; -1.34812912332e-05; -0.0121015056769
23937.97975789237; -1.40245548278e-05; -0.0121632512345
23943.36445697293; -1.31846110565e-05; -0.0122248471884
23948.74915605349; -1.2731082688e-05; -0.012287845813
23954.13385513405; -1.25414975396e-05; -0.0123541858932
23959.51855421461; -1.39894838323e-05; -0.012418532418
23964.90325329517; -1.21277361364e-05; -0.0124855253786
23970.28795237573; -1.43595028648e-05; -0.0125547692367
23975.67265145629; -1.19709471391e-05; -0.0126245482012
23981.05735053685; -1.28198286606e-05; -0.0126956080052
23986.44204961741; -1.19387642472e-05; -0.0127695579574
23991.82674869796; -1.15832650241e-05; -0.0128432839353
23997.21144777853; -1.23829598706e-05; -0.0129189889581
24002.59614685908; -1.17521907069e-05; -0.0129951652157
24007.98084593964; -1.21656280023e-05; -0.013074772362
24013.3655450202; -1.15457385559e-05; -0.0131558002238
24018.75024410076; -1.18336974198e-05; -0.0132390092904
24024.13494318132; -1.18504181415e-05; -0.0133221398758
24029.51964226188; -1.16716671575e-05; -0.013409719727
24034.90434134244; -1.19167747339e-05; -0.0134958518618
24040.289040423; -1.17038463954e-05; -0.0135875209939
24045.67373950356; -1.24349323379e-05; -0.0136794890557
24051.05843858412; -1.17264031278e-05; -0.0137747534214
24056.44313766468; -1.29920648467e-05; -0.0138696040484
24061.82783674524; -1.17174544157e-05; -0.0139692878686
24067.2125358258; -1.08787522658e-05; -0.0140691940203
24072.59723490636; -1.17475363925e-05; -0.0141738691177
24077.98193398692; -1.27056125177e-05; -0.014282158372
24083.36663306748; -1.22268147041e-05; -0.0143893134202
24088.75133214804; -1.16808514293e-05; -0.014500889426
24094.13603122859; -1.20578588151e-05; -0.0146161179989
24099.52073030916; -1.38759296683e-05; -0.0147340742759
24104.90542938971; -1.32797669578e-05; -0.0148552560098
24110.29012847027; -1.2064724882e-05; -0.0149793114748
24115.67482755083; -1.2453874556e-05; -0.0151081303164
24121.05952663139; -1.28703135937e-05; -0.01523709221
24126.44422571195; -1.26978631627e-05; -0.0153728224524
24131.82892479251; -1.47922422951e-05; -0.0155112293701
24137.21362387307; -1.26860698293e-05; -0.0156548233652
24142.59832295363; -1.45319934895e-05; -0.0158008352857
24147.98302203419; -1.59765434602e-05; -0.0159516237189
24153.36772111475; -1.64485325744e-05; -0.0161068079262
24158.75242019531; -1.67918773293e-05; -0.0162674108463
24164.13711927587; -1.66752655171e-05; -0.0164342054216
24169.52181835642; -1.89639937316e-05; -0.0166038178312
24174.90651743699; -1.83937282195e-05; -0.0167813247644
24180.29121651754; -1.92748707062e-05; -0.0169624031944
24185.67591559811; -2.0813347502e-05; -0.0171514373239
24191.06061467866; -2.29959980771e-05; -0.0173458511116
24196.44531375922; -2.37248900499e-05; -0.0175478094387
24201.83001283978; -2.51886129264e-05; -0.0177558340502
24207.21471192034; -2.47787153605e-05; -0.0179702280467
24212.5994110009; -2.71992934467e-05; -0.0181954486023
24217.98411008146; -2.87504484474e-05; -0.0184277384595
24223.36880916202; -3.12419828743e-05; -0.018668289837
24228.75350824258; -3.16025820752e-05; -0.0189177939717
24234.13820732314; -3.39384914184e-05; -0.0191768439185
24239.5229064037; -3.60851547023e-05; -0.01944858906
24244.90760548426; -3.90265718028e-05; -0.0197287608378
24250.29230456482; -4.25506522384e-05; -0.0200220804067
24255.67700364538; -4.61498422472e-05; -0.0203268547999
24261.06170272594; -4.71610869083e-05; -0.0206442699082
24266.4464018065; -5.29956308766e-05; -0.0209769430927
24271.83110088706; -5.61153894721e-05; -0.0213248076211
24277.21579996761; -5.90003941575e-05; -0.0216879827788
24282.60049904817; -6.33678803861e-05; -0.0220699486629
24287.98519812873; -6.95181469901e-05; -0.0224682826011
24293.36989720929; -7.48084747721e-05; -0.0228893306649
24298.75459628985; -7.98845891117e-05; -0.0233315413064
24304.13929537041; -8.76963565667e-05; -0.02379915534
24309.52399445097; -9.4924085573e-05; -0.0242902359374
24314.90869353153; -0.000102254152617; -0.0248111139468
24320.29339261209; -0.00011083508472; -0.0253610437969
24325.67809169265; -0.000120995251665; -0.0259481654552
24331.06279077321; -0.000130547265738; -0.0265665533983
24336.44748985377; -0.00014328292211; -0.0272306055656
24341.83218893433; -0.000157644394103; -0.0279329583721
24347.21688801489; -0.000173894483314; -0.0286862872082
24352.60158709545; -0.00018844309497; -0.029490597001
24357.986286176; -0.000208958094863; -0.0303524497343
24363.37098525657; -0.000230315519823; -0.0312802199586
24368.75568433712; -0.0002550764028; -0.032277761652
24374.14038341769; -0.000283631521438; -0.0333600088129
24379.52508249824; -0.000315975251291; -0.0345319149481
24384.9097815788; -0.000353811978845; -0.0358096044279
24390.29448065936; -0.000393502306213; -0.037205893714
24395.67917973992; -0.000445456791445; -0.0387404080677
24401.06387882048; -0.00050397557581; -0.040430947597
24406.44857790104; -0.000573358748169; -0.0423067055015
24411.8332769816; -0.000656035700245; -0.0443958479779
24417.21797606216; -0.000755641959876; -0.0467373812199
24422.60267514272; -0.000875993381966; -0.049384441787
24427.98737422328; -0.00102630566548; -0.0523981531327
24433.37207330384; -0.00121150249994; -0.0558554468447
24438.7567723844; -0.00144674625277; -0.0598799684155
24444.14147146496; -0.00175056519431; -0.0645924289011
24449.52617054552; -0.00214853680812; -0.0701997675764
24454.91086962607; -0.00268883470989; -0.0769962326973
24460.29556870664; -0.00343968762905; -0.0854092886974
24465.68026778719; -0.00452585050787; -0.0960738036011
24471.06496686775; -0.00617171099303; -0.109998192554
24476.44966594831; -0.00884115333114; -0.12903234418
24481.83436502887; -0.0135563026062; -0.156530696456
24487.21906410943; -0.0230333651458; -0.199595387742
24492.60376318999; -0.0463690830057; -0.275902027884
24497.98846227055; -0.130934198504; -0.443132137273
24503.37316135111; -0.781902280853; -0.727280934845
24508.75786043167; -0.517764295569; 0.713187108602
24514.14255951223; -0.108827252577; 0.383348449391
24519.52725859279; -0.0442551896107; 0.244606480222
24524.91195767335; -0.0239646197171; 0.177550333311
24530.29665675391; -0.0150967283694; 0.138512486614
24535.68135583447; -0.0104437747092; 0.113076818007
24541.06605491503; -0.00769424622201; 0.0952114165526
24546.45075399558; -0.00593232227704; 0.0819839746547
24551.83545307615; -0.00473283634865; 0.0718079066851
24557.2201521567; -0.00388149259556; 0.0637487594534
24562.60485123726; -0.0032502187226; 0.0571844821719
24567.98955031782; -0.00277118012224; 0.0517563985886
24573.37424939838; -0.00239726048766; 0.0471777137005
24578.75894847894; -0.00209914148951; 0.0432710771628
24584.1436475595; -0.00185796863277; 0.0398955623817
24589.52834664006; -0.00166071009222; 0.036957196235
24594.91304572062; -0.00149583071852; 0.0343739821985
24600.29774480118; -0.00135634759379; 0.0320796423813
24605.68244388174; -0.00123899509144; 0.0300320540979
24611.0671429623; -0.00113832765823; 0.0281920850464
24616.45184204286; -0.00105122757326; 0.0265288241677
24621.83654112342; -0.000974348767402; 0.0250225258422
24627.22124020398; -0.000905914347315; 0.023652254951
24632.60593928453; -0.000848338864583; 0.0223974302759
24637.9906383651; -0.000795983056574; 0.021245693326
24643.37533744565; -0.000748031601718; 0.0201828708202
24648.76003652622; -0.000706068290636; 0.0192036617896
24654.14473560677; -0.000668126554353; 0.0182917070686
24659.52943468733; -0.000634726227038; 0.017441739079
24664.91413376789; -0.000602888464634; 0.0166500673752
24670.29883284845; -0.000573913030575; 0.0159095180123
24675.68353192901; -0.00054840621445; 0.0152167035271
24681.06823100957; -0.000524425146978; 0.0145649749194
24686.45293009013; -0.000503925134237; 0.0139491981323
24691.83762917069; -0.000482690151255; 0.0133704702642
24697.22232825125; -0.000463003473292; 0.0128216213188
24702.60702733181; -0.000446414064913; 0.0123057740706
24707.99172641237; -0.000430474686056; 0.0118143001598
24713.37642549293; -0.000415213531174; 0.0113509604963
24718.76112457349; -0.000401335548579; 0.0109106047892
24724.14582365405; -0.000388806634607; 0.0104921978796
24729.5305227346; -0.000377591395005; 0.0100921835323
24734.91522181516; -0.000363932357266; 0.00971258093041
24740.29992089572; -0.000354850593257; 0.009349634267
24745.68461997628; -0.00034471229634; 0.00900345645283
24751.06931905684; -0.000334827831358; 0.0086708823475
24756.4540181374; -0.00032553098353; 0.00835138121412
24761.83871721796; -0.000317942622802; 0.0080447152108
24767.22341629852; -0.000310027771898; 0.00775424538383
24772.60811537908; -0.000302375467178; 0.00747281204274
24777.99281445964; -0.000295393050005; 0.00720579459951
24783.3775135402; -0.000288832920304; 0.00694815088781
24788.76221262076; -0.000282219834486; 0.00670096070688
24794.14691170132; -0.000277050168341; 0.00646262330641
24799.53161078188; -0.000270317488334; 0.00623106290759
24804.91630986244; -0.000265076246377; 0.00601094652134
24810.301008943; -0.00026083334774; 0.0057963010842
24815.68570802356; -0.000253967066145; 0.00558907605698
24821.07040710411; -0.000248401366233; 0.00538929198089
24826.45510618468; -0.000245278490673; 0.00519577982035
24831.83980526523; -0.000241082190721; 0.00500916485721
24837.2245043458; -0.000236742037947; 0.00482807287327
24842.60920342635; -0.000232463506577; 0.00465302084456
24847.99390250691; -0.000228952455128; 0.00448314708357
24853.37860158747; -0.000225177561309; 0.00431894910818
24858.76330066803; -0.000221453929746; 0.00415837071284
24864.14799974859; -0.000217548208437; 0.00400450007216
24869.53269882915; -0.000215050009887; 0.00385500710182
24874.91739790971; -0.000211770984776; 0.00370915712756
24880.30209699027; -0.000207277357284; 0.00356771124665
24885.68679607083; -0.000205016718654; 0.00342863138618
24891.07149515139; -0.000202329460275; 0.00329593113103
24896.45619423195; -0.000199891632737; 0.00316615479883
24901.84089331251; -0.000197122355723; 0.00303870161677
24907.22559239306; -0.000194463946104; 0.00291703497821
24912.61029147363; -0.000191225918617; 0.00279702581698
24917.99499055418; -0.000189278021709; 0.0026811012781
24923.37968963474; -0.000185656264371; 0.00256835881372
24928.7643887153; -0.000185994128282; 0.00245985999327
24934.14908779586; -0.000182298305556; 0.0023529743117
24939.53378687642; -0.00018205067162; 0.00224833649664
24944.91848595698; -0.000179850680121; 0.00214272123036
24950.30318503754; -0.000176869365852; 0.0020428122878
24955.6878841181; -0.000175623298099; 0.00194174095113
24961.07258319866; -0.000173619633946; 0.00184590148335
24966.45728227922; -0.000171451421696; 0.00175233258316
24971.84198135978; -0.000169381439683; 0.00166172848869
24977.22668044034; -0.000168498004569; 0.00157299130559
24982.6113795209; -0.000166643541077; 0.00148487419476
24987.99607860146; -0.000164460929234; 0.00140047497766
24993.38077768202; -0.000162831016773; 0.00131399462026
24998.76547676258; -0.000160888287319; 0.0012334894818
25004.15017584314; -0.000161271067014; 0.00115318867666
25009.53487492369; -0.0001595563064; 0.00107547629116
25014.91957400425; -0.00015748035598; 0.000997789217003
25020.30427308481; -0.000156746175484; 0.00092248570261
25025.68897216537; -0.000153377870554; 0.000848072686469
25031.07367124593; -0.000154167672014; 0.000777111458285
25036.45837032649; -0.000152800740924; 0.000706176124011
25041.84306940705; -0.00014982442018; 0.000635375083633
25047.22776848761; -0.000150068018299; 0.000567939030251
25052.61246756817; -0.000148976325604; 0.000500727860168
25057.99716664873; -0.000147786192569; 0.000436451874841
25063.38186572929; -0.000146341869267; 0.000372944140059
25068.76656480985; -0.000145626170588; 0.000308787964626
25074.15126389041; -0.000144858472646; 0.000247179405716
25079.53596297097; -0.000143721656499; 0.000187065196102
25084.92066205153; -0.000143081576636; 0.000126646492403
25090.30536113209; -0.000142621952459; 6.72295441071e-05
25095.69006021264; -0.000141395242503; 1.17284537398e-05
25101.07475929321; -0.000140925240299; -4.49258702163e-05
25106.45945837376; -0.000139346225549; -0.000100617311971
25111.84415745432; -0.000138828406182; -0.000155001787448
25117.22885653488; -0.000138697200628; -0.000208197667849
25122.61355561544; -0.000137233281533; -0.000260646083842
25127.998254696; -0.000135274982238; -0.000312390177205
25133.38295377656; -0.000134527714657; -0.000363476154308
25138.76765285712; -0.000134328764122; -0.000413425219895
25144.15235193768; -0.000133243699985; -0.000461294457096
25149.53705101824; -0.000133142907337; -0.000510819775081
25154.9217500988; -0.000131853597564; -0.000558130879314
25160.30644917936; -0.00013102133494; -0.000605141147702
25165.69114825992; -0.000131450913436; -0.000652201889696
25171.07584734048; -0.000130771602159; -0.000697670554458
25176.46054642104; -0.000129155290045; -0.00074088582862
25181.84524550159; -0.000129263495395; -0.000783809006397
25187.22994458216; -0.000127821842054; -0.000827153027839
25192.61464366271; -0.000126960350901; -0.000870712405321
25197.99934274327; -0.000125750819266; -0.000912949571401
25203.38404182383; -0.000126194096889; -0.000953479229281
25208.76874090439; -0.000125300895181; -0.000993996905161
25214.15343998495; -0.000124773335406; -0.00103404200814
25219.53813906551; -0.000124732521698; -0.00107377463359
25224.92283814607; -0.000123890924259; -0.00111366031366
25230.30753722663; -0.00012378201162; -0.00115146302829
25235.69223630719; -0.000122397708183; -0.00118923951467
25241.07693538775; -0.000122585120798; -0.00122664451884
25246.46163446831; -0.000121557819465; -0.00126220272106
25251.84633354887; -0.000120805990137; -0.00130039906843
25257.23103262943; -0.000119753010357; -0.00133623969727
25262.61573170999; -0.00012006541579; -0.00137135913526
25268.00043079055; -0.00012010294506; -0.00140469210004
25273.38512987111; -0.00011954441868; -0.00143994474511
25278.76982895167; -0.000118774360147; -0.00147340772449
25284.15452803222; -0.000118255112562; -0.00150603446037
25289.53922711279; -0.000118212865155; -0.00153960068434
25294.92392619334; -0.000117134705574; -0.00157094613055
25300.3086252739; -0.000117052456738; -0.00160497171549
25305.69332435446; -0.000116743134896; -0.0016355521235
25311.07802343502; -0.000116463119901; -0.00166793554943
25316.46272251558; -0.000116255633552; -0.00169811851237
25321.84742159614; -0.000115849540508; -0.00172860667402
25327.2321206767; -0.00011477649686; -0.00175967079382
25332.61681975726; -0.000113115878932; -0.00178887064566
25338.00151883782; -0.000114181255804; -0.00181838247981
25343.38621791838; -0.000113259466596; -0.00184857366433
25348.77091699894; -0.000113344924842; -0.00187634433348
25354.1556160795; -0.000113212166957; -0.00190479603531
25359.54031516005; -0.000113802250302; -0.0019335979074
25364.92501424062; -0.000113050761647; -0.00196079946546
25370.30971332117; -0.000112289346475; -0.0019879211952
25375.69441240174; -0.000112786762764; -0.00201484190613
25381.07911148229; -0.000110907369525; -0.00204181725096
25386.46381056285; -0.000110679989585; -0.0020675241573
25391.84850964341; -0.0001108195122; -0.00209365116737
25397.23320872397; -0.000110333710321; -0.00212003522731
25402.61790780453; -0.000110550792135; -0.00214613176175
25408.00260688509; -0.000110792929393; -0.00217147656052
25413.38730596565; -0.000110164826171; -0.00219657501899
25418.77200504621; -0.000108956067475; -0.00222030451524
25424.15670412677; -0.000107976078692; -0.00224510855449
25429.54140320733; -0.000109110396737; -0.00226932970739
25434.92610228789; -0.000108540167521; -0.0022931840184
25440.31080136845; -0.000107369261714; -0.00231600220931
25445.69550044901; -0.000108157568453; -0.00233905660148
25451.08019952957; -0.000107760881842; -0.00236242164906
25456.46489861013; -0.000106187874718; -0.00238459394883
25461.84959769069; -0.000108978605694; -0.00240746928941
25467.23429677125; -0.000108141455997; -0.00243123868247
25472.6189958518; -0.000106617542493; -0.00245201774799
25478.00369493236; -0.000106090072484; -0.00247498277484
25483.38839401292; -0.000105251378252; -0.00249722382077
25488.77309309348; -0.000106283282013; -0.00251873224622
25494.15779217404; -0.000103849139876; -0.00254058503199
25499.5424912546; -0.000105850634541; -0.00256034320294
25504.92719033516; -0.000104527970777; -0.00258125788863
25510.31188941572; -0.000106018803972; -0.00260154259063
25515.69658849628; -0.000103888736931; -0.0026227674817
25521.08128757684; -0.000104013987598; -0.00264321482759
25526.4659866574; -0.000104726236314; -0.00266249741574
25531.85068573796; -0.000103522630212; -0.00268312569478
25537.23538481852; -0.00010422232374; -0.00270201281845
25542.62008389908; -0.00010440933929; -0.00272214093572
25548.00478297963; -0.000103413926581; -0.0027403526128
25553.3894820602; -0.000101921516573; -0.00276033188129
25558.77418114075; -0.000103906130959; -0.0027797585331
25564.15888022132; -0.000103829084535; -0.00279840873227
25569.54357930187; -0.000103522194536; -0.00281508510239
25574.92827838243; -0.000103279396639; -0.00283344327643
25580.31297746299; -0.000102562828557; -0.00285165559053
25585.69767654355; -0.000102522909708; -0.00287188492394
25591.08237562411; -0.000101041124004; -0.00288853082439
25596.46707470467; -0.000101616453807; -0.002905323281
25601.85177378523; -0.0001019625902; -0.00292324319665
25607.23647286579; -0.000101458351327; -0.00294082243823
25612.62117194635; -0.000102580636581; -0.0029584258281
25618.00587102691; -0.000100561210875; -0.002976015394
25623.39057010747; -0.000100180920999; -0.00299285465038
25628.77526918803; -9.99551417447e-05; -0.00300931301472
25634.15996826858; -0.000101034302272; -0.00302718747111
25639.54466734915; -0.000100236854013; -0.00304338263824
