% Module: Sweep, ID: c0p1t8p1cfm0
% Devices: DEV646
% Time: 2026/03/19 13:59:52
% Demod 1 Sample X, /dev646/demods/0/sample.X
% Demod 1 Sample Y, /dev646/demods/0/sample.Y
% Frequency (Hz); Demod 1 Sample X  Amplitude (V); Demod 1 Sample Y  Amplitude (V)
21262.21294579689; -0.000131872345147; -0.00698827581009
21270.30758932071; -0.000131214788189; -0.00700474229015
21278.40223284454; -0.000131663406586; -0.00702074934749
21286.49687636835; -0.000134304658346; -0.00703831676797
21294.59151989217; -0.000134774963586; -0.0070569389895
21302.68616341599; -0.000136531670885; -0.00707178615887
21310.78080693981; -0.000137222272221; -0.00709137895142
21318.87545046363; -0.0001381385058; -0.00710995871385
21326.97009398745; -0.000139011959832; -0.00712702315389
21335.06473751127; -0.000139201689312; -0.00714469114388
21343.15938103509; -0.000141494144461; -0.00716313359094
21351.25402455891; -0.000141893879951; -0.00718237126368
21359.34866808273; -0.000143783010796; -0.0072027161082
21367.44331160655; -0.000143258804885; -0.00722007122895
21375.53795513037; -0.000144854499311; -0.00723896593511
21383.63259865419; -0.000146502981894; -0.00725688511229
21391.72724217801; -0.000145746799096; -0.00727798433601
21399.82188570183; -0.0001470534219; -0.00730030764029
21407.91652922564; -0.000147910222808; -0.0073202985814
21416.01117274946; -0.000150235870687; -0.00734092165864
21424.10581627328; -0.000154790175272; -0.00736018741377
21432.2004597971; -0.000157965464456; -0.00738034574468
21440.29510332092; -0.000157951541219; -0.00740156915771
21448.38974684474; -0.000157547116946; -0.00742370197564
21456.48439036856; -0.00016214774836; -0.0074449440041
21464.57903389238; -0.00016354628477; -0.00746749226329
21472.6736774162; -0.000162711444265; -0.00749032991188
21480.76832094002; -0.000164571731709; -0.00751159103432
21488.86296446384; -0.000166744123743; -0.00753695043841
21496.95760798766; -0.00016880008435; -0.00755990800139
21505.05225151148; -0.000167629528229; -0.00758511067555
21513.1468950353; -0.000169862424037; -0.00760889578266
21521.24153855912; -0.000171503426197; -0.00763445822962
21529.33618208293; -0.00017198871457; -0.0076586471397
21537.43082560676; -0.000174435487776; -0.00768530784689
21545.52546913057; -0.000175911416642; -0.00771011471017
21553.62011265439; -0.000178508298278; -0.00773712873589
21561.71475617821; -0.000178744587224; -0.00776315271269
21569.80939970203; -0.000178760499686; -0.00779123781147
21577.90404322585; -0.000182188626557; -0.00781910858474
21585.99868674967; -0.000184422901131; -0.0078448681863
21594.09333027349; -0.00018489978755; -0.00787356844104
21602.18797379731; -0.000185578346107; -0.00790199025723
21610.28261732113; -0.000188568586678; -0.00793173115092
21618.37726084495; -0.000191054644645; -0.00796139291129
21626.47190436877; -0.000191938180122; -0.00799182223573
21634.56654789259; -0.00019514708748; -0.0080212867851
21642.66119141641; -0.000198118413115; -0.00805305023401
21650.75583494023; -0.000198524247336; -0.00808495176696
21658.85047846405; -0.000202467150908; -0.0081155286736
21666.94512198786; -0.00020454462528; -0.00814994057626
21675.03976551168; -0.000206936178729; -0.00818272937638
21683.13440903551; -0.000208382098453; -0.00821537181912
21691.22905255932; -0.000211807787756; -0.00825138127535
21699.32369608314; -0.000213348742436; -0.00828701107725
21707.41833960696; -0.000215120059067; -0.00832276131424
21715.51298313078; -0.000218932677156; -0.00835707602184
21723.6076266546; -0.000220835030283; -0.00839612613013
21731.70227017842; -0.00022413119742; -0.00843369176558
21739.79691370224; -0.000226502998564; -0.00847178310495
21747.89155722606; -0.000230438345832; -0.00851076068508
21755.98620074988; -0.000233564682805; -0.00854941724467
21764.0808442737; -0.00023710919689; -0.0085911533713
21772.17548779752; -0.000239447722116; -0.00863126856511
21780.27013132134; -0.000243624608852; -0.00867559857139
21788.36477484515; -0.000247042794347; -0.00871530292662
21796.45941836898; -0.000249161705064; -0.0087630090275
21804.5540618928; -0.000253430270455; -0.00880639345243
21812.64870541661; -0.000257730719721; -0.00885235528793
21820.74334894044; -0.000262441083848; -0.00890112192221
21828.83799246425; -0.000266535343805; -0.00894865641454
21836.93263598807; -0.00027080498237; -0.00899877689234
21845.02727951189; -0.000275983246688; -0.00904931927918
21853.12192303571; -0.00027920699029; -0.00910003299018
21861.21656655953; -0.000284504600814; -0.00915253897227
21869.31121008335; -0.000289554073519; -0.00920574913935
21877.40585360717; -0.000295443454673; -0.00926136775125
21885.50049713099; -0.000302140079059; -0.00931657816712
21893.59514065481; -0.000306335089035; -0.0093721782989
21901.68978417863; -0.000313177887006; -0.00943296106127
21909.78442770245; -0.000318334464726; -0.00949409603196
21917.87907122627; -0.000326190194278; -0.0095547007415
21925.97371475009; -0.000332826389919; -0.00961859506476
21934.06835827391; -0.000339437923772; -0.00968456674839
21942.16300179773; -0.000346746044419; -0.0097506717939
21950.25764532154; -0.000348763476637; -0.0098176574896
21958.35228884536; -0.000357977370656; -0.00988686425049
21966.44693236918; -0.000365032723529; -0.00995907158528
21974.541575893; -0.000374724104679; -0.0100328156201
21982.63621941682; -0.000382380620974; -0.0101089824866
21990.73086294064; -0.000391574956593; -0.0101872308544
21998.82550646446; -0.000403200308979; -0.0102670577467
22006.92014998828; -0.000413228693895; -0.0103493512016
22015.0147935121; -0.000423075556284; -0.0104341318706
22023.10943703592; -0.000432179997972; -0.0105193773416
22031.20408055974; -0.000447405418053; -0.0106117735375
22039.29872408356; -0.000458859096966; -0.0107033002437
22047.39336760738; -0.000471814480875; -0.0107993792897
22055.4880111312; -0.000486379180628; -0.0108990839012
22063.58265465502; -0.000501563435975; -0.011000271303
22071.67729817883; -0.000516083236265; -0.0111068359248
22079.77194170266; -0.000532461231975; -0.0112125708816
22087.86658522647; -0.0005495159109; -0.0113237923068
22095.96122875029; -0.000567333746848; -0.0114412553847
22104.05587227411; -0.000586049474018; -0.0115613409153
22112.15051579793; -0.000605472253339; -0.0116856394818
22120.24515932175; -0.000627924490637; -0.0118129803988
22128.33980284557; -0.000648644473173; -0.0119459613728
22136.43444636939; -0.00067171512091; -0.0120848808343
22144.52908989321; -0.00069836378751; -0.0122293304641
22152.62373341703; -0.00072424804889; -0.0123791726253
22160.71837694085; -0.000751679148949; -0.0125336080816
22168.81302046467; -0.000783493145763; -0.0126950040685
22176.90766398849; -0.00081433128693; -0.0128626614995
22185.00230751231; -0.000850449054597; -0.0130380686271
22193.09695103613; -0.000886059473369; -0.0132194974515
22201.19159455995; -0.000926468971547; -0.0134113404308
22209.28623808377; -0.00097044495688; -0.0136114624454
22217.38088160758; -0.00101497526445; -0.0138202673984
22225.47552513141; -0.00106415005567; -0.0140379705891
22233.57016865522; -0.00111517882866; -0.0142670325323
22241.66481217904; -0.00117239339015; -0.0145086473625
22249.75945570286; -0.00123500737403; -0.0147616429743
22257.85409922668; -0.00130140330915; -0.0150283869142
22265.9487427505; -0.00137390759597; -0.0153077025012
22274.04338627432; -0.00145235531273; -0.0156033535969
22282.13802979814; -0.00153972287407; -0.0159148629375
22290.23267332196; -0.00163339914516; -0.0162448065546
22298.32731684578; -0.00173772859609; -0.0165945758676
22306.4219603696; -0.00185193675333; -0.0169669929287
22314.51660389342; -0.00197636418473; -0.0173599956411
22322.61124741724; -0.00211358597755; -0.0177791511085
22330.70589094106; -0.00226658683317; -0.0182257385666
22338.80053446488; -0.00243735593015; -0.0187023968874
22346.8951779887; -0.00262832342135; -0.0192133653969
22354.98982151251; -0.00284254895146; -0.0197612840197
22363.08446503634; -0.00308365591115; -0.0203473507501
22371.17910856015; -0.00335429088419; -0.0209798488251
22379.27375208397; -0.00366416632933; -0.0216633872391
22387.36839560779; -0.0040187025987; -0.0224010383179
22395.46303913161; -0.00442242164285; -0.0232033004605
22403.55768265543; -0.00489215612287; -0.0240763564989
22411.65232617925; -0.00543961301199; -0.0250312504731
22419.74696970307; -0.00607938314611; -0.0260758628355
22427.84161322689; -0.00683694919321; -0.0272216354148
22435.93625675071; -0.00773490770771; -0.0284772079563
22444.03090027453; -0.00881382382066; -0.0298516364261
22452.12554379835; -0.0101192009683; -0.0313559362305
22460.22018732217; -0.0117136174797; -0.0329982329558
22468.31483084599; -0.0136853816341; -0.0347830604509
22476.40947436981; -0.0161467365423; -0.036692566418
22484.50411789363; -0.0192439767409; -0.0386801637806
22492.59876141744; -0.0231765591198; -0.040654352572
22500.69340494126; -0.0281849808161; -0.0424155272455
22508.78804846509; -0.0345413463114; -0.0435958403256
22516.8826919889; -0.0424522827063; -0.0435594342211
22524.97733551272; -0.051839248123; -0.0413046480207
22533.07197903654; -0.0619620009866; -0.0355765514166
22541.16662256036; -0.0709548443621; -0.0254217800363
22549.26126608418; -0.0760739695827; -0.0113456831998
22557.355909608; -0.0752876023189; 0.00400539062083
22565.45055313182; -0.0689999494618; 0.0171662820714
22573.54519665564; -0.0596503966881; 0.0261066674181
22581.63984017946; -0.0497932074654; 0.0308617561441
22589.73448370328; -0.0409172980097; 0.0325343580496
22597.8291272271; -0.0335377733114; 0.0323212854401
22605.92377075092; -0.0276241811882; 0.0310958024817
22614.01841427473; -0.0229502999187; 0.0293955507821
22622.11305779856; -0.0192603113608; 0.0275300468206
22630.20770132238; -0.016330607515; 0.0256621638567
22638.30234484619; -0.0139842608385; 0.0238687954972
22646.39698837001; -0.0120905996135; 0.0221933723367
22654.49163189383; -0.0105488689345; 0.0206534620886
22662.58627541765; -0.00927839487419; 0.0192428707663
22670.68091894147; -0.00822188104538; 0.0179508516237
22678.77556246529; -0.00733454287096; 0.0167680521192
22686.87020598911; -0.00658191710926; 0.0156859536024
22694.96484951293; -0.00593958035391; 0.0146948234227
22703.05949303675; -0.00538735274537; 0.0137838772186
22711.15413656057; -0.00491266434001; 0.0129485750933
22719.24878008439; -0.00449500052952; 0.0121794135689
22727.34342360821; -0.00413257810125; 0.011467240153
22735.43806713203; -0.00381361402653; 0.0108125290916
22743.53271065585; -0.00353180075986; 0.0102032790364
22751.62735417967; -0.00328059290634; 0.0096363139538
22759.72199770348; -0.00305528946527; 0.00911041787757
22767.81664122731; -0.00285339630632; 0.00861807897052
22775.91128475112; -0.00267272111159; 0.00815763310165
22784.00592827494; -0.00250986585665; 0.00772570870974
22792.10057179876; -0.00236263804856; 0.00731951949134
22800.19521532258; -0.0022289142603; 0.00693840140355
22808.2898588464; -0.00210611514152; 0.00657971654287
22816.38450237022; -0.0019933413047; 0.00624033951555
22824.47914589404; -0.00189004759957; 0.0059203966905
22832.57378941786; -0.00179664053355; 0.00561636474121
22840.66843294168; -0.00170960149765; 0.00532881043561
22848.7630764655; -0.00163086008881; 0.00505508058743
22856.85771998932; -0.0015543119886; 0.00479655179706
22864.95236351314; -0.00148627629697; 0.00455097533416
22873.04700703696; -0.00142173922826; 0.00431598285938
22881.14165056078; -0.00136452171533; 0.00409279283174
22889.2362940846; -0.00130866242716; 0.00387968656919
22897.33093760841; -0.0012561973522; 0.00367459239876
22905.42558113224; -0.00120823541043; 0.00348068472027
22913.52022465605; -0.00116285353725; 0.0032921906388
22921.61486817987; -0.00112098124004; 0.00311338701986
22929.70951170369; -0.00108194933002; 0.0029422647387
22937.80415522751; -0.00104459926351; 0.00277696527357
22945.89879875133; -0.0010097557019; 0.00261920297159
22953.99344227515; -0.000977634956379; 0.00246719187013
22962.08808579897; -0.000945193790056; 0.00232165618505
22970.18272932279; -0.000915024465822; 0.00218108258367
22978.27737284661; -0.00088654982993; 0.00204488460897
22986.37201637043; -0.000862220741222; 0.00191291057278
22994.46665989425; -0.000836022652646; 0.00178784190966
23002.56130341807; -0.00081361094502; 0.00166619943582
23010.65594694189; -0.000788390975488; 0.00154857702684
23018.7505904657; -0.000768720126433; 0.00143634779499
23026.84523398953; -0.00074793598103; 0.00132631040188
23034.93987751334; -0.000729643832161; 0.00122041674602
23043.03452103716; -0.000709860207117; 0.00111625337945
23051.12916456099; -0.000692543052653; 0.0010167829384
23059.2238080848; -0.000676456268333; 0.000920093548326
23067.31845160862; -0.00066037211975; 0.000825171569027
23075.41309513244; -0.000647026717616; 0.000737678468965
23083.50773865626; -0.000631687456413; 0.000647623914037
23091.60238218008; -0.000618978225118; 0.000563010926472
23099.6970257039; -0.000604549955741; 0.000480065430453
23107.79166922772; -0.000592747013482; 0.000399469353019
23115.88631275154; -0.000580396276819; 0.000319546348426
23123.98095627536; -0.000569855398208; 0.000244187982963
23132.07559979918; -0.000558081196551; 0.000168477680782
23140.170243323; -0.000546294170286; 9.61925179811e-05
23148.26488684682; -0.000535959375871; 2.66997992623e-05
23156.35953037064; -0.000526289109715; -4.39655831913e-05
23164.45417389446; -0.000516605225795; -0.000110730096697
23172.54881741828; -0.00050790661236; -0.000174470927336
23180.64346094209; -0.000498108786101; -0.000239696487323
23188.73810446591; -0.000488899194154; -0.000301182022056
23196.83274798973; -0.000480662060629; -0.000362276541273
23204.92739151355; -0.000473315507571; -0.000421267961749
23213.02203503737; -0.000465721628729; -0.000477936385795
23221.11667856119; -0.000457717943426; -0.000534775237917
23229.21132208501; -0.000448632508997; -0.000590485843686
23237.30596560883; -0.000443632959123; -0.000644685678333
23245.40060913265; -0.000435416884931; -0.000697918389485
23253.49525265647; -0.000430128032625; -0.000747639123514
23261.58989618029; -0.000423290029525; -0.000800625817858
23269.68453970411; -0.000416672585973; -0.000848848907313
23277.77918322793; -0.000411611393623; -0.000895563278937
23285.87382675175; -0.000406540766827; -0.000943875975119
23293.96847027557; -0.00039969698959; -0.000989564935612
23302.06311379938; -0.00039526916828; -0.00103542369874
23310.15775732321; -0.000390147738654; -0.0010802236836
23318.25240084702; -0.00038483322946; -0.00112398093856
23326.34704437084; -0.000379402730725; -0.00116627561325
23334.44168789466; -0.000375912546775; -0.00120734655062
23342.53633141848; -0.000369040603342; -0.0012486361946
23350.6309749423; -0.000364322926388; -0.00129124954336
23358.72561846612; -0.000360733799798; -0.00132899447935
23366.82026198994; -0.000357276269981; -0.00136797848939
23374.91490551376; -0.00035274554037; -0.00140701800077
23383.00954903758; -0.000349367900259; -0.00144422662498
23391.1041925614; -0.000344472860711; -0.00147983832825
23399.19883608522; -0.000342374360136; -0.00151596654751
23407.29347960904; -0.000337123342938; -0.00155109466857
23415.38812313286; -0.000334727546247; -0.00158485033798
23423.48276665668; -0.000329896111603; -0.00162075151274
23431.5774101805; -0.000326849004916; -0.00165444791038
23439.67205370431; -0.000323566504872; -0.00168774170246
23447.76669722814; -0.000320753098288; -0.00172082548804
23455.86134075196; -0.000316892018472; -0.00175217368399
23463.95598427577; -0.000314603557972; -0.00178430794899
23472.05062779959; -0.000311223316717; -0.00181323764914
23480.14527132341; -0.000307600986679; -0.00184401523087
23488.23991484723; -0.000305318878863; -0.00187451188216
23496.33455837105; -0.0003035091135; -0.00190317144974
23504.42920189487; -0.000299018750106; -0.00193343066632
23512.52384541869; -0.00029655469846; -0.00196103167827
23520.61848894251; -0.000294960726397; -0.00198867182456
23528.71313246633; -0.000291132029103; -0.00201566459996
23536.80777599015; -0.000289191415911; -0.00204307287362
23544.90241951397; -0.000286506975357; -0.00206991929908
23552.99706303779; -0.000284342510749; -0.0020968881352
23561.0917065616; -0.000282907533711; -0.00212320870144
23569.18635008543; -0.000279965070355; -0.00214831841306
23577.28099360925; -0.000277895370916; -0.00217286453341
23585.37563713306; -0.0002749759901; -0.00219892673373
23593.47028065688; -0.000272944243548; -0.00222345441903
23601.5649241807; -0.000271008536308; -0.00224783101882
23609.65956770452; -0.000270852216481; -0.00227133846556
23617.75421122834; -0.000267135222367; -0.00229340381402
23625.84885475216; -0.000265555479014; -0.00231801070159
23633.94349827598; -0.00026301662619; -0.00234141096852
23642.0381417998; -0.000260616978086; -0.00236318026505
23650.13278532362; -0.000259717325769; -0.00238369014633
23658.22742884744; -0.0002578204748; -0.00240499071528
23666.32207237126; -0.000256681605118; -0.0024278989341
23674.41671589508; -0.000254643618426; -0.00245090788443
23682.5113594189; -0.000252252659235; -0.00247289171059
23690.60600294272; -0.000250987936345; -0.00249169953102
23698.70064646654; -0.000250608483839; -0.00251140461151
23706.79528999035; -0.000248487739191; -0.0025316679386
23714.88993351418; -0.00024764286523; -0.00255220111155
23722.98457703799; -0.000245892909872; -0.00257198480578
23731.07922056181; -0.000243435159997; -0.00259190533536
23739.17386408563; -0.000241828762341; -0.00261212310077
23747.26850760945; -0.000240132612042; -0.002631595586
23755.36315113327; -0.000240007713983; -0.00264900765617
23763.45779465709; -0.000238657780952; -0.00266778067673
23771.55243818091; -0.000236863700165; -0.0026859150018
23779.64708170473; -0.000235546055017; -0.00270464074647
23787.74172522855; -0.000234310254696; -0.00272197330708
23795.83636875237; -0.000233046414363; -0.00274092067107
23803.93101227619; -0.000232843268574; -0.00275705371243
23812.02565580001; -0.00022968287154; -0.00277560932524
23820.12029932383; -0.00022923417848; -0.00279253211361
23828.21494284765; -0.00022790897508; -0.00280918117499
23836.30958637147; -0.000226635642323; -0.00282477385487
23844.40422989528; -0.000224117645793; -0.00284255255428
23852.49887341911; -0.00022456511745; -0.00285859669437
23860.59351694292; -0.000224401044006; -0.00287517912073
23868.68816046674; -0.000223681227538; -0.00289067196603
23876.78280399057; -0.000220697247936; -0.00290640273092
23884.87744751438; -0.0002217725456; -0.00292284065064
23892.9720910382; -0.000220055640954; -0.00293677293341
23901.06673456202; -0.000219568250204; -0.00295280583253
23909.16137808584; -0.00021726919658; -0.00296808752678
23917.25602160966; -0.000216674605567; -0.00298325356096
23925.35066513348; -0.000215955854234; -0.00299671118222
23933.4453086573; -0.000214842032444; -0.00301325148613
23941.53995218112; -0.000213065601828; -0.0030267043476
23949.63459570494; -0.000212852096405; -0.00304160397237
23957.72923922876; -0.000212500959787; -0.00305407836949
23965.82388275258; -0.000210378720296; -0.00306900958167
23973.9185262764; -0.000210201500451; -0.00308238243065
23982.01316980022; -0.000210264425715; -0.00309628051646
23990.10781332404; -0.000208906033361; -0.00311143414867
23998.20245684786; -0.000207955574073; -0.00312607240506
24006.29710037167; -0.000205850327403; -0.0031391227791
24014.39174389549; -0.000207027696365; -0.00315185033826
24022.48638741931; -0.000206990359172; -0.00316688791553
24030.58103094313; -0.00020509969049; -0.00317694817701
24038.67567446695; -0.000203689617744; -0.00318995957493
24046.77031799077; -0.000203385082612; -0.0032034590341
24054.86496151459; -0.000203116113103; -0.00321735230811
24062.95960503841; -0.000201761878731; -0.0032290632258
24071.05424856223; -0.000202046467654; -0.00324133113313
24079.14889208605; -0.000201417663234; -0.00325369222224
24087.24353560987; -0.000199734515613; -0.00326695829422
24095.33817913369; -0.000199011647708; -0.0032772903043
24103.43282265751; -0.000197370748956; -0.00328998751742
24111.52746618133; -0.000197116138237; -0.00330367888226
24119.62210970515; -0.000196380244148; -0.0033141553661
24127.71675322896; -0.000195184416877; -0.0033259126932
24135.81139675278; -0.000192935494725; -0.00333730811639
24143.9060402766; -0.00019679012795; -0.00334798661487
24152.00068380042; -0.000193877153043; -0.00336093008036
24160.09532732424; -0.000193017328834; -0.00337139801097
24168.18997084806; -0.000192910753158; -0.00338408320835
24176.28461437188; -0.000192687401849; -0.00339429499966
24184.3792578957; -0.000192101749561; -0.00340630230509
24192.47390141952; -0.000191165782556; -0.00341504116599
24200.56854494334; -0.00019133902322; -0.00342781050241
24208.66318846716; -0.000189755758285; -0.00343739801207
24216.75783199098; -0.000188985228633; -0.00344886111398
24224.8524755148; -0.00018741369601; -0.00346031307187
24232.94711903862; -0.000190494691753; -0.00347025228001
24241.04176256244; -0.000187847854158; -0.00348133815262
24249.13640608625; -0.000187666780462; -0.0034908009295
24257.23104961008; -0.000187761089128; -0.00349973275194
24265.32569313389; -0.000187015794451; -0.00351110927104
24273.42033665771; -0.000187547063378; -0.00352198202299
24281.51498018154; -0.000187298905096; -0.0035302574804
24289.60962370535; -0.000186803737708; -0.00354104993973
24297.70426722917; -0.000186329234414; -0.00355012912878
24305.79891075299; -0.000186572073723; -0.00356153016984
24313.89355427681; -0.000185847854335; -0.00356776113879
24321.98819780063; -0.000185860499045; -0.00357690534757
24330.08284132445; -0.000185105539111; -0.00358471603844
24338.17748484827; -0.000184581811506; -0.00359606621357
24346.27212837209; -0.000183997242865; -0.00360368979413
24354.36677189591; -0.000182431873528; -0.00361446651664
24362.46141541973; -0.000182994168619; -0.00362354118243
24370.55605894355; -0.000182962848553; -0.00363255958879
24378.65070246737; -0.000183634375275; -0.00364183720013
24386.74534599118; -0.000181197020318; -0.00365154164705
24394.83998951501; -0.000180833563585; -0.00365906689458
24402.93463303883; -0.000179494458141; -0.003667362068
24411.02927656264; -0.000179769983495; -0.00367579406643
24419.12392008647; -0.000180134059577; -0.00368418894385
24427.21856361028; -0.000177801552574; -0.00369351289226
24435.3132071341; -0.000178786444873; -0.00370299279558
24443.40785065792; -0.000177865293893; -0.00371159701752
24451.50249418174; -0.000178186305661; -0.0037202642858
24459.59713770556; -0.000178498748121; -0.00372752257229
24467.69178122938; -0.000177564203609; -0.00373764428538
24475.7864247532; -0.000177305533444; -0.00374467264474
24483.88106827702; -0.000175173130293; -0.0037559592274
24491.97571180084; -0.000182730852178; -0.00375007425757
