% Module: Sweep, ID: c0p1t8p1cfm0
% Devices: DEV646
% Time: 2026/03/19 15:07:17
% Demod 1 Sample X, /dev646/demods/0/sample.X
% Demod 1 Sample Y, /dev646/demods/0/sample.Y
% Frequency (Hz); Demod 1 Sample X  Amplitude (V); Demod 1 Sample Y  Amplitude (V)
21285.65019739776; 0.000427102862711; -0.00750966223736
21291.75596130829; 0.000427683666538; -0.0075261842826
21297.86172521882; 0.000428150155198; -0.00753972016206
21303.96748912935; 0.000426137186557; -0.00755529676601
21310.07325303988; 0.000424866138876; -0.00757040871329
21316.17901695041; 0.00042632676659; -0.00758330558813
21322.28478086094; 0.000424508159455; -0.00760046665188
21328.39054477147; 0.000423962688492; -0.00761637567447
21334.496308682; 0.000422510223885; -0.00763210210964
21340.60207259253; 0.000421119636094; -0.00765003252682
21346.70783650306; 0.00042076968775; -0.00766400540966
21352.81360041359; 0.000422305225895; -0.00768189581993
21358.91936432412; 0.000421540665015; -0.00769991406569
21365.02512823465; 0.000421463816514; -0.00771561255439
21371.13089214518; 0.000417673766362; -0.00773177036131
21377.23665605571; 0.000419213060066; -0.00774800060796
21383.34241996624; 0.000416314315695; -0.00776854439218
21389.44818387677; 0.00041621561641; -0.00778446794737
21395.5539477873; 0.000414395759127; -0.00780019938362
21401.65971169783; 0.000414765844541; -0.00782029101897
21407.76547560836; 0.000412615374543; -0.00783723083999
21413.87123951889; 0.000411828908069; -0.00785543615672
21419.97700342942; 0.000413906263808; -0.007873018497
21426.08276733995; 0.000409139222353; -0.00789433380427
21432.18853125048; 0.000408419336703; -0.00790962221867
21438.29429516101; 0.000406997121181; -0.00792899939916
21444.40005907154; 0.000406659070187; -0.00794656487268
21450.50582298207; 0.000403236699913; -0.00796528086537
21456.6115868926; 0.000403569913529; -0.00798584857279
21462.71735080313; 0.000403412477412; -0.00800468117109
21468.82311471366; 0.000399941045917; -0.00802431997159
21474.92887862419; 0.000398416627555; -0.00804542116481
21481.03464253472; 0.000398948027416; -0.00806510652283
21487.14040644525; 0.000397669694922; -0.00808563304737
21493.24617035578; 0.000395966848466; -0.00810558097435
21499.35193426631; 0.000393307121344; -0.00812684666609
21505.45769817684; 0.000392751837626; -0.00814699410474
21511.56346208737; 0.000392123533436; -0.00817161732083
21517.6692259979; 0.000393548609047; -0.00819148705295
21523.77498990843; 0.000389302767619; -0.00821460981955
21529.88075381896; 0.00038521526009; -0.00823546291575
21535.98651772949; 0.000385521750221; -0.00825988221397
21542.09228164002; 0.000384071914163; -0.00828055297987
21548.19804555055; 0.000383249888887; -0.00830268914497
21554.30380946108; 0.00037988130589; -0.0083260371554
21560.40957337161; 0.000379073766563; -0.00834828360557
21566.51533728214; 0.000377426446555; -0.00837144420034
21572.62110119267; 0.000374233329007; -0.00839664261044
21578.7268651032; 0.000374843636019; -0.00842338298894
21584.83262901373; 0.000371969965971; -0.0084462184734
21590.93839292426; 0.000369730678749; -0.00847125155978
21597.04415683479; 0.000365618289461; -0.00849609537854
21603.14992074532; 0.000365359543415; -0.00852324702498
21609.25568465585; 0.000363900349034; -0.00854880984062
21615.36144856638; 0.000361010815366; -0.00857499124684
21621.46721247691; 0.00035850966769; -0.00860013402817
21627.57297638744; 0.00035626582408; -0.00862683313988
21633.67874029797; 0.00035469453128; -0.0086560451826
21639.7845042085; 0.000352342415451; -0.0086831543982
21645.89026811903; 0.000347041304782; -0.00871174314403
21651.99603202956; 0.000345010451871; -0.00873925688329
21658.10179594009; 0.000343439362354; -0.00876768736756
21664.20755985062; 0.000339418239675; -0.00879847085022
21670.31332376115; 0.000337131107274; -0.00882769914219
21676.41908767168; 0.000332229775699; -0.00885983505282
21682.52485158221; 0.00033128068312; -0.00888853385205
21688.63061549274; 0.00032979099362; -0.00892133253045
21694.73637940327; 0.000326520445005; -0.00895208673172
21700.8421433138; 0.000321611843599; -0.00898480890181
21706.94790722433; 0.000318863788519; -0.00901633390885
21713.05367113486; 0.00031684010727; -0.00904947051998
21719.15943504539; 0.000312853735498; -0.00908300216612
21725.26519895592; 0.000307728806579; -0.00911698224638
21731.37096286645; 0.000305281340214; -0.00915134359297
21737.47672677698; 0.00030259762254; -0.00918737206779
21743.58249068751; 0.000299172202291; -0.00922261215024
21749.68825459804; 0.000293528719556; -0.00925993456247
21755.79401850858; 0.000289564029389; -0.0092966892191
21761.8997824191; 0.00028608126216; -0.00933254684198
21768.00554632963; 0.000280016612506; -0.00937107678371
21774.11131024017; 0.000279984812916; -0.00940698365477
21780.21707415069; 0.000274106991119; -0.00945122750331
21786.32283806122; 0.000267214054856; -0.00948866830952
21792.42860197175; 0.000261996620388; -0.009530988521
21798.53436588229; 0.000258093170758; -0.00956943459043
21804.64012979281; 0.000253971444949; -0.00961157663837
21810.74589370334; 0.00024719465961; -0.00965662341967
21816.85165761388; 0.000244446363855; -0.00969830555951
21822.95742152441; 0.000236981392824; -0.00974256006378
21829.06318543493; 0.000231103611464; -0.00978825307434
21835.16894934547; 0.000226067537895; -0.00983262595457
21841.274713256; 0.000220583267962; -0.00987894692304
21847.38047716652; 0.000212448197574; -0.00992811589688
21853.48624107705; 0.000206768705258; -0.00997712323083
21859.59200498759; 0.000201764698749; -0.0100261909983
21865.69776889812; 0.000196437910608; -0.0100761505725
21871.80353280864; 0.000185989578228; -0.0101280153763
21877.90929671918; 0.000179254219977; -0.0101808924013
21884.01506062971; 0.000171215389747; -0.0102327858161
21890.12082454023; 0.000165141084214; -0.0102881482352
21896.22658845077; 0.000157785194514; -0.0103428206835
21902.3323523613; 0.000148582557181; -0.0104008475608
21908.43811627183; 0.00014039391364; -0.0104589560203
21914.54388018235; 0.000131396041051; -0.0105165512981
21920.64964409289; 0.000122077537074; -0.0105766979431
21926.75540800342; 0.000111981035689; -0.0106376194132
21932.86117191395; 0.000102117622; -0.0107034496967
21938.96693582448; 9.27486178646e-05; -0.0107650975363
21945.07269973501; 8.10752357738e-05; -0.0108327874697
21951.17846364554; 7.01994360434e-05; -0.0108979146082
21957.28422755607; 6.00293638969e-05; -0.0109669769947
21963.3899914666; 4.7434858231e-05; -0.0110382345028
21969.49575537713; 3.31518960804e-05; -0.0111100864719
21975.60151928766; 2.22767889005e-05; -0.0111847688994
21981.70728319819; 8.70864737806e-06; -0.0112591614067
21987.81304710872; -3.79467888813e-06; -0.0113363521986
21993.91881101925; -1.84890178564e-05; -0.0114146273868
22000.02457492978; -3.47263283779e-05; -0.0114961266399
22006.13033884031; -4.91206683836e-05; -0.0115777048045
22012.23610275084; -6.62212573406e-05; -0.0116655853916
22018.34186666137; -8.1600908391e-05; -0.0117501590398
22024.4476305719; -9.89470906598e-05; -0.011840351603
22030.55339448243; -0.000118557481372; -0.0119308820213
22036.65915839296; -0.000139457849073; -0.0120264786307
22042.76492230349; -0.000157665994102; -0.0121218346591
22048.87068621402; -0.000177606301325; -0.0122233058729
22054.97645012455; -0.000197716261128; -0.0123269987075
22061.08221403508; -0.000221144960512; -0.012430736426
22067.18797794561; -0.000245620097353; -0.0125370279003
22073.29374185614; -0.000270681711062; -0.0126487662972
22079.39950576667; -0.000297026545069; -0.0127631311219
22085.5052696772; -0.000324753656383; -0.0128810332943
22091.61103358773; -0.000350062502213; -0.0130019170892
22097.71679749826; -0.000378636206075; -0.0131283237103
22103.82256140879; -0.000412815373161; -0.0132546967085
22109.92832531932; -0.000446100383024; -0.0133898801101
22116.03408922985; -0.000482034824319; -0.0135260682703
22122.13985314038; -0.000517209152963; -0.0136684288479
22128.24561705091; -0.000556249581135; -0.0138113108647
22134.35138096144; -0.000597359327149; -0.0139643225387
22140.45714487197; -0.000641521502599; -0.0141205044084
22146.5629087825; -0.000686549918885; -0.0142830969134
22152.66867269303; -0.000734528525594; -0.0144496408302
22158.77443660356; -0.000786707770621; -0.0146239040152
22164.88020051409; -0.000841072182231; -0.014803849028
22170.98596442462; -0.000896965087239; -0.0149898390893
22177.09172833515; -0.000958214615601; -0.0151842392049
22183.19749224568; -0.00102363934341; -0.015385108025
22189.30325615621; -0.00109206342153; -0.0155941506728
22195.40902006674; -0.00116588274553; -0.0158105539611
22201.51478397727; -0.00124407849583; -0.0160358994818
22207.6205478878; -0.00132874913902; -0.0162707908601
22213.72631179833; -0.00141805442679; -0.0165155134563
22219.83207570886; -0.00151448101965; -0.0167702395085
22225.93783961939; -0.00161608734024; -0.0170341138449
22232.04360352992; -0.0017279551935; -0.0173154438913
22238.14936744045; -0.00184799814171; -0.0176043520915
22244.25513135098; -0.00197570135655; -0.0179092696686
22250.36089526151; -0.00211419246068; -0.0182260406571
22256.46665917204; -0.00226634750448; -0.018560265253
22262.57242308257; -0.00242831667335; -0.0189106184015
22268.6781869931; -0.00260556789992; -0.0192768615126
22274.78395090363; -0.00279576710001; -0.0196617680944
22280.88971481416; -0.00300523104759; -0.0200676339605
22286.99547872469; -0.00323511125875; -0.0204949322566
22293.10124263522; -0.00348620201217; -0.0209430653897
22299.20700654575; -0.00376220095488; -0.0214166626695
22305.31277045628; -0.00406406592721; -0.0219165132029
22311.41853436681; -0.00439747664473; -0.0224412380332
22317.52429827734; -0.00476749853779; -0.0230015908827
22323.63006218787; -0.00518112843218; -0.0235900419281
22329.7358260984; -0.00563908492283; -0.0242131409495
22335.84159000893; -0.00615286873886; -0.0248740375202
22341.94735391946; -0.00672557460034; -0.0255725603224
22348.05311782999; -0.00737260005636; -0.0263122829483
22354.15888174052; -0.00810552812225; -0.0270931475184
22360.26464565105; -0.00893429687696; -0.0279161152822
22366.37040956158; -0.00987388910563; -0.0287761621117
22372.47617347211; -0.0109525824297; -0.0296776995859
22378.58193738264; -0.0121840705729; -0.0306094826642
22384.68770129317; -0.0136019661036; -0.0315648367171
22390.7934652037; -0.0152344655505; -0.0325341495171
22396.89922911423; -0.0171250809574; -0.033494212176
22403.00499302476; -0.0193140858412; -0.0344101324782
22409.11075693529; -0.0218491688822; -0.0352288556349
22415.21652084582; -0.0247764040858; -0.0358804370361
22421.32228475635; -0.0281425765936; -0.0362682312695
22427.42804866688; -0.0319767563545; -0.0362528259692
22433.53381257741; -0.0362677502242; -0.0356554678501
22439.63957648794; -0.0409466459275; -0.0342622891998
22445.74534039847; -0.0458467248376; -0.0318363224803
22451.851104309; -0.0506753372998; -0.0281715055933
22457.95686821953; -0.0550048310252; -0.023167790521
22464.06263213006; -0.0583193631262; -0.016915826473
22470.16839604059; -0.0601439107093; -0.00976136462767
22476.27415995112; -0.0601794124274; -0.00228300272026
22482.37992386166; -0.0584341464193; 0.00486520789311
22488.48568777218; -0.0552143487588; 0.0111182393553
22494.59145168271; -0.0509868794668; 0.0161357319173
22500.69721559325; -0.0462674658378; 0.019837428886
22506.80297950377; -0.0414689026349; 0.0223196101447
22512.9087434143; -0.0368771841739; 0.0237858625273
22519.01450732483; -0.0326568906391; 0.0244667143352
22525.12027123537; -0.0288745446877; 0.0245688691778
22531.22603514589; -0.0255414148167; 0.0242681042867
22537.33179905642; -0.0226340167312; 0.0236990657711
22543.43756296696; -0.0201096788858; 0.0229582300233
22549.54332687748; -0.0179204310805; 0.0221140874304
22555.64909078801; -0.0160245108514; 0.0212210135966
22561.75485469855; -0.0143779661757; 0.0203106292996
22567.86061860908; -0.0129503614617; 0.0194078188372
22573.9663825196; -0.0117061974032; 0.0185243831728
22580.07214643014; -0.0106169514067; 0.0176753626546
22586.17791034067; -0.00965134923126; 0.0168453060577
22592.28367425119; -0.00880765510428; 0.0160674302725
22598.38943816172; -0.00805893317551; 0.0153204046318
22604.49520207226; -0.0073914009296; 0.0146067912847
22610.60096598279; -0.00679699061763; 0.0139329482201
22616.70672989331; -0.00626532980752; 0.0132957977142
22622.81249380385; -0.00578908648722; 0.0126906521002
22628.91825771438; -0.00536087323587; 0.0121167906819
22635.02402162491; -0.00497323496963; 0.0115753977882
22641.12978553544; -0.00462289074967; 0.011063606366
22647.23554944597; -0.00430111794106; 0.0105776425185
22653.3413133565; -0.00401113856444; 0.0101150650661
22659.44707726702; -0.00374695342361; 0.0096766156169
22665.55284117756; -0.00350211309694; 0.00925803872987
22671.65860508809; -0.0032816833065; 0.00886453327039
22677.76436899862; -0.00307399317536; 0.00848708628763
22683.87013290915; -0.00288308394232; 0.00813225542135
22689.97589681968; -0.00271191650433; 0.0077847364633
22696.08166073021; -0.00255077989722; 0.00745987520496
22702.18742464074; -0.00240186533065; 0.0071498817908
22708.29318855127; -0.00226182952347; 0.00685147458214
22714.3989524618; -0.00213253733108; 0.00656551796786
22720.50471637233; -0.00201463991743; 0.00629288675373
22726.61048028286; -0.00189943319849; 0.00603202693475
22732.71624419339; -0.00179189297875; 0.00578092579539
22738.82200810392; -0.00169504134624; 0.00553978781927
22744.92777201445; -0.0016028249393; 0.00530900838173
22751.03353592498; -0.00151788636373; 0.00508850719111
22757.13929983551; -0.00143640390802; 0.00487375222892
22763.24506374604; -0.00135906003002; 0.0046692330771
22769.35082765657; -0.00128577671452; 0.00447057207419
22775.4565915671; -0.00121861879117; 0.00428144588851
22781.56235547763; -0.00115694444349; 0.00409658803461
22787.66811938816; -0.00109211384507; 0.00392071180772
22793.77388329869; -0.00103536759192; 0.00374980093045
22799.87964720922; -0.000981425345863; 0.00358383403215
22805.98541111975; -0.000929301213775; 0.00342513308882
22812.09117503028; -0.000879454229107; 0.00327227081309
22818.19693894081; -0.000831621866748; 0.00312290056182
22824.30270285134; -0.000787596571114; 0.00297838620955
22830.40846676187; -0.000745165229393; 0.00283976551821
22836.5142306724; -0.000706564164338; 0.00270238251691
22842.61999458293; -0.000669237608255; 0.00257233187162
22848.72575849346; -0.000631328926459; 0.00244574194985
22854.83152240399; -0.000594922751341; 0.002321343508
22860.93728631452; -0.000563458920405; 0.00220232650806
22867.04305022505; -0.000529915039042; 0.0020883649603
22873.14881413558; -0.000501618264391; 0.00197499759273
22879.25457804611; -0.000472034477589; 0.00186550756737
22885.36034195664; -0.000444007617245; 0.00175811669688
22891.46610586717; -0.000414699267126; 0.00165334587096
22897.5718697777; -0.000392043069081; 0.00155329587708
22903.67763368823; -0.000365578220556; 0.00145587242844
22909.78339759876; -0.000340022581692; 0.00135756787056
22915.88916150929; -0.000319192995793; 0.00126592313591
22921.99492541982; -0.000298144208407; 0.0011756547668
22928.10068933035; -0.000276528745177; 0.00108483231113
22934.20645324088; -0.000255842065842; 0.0010019228644
22940.31221715141; -0.000234310248485; 0.000917158511435
22946.41798106194; -0.000219122611381; 0.000837069821141
22952.52374497247; -0.000199927924526; 0.000758795218013
22958.629508883; -0.000183369190068; 0.000676172194622
22964.73527279353; -0.000165453485507; 0.000601468167693
22970.84103670406; -0.000149391804133; 0.00052756009333
22976.94680061459; -0.000133006546873; 0.000455329425824
22983.05256452512; -0.000117504057877; 0.00038383690484
22989.15832843565; -0.000101689444073; 0.000313617907108
22995.26409234618; -8.97921212872e-05; 0.000245394518336
23001.36985625671; -7.52987616646e-05; 0.000176360590565
23007.47562016724; -6.11420740254e-05; 0.000113359127852
23013.58138407777; -4.95916483911e-05; 4.98473021984e-05
23019.6871479883; -3.69444220452e-05; -1.2272134984e-05
23025.79291189883; -2.385648122e-05; -7.21632368881e-05
23031.89867580936; -1.20520979546e-05; -0.000134526082791
23038.00443971989; -1.72912951456e-06; -0.000190986154861
23044.11020363042; 1.17783452671e-05; -0.000250084348329
23050.21596754095; 2.21225515973e-05; -0.000303840018046
23056.32173145148; 3.07327627769e-05; -0.000360571336783
23062.42749536201; 4.32049425409e-05; -0.000416214448355
23068.53325927254; 5.21259031713e-05; -0.000467402848877
23074.63902318307; 6.12005565404e-05; -0.000520703940437
23080.7447870936; 6.95486637902e-05; -0.000569486400827
23086.85055100413; 8.06053721782e-05; -0.000621998371665
23092.95631491466; 8.62727414497e-05; -0.000670896830973
23099.06207882519; 9.56145845977e-05; -0.000717441630282
23105.16784273572; 0.000104413250994; -0.0007657240233
23111.27360664625; 0.000113111509628; -0.000812651246286
23117.37937055678; 0.000120857714256; -0.000858232571814
23123.48513446731; 0.000129089996029; -0.000902341991019
23129.59089837784; 0.00013406961492; -0.000947690543824
23135.69666228837; 0.000142305142521; -0.000987863898971
23141.8024261989; 0.000149825139161; -0.00103001441025
23147.90819010943; 0.000157056645649; -0.00107251074673
23154.01395401996; 0.000163361513736; -0.00111509626168
23160.11971793049; 0.000170640811811; -0.00115580717705
23166.22548184102; 0.000176019108364; -0.00119436062737
23172.33124575155; 0.000182910064538; -0.00123297043749
23178.43700966208; 0.000190063173482; -0.00127169210292
23184.54277357261; 0.000193368501748; -0.00130944305202
23190.64853748314; 0.000201882442442; -0.00134587163418
23196.75430139367; 0.000204263936613; -0.00138306503982
23202.8600653042; 0.000211984617114; -0.00141763542132
23208.96582921473; 0.000216368086448; -0.00145409687125
23215.07159312526; 0.000222674083735; -0.00148894223037
23221.17735703579; 0.00022607644349; -0.00152081016805
23227.28312094633; 0.000232235832126; -0.00155705154027
23233.38888485685; 0.000237498797708; -0.00159000410032
23239.49464876738; 0.000239877772828; -0.00162114864514
23245.60041267792; 0.0002464816287; -0.00165332437973
23251.70617658844; 0.00025137640102; -0.00168700951435
23257.81194049897; 0.000255776244313; -0.00171894007962
23263.9177044095; 0.000259768609461; -0.00174941146427
23270.02346832004; 0.000264539698184; -0.00177911851799
23276.12923223056; 0.000268924500732; -0.00180993537219
23282.23499614109; 0.000271475969765; -0.00183913915558
23288.34076005163; 0.000276367650699; -0.00186812224485
23294.44652396216; 0.000280478706406; -0.00189738589111
23300.55228787268; 0.000285494864704; -0.00192470670914
23306.65805178322; 0.000287432028419; -0.00195288076801
23312.76381569375; 0.000291554433867; -0.00197915930742
23318.86957960427; 0.00029537205145; -0.00200585118888
23324.9753435148; 0.000296748068885; -0.00203360436596
23331.08110742534; 0.000302955553972; -0.00205976697978
23337.18687133587; 0.000302813311458; -0.00208583403271
23343.29263524639; 0.000309277000153; -0.00211154995
23349.39839915693; 0.000310696464109; -0.0021371446997
23355.50416306746; 0.00031628508201; -0.00216359583813
23361.60992697799; 0.000318856003234; -0.00218703597276
23367.71569088852; 0.000322573378457; -0.00221151648594
23373.82145479905; 0.00032469351618; -0.0022369112151
23379.92721870958; 0.000327942882933; -0.0022593494467
23386.03298262011; 0.000330183788136; -0.0022828500298
23392.13874653064; 0.000332991405603; -0.00230727625743
23398.24451044117; 0.000336547267724; -0.00232920537453
23404.35027435169; 0.00034039108542; -0.00235153788854
23410.45603826223; 0.000340937744777; -0.00237698804792
23416.56180217276; 0.000343254513004; -0.00239714951345
23422.66756608329; 0.000346967403823; -0.00242174372489
23428.77332999382; 0.000349288161706; -0.00244109585602
23434.87909390435; 0.000350133787655; -0.00246346945022
23440.98485781488; 0.000352253281061; -0.00248370348034
23447.09062172541; 0.000354699542831; -0.00250494993242
23453.19638563594; 0.000356228893697; -0.00252540372698
23459.30214954647; 0.000360471854573; -0.00254578380584
23465.407913457; 0.000361633496694; -0.00256652211965
23471.51367736753; 0.000364304765756; -0.00258532292188
23477.61944127806; 0.000366781298414; -0.00260700795355
23483.72520518859; 0.000369188894771; -0.00262577757676
23489.83096909912; 0.000371903949199; -0.00264566651844
23495.93673300965; 0.000373976558057; -0.00266281408184
23502.04249692018; 0.000375747865796; -0.00268341307412
23508.14826083071; 0.000378879256584; -0.0027027401218
23514.25402474124; 0.000380133538478; -0.00271965266283
23520.35978865177; 0.000383223326422; -0.00273906388937
23526.4655525623; 0.000384922822424; -0.00275783784377
23532.57131647283; 0.000386406436457; -0.00277681405006
23538.67708038336; 0.000389472544922; -0.00279430452936
23544.78284429389; 0.000389973649049; -0.00281184887034
23550.88860820442; 0.00039417612544; -0.0028283369437
23556.99437211495; 0.000394272658039; -0.00284618942812
23563.10013602548; 0.000396146882362; -0.00286446488295
23569.20589993601; 0.000399067174602; -0.00288065139953
23575.31166384654; 0.000401095737565; -0.00289507631041
23581.41742775707; 0.000401883489265; -0.00291409121392
23587.5231916676; 0.000401657963718; -0.00292798499545
23593.62895557813; 0.000404279117142; -0.00294583656029
23599.73471948866; 0.000405715769284; -0.00295975988533
23605.84048339919; 0.000408690419429; -0.00297743407004
23611.94624730972; 0.000407712570172; -0.00299110817544
23618.05201122025; 0.000410621684043; -0.0030064511905
23624.15777513078; 0.000412610622424; -0.00302272307191
23630.26353904131; 0.000414070795705; -0.00303703748481
23636.36930295184; 0.00041656418282; -0.00305413323237
23642.47506686237; 0.000416299702831; -0.00306945966129
23648.5808307729; 0.000418426403341; -0.00308442992256
23654.68659468343; 0.000420833640025; -0.00309988946429
23660.79235859396; 0.000422443892871; -0.00311347290051
23666.89812250449; 0.000423012698497; -0.00312719355478
23673.00388641502; 0.000422638871777; -0.0031420208241
23679.10965032555; 0.000424970790733; -0.00315878964544
23685.21541423608; 0.000429261028594; -0.00317064171811
23691.32117814661; 0.000428139530528; -0.00318458706591
23697.42694205714; 0.000430625725398; -0.00319736776632
23703.53270596767; 0.000430881323787; -0.00321232336503
23709.6384698782; 0.000433161673066; -0.00322527281378
23715.74423378873; 0.000434729660966; -0.00323747106985
23721.84999769926; 0.000435560541655; -0.00325321773137
