% Module: Sweep, ID: c0p1t8p1cfm0
% Devices: DEV646
% Time: 2026/01/19 11:03:06
% Demod 1 Sample X, /dev646/demods/0/sample.X
% Demod 1 Sample Y, /dev646/demods/0/sample.Y
% Frequency (Hz); Demod 1 Sample X  Amplitude (V); Demod 1 Sample Y  Amplitude (V)
25250; -0.000235250022186; -0.0185285440524
25255.01002004008; -0.000234886826831; -0.018573201545
25260.02004008016; -0.00023521965216; -0.0186182121047
25265.03006012024; -0.000235900819274; -0.0186626787742
25270.04008016032; -0.000235111666527; -0.0187076012034
25275.0501002004; -0.000234504873058; -0.0187528365979
25280.06012024048; -0.000235895097201; -0.0187988585827
25285.07014028056; -0.000234954997026; -0.0188456641334
25290.08016032064; -0.00023505917043; -0.0188932216408
25295.09018036072; -0.000236054551652; -0.018940741919
25300.1002004008; -0.000236791547579; -0.0189880473465
25305.11022044088; -0.000235726437654; -0.0190360034134
25310.12024048096; -0.000236095902474; -0.0190847609768
25315.13026052104; -0.000235624470976; -0.0191344152938
25320.14028056112; -0.000235578859245; -0.0191848102813
25325.1503006012; -0.000236605963497; -0.0192340489806
25330.16032064128; -0.000237383096857; -0.0192861029381
25335.17034068136; -0.000235803155029; -0.019338153511
25340.18036072144; -0.000236148291156; -0.0193888454967
25345.19038076152; -0.000236555705705; -0.0194412830234
25350.2004008016; -0.000238070791157; -0.0194954855941
25355.21042084168; -0.000238039483365; -0.0195494961828
25360.22044088176; -0.000236632091512; -0.019603469563
25365.23046092184; -0.000237555805592; -0.0196579361714
25370.24048096193; -0.000237214395538; -0.0197138955291
25375.250501002; -0.000238029070973; -0.0197706775145
25380.26052104208; -0.000238222392771; -0.0198256311463
25385.27054108217; -0.000237679226872; -0.0198844532996
25390.28056112224; -0.000238005141604; -0.0199414393244
25395.29058116232; -0.000238194217411; -0.0200004628821
25400.30060120241; -0.000238685190311; -0.0200605618463
25405.31062124249; -0.000237766143924; -0.0201199932657
25410.32064128256; -0.000239082113399; -0.0201809347129
25415.33066132265; -0.000239248657472; -0.0202424976997
25420.34068136273; -0.000239602032335; -0.0203061567569
25425.35070140281; -0.00023927935857; -0.0203680169559
25430.36072144288; -0.000238291013387; -0.0204310666693
25435.37074148297; -0.000238722099335; -0.0204964285698
25440.38076152305; -0.000240095761094; -0.0205591029439
25445.39078156312; -0.000239462238138; -0.020625389179
25450.40080160321; -0.000239911590187; -0.0206922142877
25455.41082164329; -0.000239157894749; -0.0207609352279
25460.42084168337; -0.000240799235665; -0.020829893194
25465.43086172345; -0.000239383873861; -0.0208982784114
25470.44088176353; -0.000239645289644; -0.0209697307931
25475.45090180361; -0.00024009969404; -0.0210397604107
25480.46092184369; -0.000241045720799; -0.0211118188797
25485.47094188377; -0.000241581355854; -0.0211837096888
25490.48096192385; -0.000241426906258; -0.0212571898992
25495.49098196393; -0.000241161771861; -0.0213327531982
25500.50100200401; -0.00024163008311; -0.0214084924948
25505.51102204409; -0.000241431418299; -0.0214854658331
25510.52104208417; -0.000242708527631; -0.0215618525412
25515.53106212425; -0.000241608752457; -0.021642178235
25520.54108216433; -0.000242609679089; -0.0217207594539
25525.55110220441; -0.000241087608322; -0.0218010944722
25530.56112224449; -0.000241640301062; -0.0218843707776
25535.57114228457; -0.000243061069532; -0.0219657289221
25540.58116232465; -0.000242434918907; -0.0220506713092
25545.59118236473; -0.000242991207928; -0.0221361088641
25550.60120240481; -0.000242683313015; -0.0222211956328
25555.61122244489; -0.000243870445467; -0.0223098654927
25560.62124248497; -0.000244257347529; -0.0223978117929
25565.63126252505; -0.000244325923016; -0.022487916074
25570.64128256513; -0.000244642223879; -0.0225805758415
25575.65130260521; -0.000243857067234; -0.0226726493319
25580.66132264529; -0.000244790010653; -0.0227663493449
25585.67134268537; -0.000245469110903; -0.0228612004597
25590.68136272545; -0.000245935580188; -0.0229574317453
25595.69138276553; -0.000246119374025; -0.023055320412
25600.70140280561; -0.000245975903733; -0.0231554722261
25605.71142284569; -0.00024618673289; -0.0232568607766
25610.72144288577; -0.000246459780049; -0.0233588624568
25615.73146292585; -0.000247305899161; -0.0234639257256
25620.74148296593; -0.000246462152995; -0.023569383854
25625.75150300601; -0.000247635518209; -0.0236773067754
25630.76152304609; -0.000247440524769; -0.0237862541659
25635.77154308617; -0.00024756527108; -0.023897516073
25640.78156312625; -0.000248009875995; -0.0240113006753
25645.79158316633; -0.000249206458209; -0.0241256083441
25650.80160320641; -0.000249859531519; -0.0242414390151
25655.81162324649; -0.000249183325872; -0.0243605495652
25660.82164328657; -0.000250381196566; -0.0244794393297
25665.83166332665; -0.000250339668709; -0.0246010453923
25670.84168336673; -0.000251045680704; -0.0247252919535
25675.85170340681; -0.000253195335412; -0.0248518658203
25680.86172344689; -0.000252591021682; -0.0249814252631
25685.87174348697; -0.000252846527914; -0.0251125318798
25690.88176352705; -0.000253373648735; -0.025245736021
25695.89178356713; -0.000253911889095; -0.0253805713301
25700.90180360722; -0.000254806704134; -0.0255172392468
25705.91182364729; -0.000254381082786; -0.0256559599398
25710.92184368737; -0.000255407528128; -0.0258007690509
25715.93186372746; -0.000255938104869; -0.0259456226889
25720.94188376754; -0.000255558217835; -0.0260913307256
25725.95190380761; -0.000258151173437; -0.0262439268332
25730.9619238477; -0.000257736467243; -0.0263968463348
25735.97194388778; -0.000259720160205; -0.0265523022958
25740.98196392785; -0.000260184945043; -0.0267122400508
25745.99198396794; -0.000260556466408; -0.0268747423896
25751.00200400802; -0.000261758358939; -0.0270389889599
25756.0120240481; -0.000262469724266; -0.0272078981881
25761.02204408817; -0.000263230914494; -0.0273805763658
25766.03206412826; -0.00026336232574; -0.0275553448644
25771.04208416834; -0.000264662845768; -0.0277346738388
25776.05210420842; -0.000266220091507; -0.0279167827663
25781.0621242485; -0.000266592434893; -0.0281026160672
25786.07214428858; -0.000267482595666; -0.0282942105107
25791.08216432866; -0.000268838825902; -0.0284878382955
25796.09218436874; -0.000270667529833; -0.0286876073804
25801.10220440882; -0.000271436523792; -0.0288891970657
25806.1122244489; -0.000272138679796; -0.0290972472333
25811.12224448898; -0.00027429210782; -0.0293088357673
25816.13226452906; -0.00027411236802; -0.0295259162244
25821.14228456914; -0.000277102098891; -0.0297485974342
25826.15230460922; -0.000278176408441; -0.0299755844961
25831.1623246493; -0.000279631530857; -0.0302080761023
25836.17234468938; -0.000280902176655; -0.0304461718416
25841.18236472946; -0.000282510321194; -0.0306890663717
25846.19238476954; -0.000284556306751; -0.0309395266625
25851.20240480962; -0.000286086725037; -0.0311943014018
25856.2124248497; -0.000287669713018; -0.0314573485214
25861.22244488978; -0.000289703107553; -0.0317258001747
25866.23246492986; -0.000292952733989; -0.0320016098039
25871.24248496994; -0.000294400111105; -0.0322835738371
25876.25250501002; -0.000295114121023; -0.0325740122617
25881.2625250501; -0.000299144267369; -0.0328708508687
25886.27254509018; -0.000302008612288; -0.0331778113888
25891.28256513026; -0.000303629379924; -0.033491362265
25896.29258517034; -0.000307048010406; -0.0338147916878
25901.30260521042; -0.000309920478814; -0.0341465502043
25906.3126252505; -0.000312765597489; -0.0344876072375
25911.32264529058; -0.000316037188251; -0.0348390771193
25916.33266533066; -0.000319541265545; -0.0351998526849
25921.34268537074; -0.000322208602625; -0.035571604968
25926.35270541082; -0.000327790873737; -0.0359550004533
25931.3627254509; -0.000330472652506; -0.0363476260541
25936.37274549098; -0.000334521306013; -0.0367551337599
25941.38276553106; -0.000339903857934; -0.0371719638602
25946.39278557114; -0.000344122485576; -0.0376035512809
25951.40280561122; -0.0003481279228; -0.0380505423157
25956.4128256513; -0.000353188505989; -0.0385101167535
25961.42284569138; -0.000359463342859; -0.0389851670364
25966.43286573146; -0.00036472261908; -0.0394757767232
25971.44288577154; -0.00037082395814; -0.0399846090875
25976.45290581162; -0.000377777415126; -0.0405108548023
25981.4629258517; -0.000383354512178; -0.0410558834971
25986.47294589178; -0.000391443498654; -0.0416246326313
25991.48296593186; -0.000398215285855; -0.0422084414789
25996.49298597195; -0.000406870797952; -0.0428192435248
26001.50300601202; -0.000415247369997; -0.043452909314
26006.5130260521; -0.000425495799598; -0.0441126907584
26011.52304609218; -0.000434485890594; -0.0447967466468
26016.53306613227; -0.000444784937527; -0.0455075037906
26021.54308617234; -0.000457249994929; -0.0462509588646
26026.55310621242; -0.000469231671067; -0.0470265879195
26031.56312625251; -0.00048223173843; -0.0478339661819
26036.57314629259; -0.000495702705688; -0.0486787057426
26041.58316633266; -0.000510829821059; -0.0495638874065
26046.59318637275; -0.000528171739671; -0.0504886897691
26051.60320641283; -0.000544432836715; -0.0514585560061
26056.6132264529; -0.000564871459596; -0.0524750923383
26061.62324649299; -0.000584418360088; -0.0535458761867
26066.63326653307; -0.000607679068269; -0.0546714607501
26071.64328657315; -0.00063179834212; -0.0558572821825
26076.65330661323; -0.000659295444391; -0.0571079135902
26081.66332665331; -0.000688964585533; -0.0584275598906
26086.67334669339; -0.000719782708121; -0.0598250757227
26091.68336673347; -0.000755371601834; -0.0613052670584
26096.69338677355; -0.000792625398583; -0.0628745437789
26101.70340681363; -0.00083477356353; -0.0645462563601
26106.71342685371; -0.000882648839295; -0.0663269370501
26111.72344689379; -0.00093475660977; -0.0682293967928
26116.73346693387; -0.000993715840469; -0.070266252394
26121.74348697395; -0.00105692415673; -0.0724486105264
26126.75350701403; -0.00113021783757; -0.0747995243783
26131.76352705411; -0.00121447259584; -0.0773331850259
26136.77354709419; -0.00130571484268; -0.0800749230421
26141.78356713427; -0.00141325968446; -0.0830543998451
26146.79358717435; -0.00153236426905; -0.0862969016996
26151.80360721443; -0.00167260932285; -0.0898485336261
26156.81362725451; -0.00183428079496; -0.0937428443772
26161.82364729459; -0.00202153997107; -0.0980371286099
26166.83366733467; -0.00224363008579; -0.102809304254
26171.84368737475; -0.00250526159202; -0.108118055302
26176.85370741483; -0.00281774947068; -0.114075236969
26181.86372745491; -0.00319372636843; -0.120804237728
26186.87374749499; -0.0036567648622; -0.128467748187
26191.88376753507; -0.0042295927857; -0.137272200181
26196.89378757515; -0.00494954642437; -0.147509923959
26201.90380761523; -0.00587389039562; -0.159524672828
26206.91382765531; -0.00708464480898; -0.17385421923
26211.92384769539; -0.00871124339052; -0.191214678708
26216.93386773547; -0.0109632384988; -0.212683538644
26221.94388777555; -0.0142061621548; -0.239893294192
26226.95390781563; -0.0191076268128; -0.275527433601
26231.96392785571; -0.0270200378233; -0.324204998619
26236.97394789579; -0.040962716728; -0.394523628374
26241.98396793587; -0.0689001943882; -0.504359073502
26246.99398797595; -0.137952349906; -0.695668148689
26252.00400801603; -0.356820468172; -1.01502867533
26257.01402805611; -0.976592824834; -0.7731354244
26262.02404809619; -0.761886820073; 0.95738834287
26267.03406813627; -0.279664750721; 0.925250353578
26272.04408817635; -0.11779223246; 0.61257108982
26277.05410821643; -0.0638452535364; 0.448967581425
26282.06412825651; -0.0400131023279; 0.352125935491
26287.07414829659; -0.0275110434706; 0.288747173137
26292.08416833667; -0.0201495747909; 0.244138229002
26297.09418837675; -0.0154483018574; 0.211061198117
26302.10420841683; -0.0122609005028; 0.185559534492
26307.11422845691; -0.00999868900411; 0.165302069901
26312.124248497; -0.00833410670173; 0.148827724605
26317.13426853707; -0.00707456731291; 0.135178380964
26322.14428857715; -0.00609494472775; 0.123677943063
26327.15430861724; -0.00532022767146; 0.113851832721
26332.16432865732; -0.00469513797793; 0.105371278172
26337.17434869739; -0.00418371051417; 0.0979715545833
26342.18436873747; -0.00376013344312; 0.0914594388286
26347.19438877756; -0.00340357567715; 0.0856847886611
26352.20440881763; -0.00310304453091; 0.0805275076123
26357.21442885771; -0.00284463616642; 0.0758927932
26362.2244488978; -0.00262212104798; 0.0717108717685
26367.23446893788; -0.00242834049119; 0.0679131885175
26372.24448897795; -0.00226117106295; 0.0644502181534
26377.25450901804; -0.00211127496118; 0.0612818478524
26382.26452905812; -0.00197919074151; 0.0583700612052
26387.2745490982; -0.00186231652249; 0.0556819769684
26392.28456913828; -0.00175761553652; 0.0531949144676
26397.29458917836; -0.00166413221695; 0.0508879129139
26402.30460921844; -0.00157962666265; 0.0487424721388
26407.31462925852; -0.00150395370758; 0.0467457004399
26412.3246492986; -0.00143363151377; 0.0448727919739
26417.33466933868; -0.00137125029923; 0.0431189941704
26422.34468937876; -0.00131285307428; 0.0414739077687
26427.35470941884; -0.00126037448412; 0.0399271813189
26432.36472945892; -0.00121082978495; 0.0384722680689
26437.374749499; -0.00116721825263; 0.0370959270839
26442.38476953908; -0.00112593526359; 0.0357935727562
26447.39478957916; -0.00108724656699; 0.0345578199846
26452.40480961924; -0.00105219549094; 0.0333859017937
26457.41482965932; -0.00101809230487; 0.0322716952834
26462.4248496994; -0.000988236082806; 0.0312157020749
26467.43486973948; -0.000960611658632; 0.0302098084191
26472.44488977956; -0.000933523867452; 0.0292522899607
26477.45490981964; -0.000908443441753; 0.0283394879888
26482.46492985972; -0.00088600785335; 0.0274681835011
26487.4749498998; -0.000862413539096; 0.0266325871491
26492.48496993988; -0.000842651021036; 0.025834637267
26497.49498997996; -0.000822362486512; 0.0250690997805
26502.50501002004; -0.000805051549096; 0.0243357215508
26507.51503006012; -0.000787317179903; 0.0236300623729
26512.5250501002; -0.00077055647165; 0.0229521389689
26517.53507014028; -0.000755217242993; 0.0223015285652
26522.54509018036; -0.00074051443401; 0.0216744352115
26527.55511022044; -0.00072688415465; 0.0210715424325
26532.56513026052; -0.000714426273772; 0.0204908888484
26537.5751503006; -0.000701012644479; 0.0199284593802
26542.58517034068; -0.000689432868436; 0.0193898975387
26547.59519038076; -0.000677319831154; 0.0188674750404
26552.60521042084; -0.000667019872313; 0.0183641768084
26557.61523046092; -0.000656476787412; 0.0178784364206
26562.625250501; -0.000647801592185; 0.0174068353529
26567.63527054108; -0.000637923080188; 0.0169529198357
26572.64529058116; -0.000629773652033; 0.0165115276619
26577.65531062124; -0.000621119879832; 0.0160849422215
26582.66533066132; -0.000612504857872; 0.0156708313735
26587.6753507014; -0.000604159291142; 0.015269799883
26592.68537074148; -0.000596868539678; 0.0148803764765
26597.69539078156; -0.000590641948315; 0.0144996508686
26602.70541082164; -0.000583181246835; 0.0141339855734
26607.71543086172; -0.000576455090014; 0.0137758760235
26612.7254509018; -0.000571079193953; 0.0134287056738
26617.73547094188; -0.000564392982114; 0.0130911719147
26622.74549098196; -0.000557814267941; 0.0127620109631
26627.75551102205; -0.000551922834322; 0.0124423528202
26632.76553106212; -0.000547231905919; 0.0121301453944
26637.7755511022; -0.000540758709077; 0.011827973469
26642.78557114229; -0.000536165718801; 0.0115309372549
26647.79559118237; -0.000531494817279; 0.0112440871946
26652.80561122244; -0.000527091867802; 0.0109635143678
26657.81563126253; -0.000522589113619; 0.0106893585614
26662.82565130261; -0.000517789968839; 0.0104231887266
26667.83567134268; -0.000514131561797; 0.0101628729317
26672.84569138276; -0.000508338061209; 0.00990955160163
26677.85571142285; -0.000504310643993; 0.00966040802568
26682.86573146293; -0.000501291504607; 0.00941831330082
26687.875751503; -0.000497691814516; 0.0091820387542
26692.88577154309; -0.000493864890028; 0.00895248275449
26697.89579158317; -0.000491317388515; 0.00872706880268
26702.90581162325; -0.000486995499997; 0.00850476889689
26707.91583166333; -0.000482714020061; 0.00828992271299
26712.92585170341; -0.000480666701517; 0.00808010959719
26717.93587174349; -0.000477878483067; 0.00787247630758
26722.94589178357; -0.000474715615792; 0.00767139907684
26727.95591182365; -0.000470538384474; 0.00747282307051
26732.96593186373; -0.000469233635489; 0.00728017752502
26737.97595190381; -0.000466456313171; 0.007090618508
26742.98597194389; -0.000462134746773; 0.00690456723268
26747.99599198397; -0.000460124992308; 0.00672254035428
26753.00601202405; -0.000459092458639; 0.00654457220027
26758.01603206413; -0.000456702748017; 0.00636972155579
26763.02605210421; -0.000454234818948; 0.00619877093352
26768.03607214429; -0.000450738874964; 0.00603143753195
26773.04609218437; -0.00044864625935; 0.005867088722
26778.05611222445; -0.000448016234956; 0.00570390625429
26783.06613226453; -0.000445607437828; 0.00554635530995
26788.07615230461; -0.000443665995411; 0.00539122502051
26793.08617234469; -0.000440410102492; 0.00523866953719
26798.09619238477; -0.000439862996064; 0.00508956952027
26803.10621242485; -0.000437155517945; 0.00494123333717
26808.11623246493; -0.00043502048569; 0.0047982945848
26813.12625250501; -0.00043498162418; 0.00465545147271
26818.13627254509; -0.000432401003992; 0.0045154460162
26823.14629258517; -0.000429051461703; 0.00437806538018
26828.15631262525; -0.000427874302039; 0.00424308864707
26833.16633266533; -0.000428200478469; 0.00411167740042
26838.17635270541; -0.000426175761653; 0.00398113281147
26843.18637274549; -0.000424726509628; 0.00385310983746
26848.19639278557; -0.000422426722551; 0.00372701491569
26853.20641282565; -0.000421785094257; 0.00360351588678
26858.21643286573; -0.000420856868633; 0.00348219327065
26863.22645290581; -0.000419304718878; 0.00336256071039
26868.23647294589; -0.000416881215254; 0.00324352600642
26873.24649298597; -0.000416597126009; 0.00312792806116
26878.25651302605; -0.000414630638054; 0.00301375823966
26883.26653306613; -0.000413396633363; 0.0029013158663
26888.27655310621; -0.000412167425785; 0.00279041150584
26893.28657314629; -0.00041143809584; 0.00268219164259
26898.29659318637; -0.000409881754796; 0.00257512540137
26903.30661322645; -0.000408798234929; 0.00246830375099
26908.31663326653; -0.000408089880944; 0.00236396014804
26913.32665330661; -0.000405991706989; 0.00226047635225
26918.33667334669; -0.000405233262675; 0.00216100434247
26923.34669338677; -0.000404526428659; 0.00206159769157
26928.35671342685; -0.000403888226821; 0.00196302530911
26933.36673346693; -0.000402004534871; 0.00186634123992
26938.37675350701; -0.000401970988526; 0.00177158838947
26943.3867735471; -0.000400117013163; 0.00167731418359
26948.39679358717; -0.000400327724463; 0.00158340465077
26953.40681362725; -0.000396394984144; 0.00149298944213
26958.41683366734; -0.00039683615589; 0.00140223154802
26963.42685370742; -0.000396883067165; 0.00131365379189
26968.43687374749; -0.000396588368228; 0.00122618103225
26973.44689378758; -0.000395878670689; 0.00113956600518
26978.45691382766; -0.000395318200947; 0.00105432003435
26983.46693386773; -0.00039277477274; 0.000969605756297
26988.47695390782; -0.000393098431637; 0.000886756202543
26993.4869739479; -0.000392174774124; 0.000804365757305
26998.49699398798; -0.000390700348384; 0.0007246461037
27003.50701402805; -0.00038917212862; 0.000645704369547
27008.51703406814; -0.000389743719393; 0.000566922917089
27013.52705410822; -0.000388275237393; 0.000488608931729
27018.5370741483; -0.000389598059779; 0.000412124383305
27023.54709418838; -0.000386075728444; 0.000337210219533
27028.55711422846; -0.000386201885195; 0.000261444546642
27033.56713426854; -0.000385876841717; 0.000187019066866
27038.57715430862; -0.000384924061133; 0.00011428171409
27043.5871743487; -0.000383648324696; 4.32547465362e-05
27048.59719438878; -0.000383782172541; -2.89363079096e-05
27053.60721442886; -0.000383604100032; -9.92677516971e-05
27058.61723446894; -0.000382017059009; -0.000167385734802
27063.62725450902; -0.000380693431261; -0.000236974492292
27068.6372745491; -0.000380908003524; -0.000304615242758
27073.64729458918; -0.000380915427947; -0.000371434118638
27078.65731462926; -0.000379948818336; -0.000437112311857
27083.66733466934; -0.000378646940084; -0.0005025389252
27088.67735470942; -0.000378656153385; -0.000567199960971
27093.6873747495; -0.000378664106676; -0.000632032853369
27098.69739478958; -0.00037721488312; -0.000694231546136
27103.70741482966; -0.000376988354502; -0.000756211594202
27108.71743486974; -0.000376554890386; -0.000818164584197
27113.72745490982; -0.000375695426111; -0.000879581891272
27118.7374749499; -0.000375521701412; -0.00093991563534
27123.74749498998; -0.00037576566118; -0.000999162788522
27128.75751503006; -0.000374952678025; -0.00105859859743
27133.76753507014; -0.000373615063236; -0.00111522385618
27138.77755511022; -0.000373457796863; -0.00117461910769
27143.7875751503; -0.000372438314831; -0.00123143806407
27148.79759519038; -0.000372511322046; -0.00128818211558
27153.80761523046; -0.000372605065155; -0.0013418381409
27158.81763527054; -0.000372432989596; -0.00139780994468
27163.82765531062; -0.000370630151608; -0.00145252598457
27168.8376753507; -0.000370220329054; -0.00150710206442
27173.84769539078; -0.000370326423491; -0.00156063228694
27178.85771543086; -0.000370225568755; -0.00161407286539
27183.86773547094; -0.000368159713833; -0.00166546466501
27188.87775551102; -0.000369277872096; -0.00171759489623
27193.8877755511; -0.000368642782301; -0.00176879808513
27198.89779559118; -0.000368121847152; -0.00181825776479
27203.90781563126; -0.000368271321978; -0.00186987962466
27208.91783567134; -0.000366907395675; -0.00191869286262
27213.92785571142; -0.000367733908612; -0.00196776414511
27218.9378757515; -0.000367574922857; -0.00201728409053
27223.94789579158; -0.000366660100952; -0.00206412642572
27228.95791583166; -0.000365390061847; -0.00211184504019
27233.96793587174; -0.000366260096902; -0.0021596426899
27238.97795591183; -0.000365553414559; -0.0022057367664
27243.9879759519; -0.000364795373548; -0.00225235480058
27248.99799599198; -0.000364894978966; -0.00229843759854
27254.00801603206; -0.000364824509921; -0.00234278659374
27259.01803607214; -0.000363803070429; -0.00238977589765
27264.02805611222; -0.000364062356317; -0.00243213811035
27269.0380761523; -0.000363149650757; -0.00247771388572
27274.04809619239; -0.000363999296031; -0.00252107431482
27279.05811623246; -0.000363339915958; -0.00256528919786
27284.06813627254; -0.000362239369735; -0.00260763574888
27289.07815631263; -0.000362298373126; -0.00264975956002
27294.08817635271; -0.000362277921931; -0.00269185143542
27299.09819639278; -0.000361477481188; -0.00273329995245
27304.10821643287; -0.000361200265989; -0.00277449116877
27309.11823647295; -0.000361351905396; -0.00281634017731
27314.12825651302; -0.000361111600215; -0.00285653194445
27319.13827655311; -0.000360931502987; -0.00289683809263
27324.14829659319; -0.000359481454924; -0.00293564835114
27329.15831663327; -0.000359410935529; -0.00297653036716
27334.16833667335; -0.000360339148969; -0.00301462790498
27339.17835671343; -0.000360508619348; -0.00305320594836
27344.18837675351; -0.000359331627519; -0.00309184710921
27349.19839679359; -0.000359395013904; -0.00313007965306
27354.20841683367; -0.000358856759371; -0.00316768898179
27359.21843687375; -0.000358676492443; -0.00320398865764
27364.22845691383; -0.000358928887625; -0.00324352792298
27369.23847695391; -0.000357877009729; -0.00327802089316
27374.24849699399; -0.000357601277575; -0.00331461717281
27379.25851703407; -0.000358106189652; -0.00335212079387
27384.26853707415; -0.000358691462005; -0.00338703031333
27389.27855711423; -0.000356650384581; -0.00342272078658
27394.28857715431; -0.000355727728735; -0.00345700537016
27399.29859719439; -0.000356816324073; -0.00349430244772
27404.30861723447; -0.000355681639977; -0.00352766912906
27409.31863727455; -0.00035718289603; -0.00356225477143
27414.32865731463; -0.000356141647345; -0.00359603994994
27419.33867735471; -0.000356146048739; -0.00363152181207
27424.34869739479; -0.0003565760634; -0.00366306685274
27429.35871743487; -0.000356501693857; -0.00369658584906
27434.36873747495; -0.000356745390559; -0.00372955565816
27439.37875751503; -0.000355923113169; -0.00376280693665
27444.38877755511; -0.000354906812553; -0.00379544040968
27449.39879759519; -0.000355426491919; -0.00382647173052
27454.40881763527; -0.000354769578656; -0.00385890622047
27459.41883767535; -0.000354136370236; -0.00389110870141
27464.42885771543; -0.000355097563608; -0.00392272253476
27469.43887775551; -0.000354767834037; -0.0039531801445
27474.44889779559; -0.000353383558731; -0.00398344596161
27479.45891783567; -0.000353170168279; -0.00401568019542
27484.46893787575; -0.00035339657792; -0.00404524635442
27489.47895791583; -0.000352898269737; -0.004075895536
27494.48897795591; -0.000354092993452; -0.00410620053512
27499.49899799599; -0.000352008639573; -0.00413503623184
27504.50901803607; -0.000352184563788; -0.00416533982227
27509.51903807615; -0.000352666518698; -0.00419564298813
27514.52905811623; -0.000351790639735; -0.00422456613488
27519.53907815631; -0.000351867560502; -0.00425281064858
27524.54909819639; -0.00035179206758; -0.00428166602582
27529.55911823647; -0.000351458402577; -0.00430875146121
27534.56913827655; -0.000351389009918; -0.00433793436502
27539.57915831663; -0.000351509327857; -0.00436482744622
27544.58917835671; -0.000350477204204; -0.00439331875648
27549.59919839679; -0.000350733379043; -0.00442176328836
27554.60921843688; -0.000349920178447; -0.00444803198817
27559.61923847695; -0.000350912652509; -0.00447552593339
27564.62925851703; -0.000350222739174; -0.00450316891868
27569.63927855712; -0.00034935521668; -0.00453148773168
27574.64929859719; -0.000351046455723; -0.00455879616965
27579.65931863727; -0.000350410235463; -0.00458233533576
27584.66933867735; -0.000350078745235; -0.00460957773803
27589.67935871744; -0.000349964556401; -0.00463576061918
27594.68937875751; -0.000350641517681; -0.00466124132828
27599.69939879759; -0.000349575230296; -0.00468814603277
27604.70941883768; -0.00034980923953; -0.00471245628618
27609.71943887776; -0.000348619733511; -0.00473903615432
27614.72945891783; -0.000350203007185; -0.00476421464222
27619.73947895792; -0.000349398575437; -0.00478854661889
27624.749498998; -0.000349292511956; -0.00481482017424
27629.75951903807; -0.000349146448667; -0.00483911786299
27634.76953907816; -0.0003487354586; -0.00486234999711
27639.77955911824; -0.000348916651607; -0.00488740429243
27644.78957915832; -0.00034948005586; -0.00491146245686
27649.7995991984; -0.000348642588111; -0.0049353674705
27654.80961923848; -0.000348830025844; -0.00495985789374
27659.81963927856; -0.000349064877737; -0.00498343085012
27664.82965931864; -0.000348542316945; -0.00500738981381
27669.83967935872; -0.000348167192338; -0.0050303157934
27674.8496993988; -0.000347983065192; -0.00505386616657
27679.85971943888; -0.000348744014358; -0.00507632159426
27684.86973947896; -0.000349772849678; -0.00510067764588
27689.87975951904; -0.000347804854311; -0.00512221462728
27694.88977955912; -0.000348367994006; -0.00514432478581
27699.8997995992; -0.000348783472866; -0.00516758143535
27704.90981963928; -0.000347635829007; -0.00518986772161
27709.91983967936; -0.000347642910424; -0.00521233573323
27714.92985971944; -0.000347946838575; -0.00523544374775
27719.93987975952; -0.000347346594422; -0.00525733298225
27724.9498997996; -0.00034741806588; -0.00527910900248
27729.95991983968; -0.000348032236156; -0.00530121660133
27734.96993987976; -0.000347070472267; -0.00532139245617
27739.97995991984; -0.00034756480884; -0.00534448457169
27744.98997995992; -0.000347530072852; -0.00536513660081
27750; -0.00034700268511; -0.00538600793429
