% Module: Sweep, ID: c0p1t8p1cfm0
% Devices: DEV646
% Time: 2026/01/30 11:12:11
% Demod 1 Sample X, /dev646/demods/0/sample.X
% Demod 1 Sample Y, /dev646/demods/0/sample.Y
% Frequency (Hz); Demod 1 Sample X  Amplitude (V); Demod 1 Sample Y  Amplitude (V)
22659.79879638599; -0.000223785341432; -0.00725215001651
22664.81097786649; -0.000226181814828; -0.00726995108712
22669.82315934699; -0.00022865948454; -0.00728808279662
22674.8353408275; -0.000232413503069; -0.00730669109272
22679.84752230801; -0.000234034355743; -0.00732381842692
22684.85970378851; -0.000237846705722; -0.0073420136991
22689.87188526901; -0.000239408307932; -0.0073611041021
22694.88406674952; -0.000242540094704; -0.00738008327889
22699.89624823002; -0.000246570885889; -0.00739954967659
22704.90842971053; -0.00024837036235; -0.00741708217082
22709.92061119104; -0.000251230700928; -0.00743635021636
22714.93279267154; -0.000254030694641; -0.00745610487741
22719.94497415204; -0.000257363832681; -0.00747577507903
22724.95715563255; -0.000260394780701; -0.00749618530024
22729.96933711306; -0.000263266038435; -0.00751537292209
22734.98151859356; -0.000266185824632; -0.0075352340309
22739.99370007406; -0.000269873908217; -0.00755655963199
22745.00588155457; -0.000272779416595; -0.00757653115138
22750.01806303507; -0.000276488269708; -0.00759719438659
22755.03024451558; -0.000280654954147; -0.00761970555174
22760.04242599609; -0.000284585445511; -0.00763743256383
22765.05460747659; -0.000287976636459; -0.00766129732543
22770.06678895709; -0.000290549310532; -0.00768419278862
22775.0789704376; -0.000293606885088; -0.00770551829478
22780.0911519181; -0.000297973678238; -0.00772810002101
22785.10333339861; -0.000301532716821; -0.00775127557674
22790.11551487911; -0.00030516260388; -0.00777327046595
22795.12769635962; -0.000310035688204; -0.00779518297868
22800.13987784012; -0.000313360664666; -0.00781856239764
22805.15205932063; -0.000317707866074; -0.00784204424876
22810.16424080113; -0.000321721108162; -0.00786682347084
22815.17642228164; -0.000325491166997; -0.00788947384344
22820.18860376214; -0.000329170357301; -0.00791506518669
22825.20078524265; -0.000334572182735; -0.00793843557322
22830.21296672315; -0.000338293844339; -0.00796364031816
22835.22514820366; -0.000343668550847; -0.00798779868543
22840.23732968417; -0.000347099550673; -0.00801267372397
22845.24951116467; -0.000350832882213; -0.00803967290446
22850.26169264517; -0.000357530797285; -0.00806467853071
22855.27387412568; -0.0003613165475; -0.00809135278724
22860.28605560618; -0.000366388860907; -0.00811680398294
22865.29823708669; -0.000371463857892; -0.00814465898723
22870.31041856719; -0.000376946918951; -0.0081713809979
22875.3226000477; -0.000382385379756; -0.00819891547568
22880.3347815282; -0.000386130108922; -0.0082263084078
22885.34696300871; -0.000392937109248; -0.00825472705793
22890.35914448921; -0.000398403851381; -0.00828273332277
22895.37132596972; -0.000402691748556; -0.00831238711596
22900.38350745022; -0.000409671861438; -0.0083415802808
22905.39568893073; -0.000415884897028; -0.00836956357969
22910.40787041123; -0.000420842480254; -0.00840032683901
22915.42005189174; -0.000425919421113; -0.0084310291473
22920.43223337224; -0.000433340474925; -0.00846092251346
22925.44441485275; -0.000438818037906; -0.00849245852746
22930.45659633325; -0.000446006193383; -0.00852365455506
22935.46877781376; -0.000450722026301; -0.00855493096326
22940.48095929426; -0.000459009458674; -0.00858666637027
22945.49314077477; -0.000465653993443; -0.00862094288851
22950.50532225527; -0.000473159619005; -0.00865283255196
22955.51750373578; -0.000479739221383; -0.0086869063783
22960.52968521628; -0.000487319034623; -0.00872050453176
22965.54186669679; -0.000494757782458; -0.00875391087908
22970.55404817729; -0.000501173631644; -0.00878935842832
22975.5662296578; -0.000509045030137; -0.00882424045186
22980.5784111383; -0.000517128034352; -0.00886087997963
22985.59059261881; -0.000526118039863; -0.0088965123276
22990.60277409931; -0.00053392161623; -0.00893318459123
22995.61495557982; -0.000544160839016; -0.0089712171498
23000.62713706032; -0.000551541962718; -0.0090089884431
23005.63931854083; -0.000559570119455; -0.00904710985571
23010.65150002133; -0.000568800546948; -0.00908662079984
23015.66368150184; -0.000577872598789; -0.00912629936037
23020.67586298234; -0.000588059437132; -0.00916588730837
23025.68804446285; -0.00059836316861; -0.00920740605032
23030.70022594335; -0.000607542171059; -0.00924805775079
23035.71240742386; -0.000616813001669; -0.00928915152497
23040.72458890436; -0.000628787706462; -0.00933209418763
23045.73677038487; -0.000639365303632; -0.00937527334836
23050.74895186537; -0.000649912449596; -0.00941874371519
23055.76113334588; -0.000660514681042; -0.0094642600447
23060.77331482638; -0.000672243819548; -0.00950923891691
23065.78549630689; -0.000683435624206; -0.00955390265936
23070.79767778739; -0.00069556307311; -0.00960069548131
23075.8098592679; -0.000707943550559; -0.00964830801646
23080.8220407484; -0.000720715105609; -0.00969560304275
23085.83422222891; -0.00073408340259; -0.00974468458594
23090.84640370941; -0.000747323663583; -0.00979486992247
23095.85858518992; -0.000760726153053; -0.00984487246422
23100.87076667042; -0.000774738854492; -0.00989563951516
23105.88294815093; -0.000789805906185; -0.00994742467668
23110.89512963143; -0.000804065860703; -0.010001713
23115.90731111194; -0.000818625088662; -0.0100541832519
23120.91949259244; -0.000833852876579; -0.010108783952
23125.93167407295; -0.000851433258648; -0.01016461216
23130.94385555345; -0.000866814381531; -0.010221783658
23135.95603703396; -0.000884705456895; -0.010279342661
23140.96821851446; -0.00090199630128; -0.0103375830561
23145.98039999497; -0.000920200713516; -0.0103986041508
23150.99258147547; -0.000937622524545; -0.0104577877228
23156.00476295598; -0.000956734246083; -0.0105195018412
23161.01694443648; -0.000975780429913; -0.0105818661766
23166.02912591699; -0.000996955676001; -0.010645979493
23171.04130739749; -0.00101638432815; -0.0107113762383
23176.05348887799; -0.00103749926584; -0.0107770559188
23181.0656703585; -0.00106054284968; -0.0108450127108
23186.07785183901; -0.0010823824419; -0.0109142216329
23191.09003331951; -0.00110674834437; -0.0109840195955
23196.10221480002; -0.00113024457916; -0.011054501111
23201.11439628052; -0.00115534491269; -0.0111283137137
23206.12657776102; -0.00118157682119; -0.0112031295763
23211.13875924153; -0.00120601647888; -0.0112790273126
23216.15094072204; -0.00123366913065; -0.0113561846187
23221.16312220254; -0.00126163056884; -0.0114354859876
23226.17530368305; -0.00129059508463; -0.0115167319326
23231.18748516355; -0.0013218859475; -0.0115979988892
23236.19966664406; -0.00135259726377; -0.0116819256168
23241.21184812456; -0.00138476113299; -0.0117673168233
23246.22402960507; -0.00141784845898; -0.0118539461781
23251.23621108557; -0.00145244319739; -0.0119435700013
23256.24839256607; -0.0014890162546; -0.0120353717088
23261.26057404658; -0.00152577705558; -0.0121280578586
23266.27275552709; -0.00156363341386; -0.012224011866
23271.28493700759; -0.00160425672215; -0.0123200752398
23276.2971184881; -0.00164574267433; -0.0124189564824
23281.3092999686; -0.00168788423451; -0.0125192290381
23286.3214814491; -0.00173008852929; -0.0126226077615
23291.33366292961; -0.00177496237229; -0.0127220919593
23296.34584441012; -0.00182269718011; -0.0128320254264
23301.35802589062; -0.00187203763801; -0.0129424369416
23306.37020737112; -0.00192296796328; -0.0130557225463
23311.38238885163; -0.00197663041014; -0.0131716751406
23316.39457033214; -0.00203190764821; -0.013291349698
23321.40675181264; -0.00209106850312; -0.0134117309124
23326.41893329315; -0.00215134615664; -0.0135376960388
23331.43111477365; -0.00221343635135; -0.0136646214441
23336.44329625415; -0.00227995157865; -0.0137964341601
23341.45547773466; -0.00234887037269; -0.0139306821263
23346.46765921517; -0.00242022064816; -0.0140693122086
23351.47984069567; -0.00249473151751; -0.0142097849459
23356.49202217617; -0.00257280247984; -0.014355272501
23361.50420365668; -0.00265474191249; -0.0145033869235
23366.51638513718; -0.00273954081363; -0.0146552504991
23371.52856661769; -0.0028303531065; -0.0148112819763
23376.5407480982; -0.00292195896397; -0.014973657959
23381.5529295787; -0.00302205070888; -0.0151400619124
23386.5651110592; -0.00312492513941; -0.015307364365
23391.57729253971; -0.00323266712165; -0.0154820171027
23396.58947402021; -0.0033456622085; -0.0156618554956
23401.60165550072; -0.00346526061937; -0.0158461512015
23406.61383698123; -0.00359167936307; -0.0160342936292
23411.62601846173; -0.00372322131737; -0.016227511854
23416.63819994223; -0.00386278184865; -0.0164276850647
23421.65038142274; -0.00400814377217; -0.016634208414
23426.66256290325; -0.00416299274754; -0.0168454744067
23431.67474438375; -0.00432532584217; -0.0170628715991
23436.68692586425; -0.00449880845362; -0.0172847718233
23441.69910734476; -0.00468141414226; -0.0175144217064
23446.71128882526; -0.00487532973202; -0.017750602153
23451.72347030577; -0.0050791049162; -0.0179929141997
23456.73565178628; -0.00529688169436; -0.0182411582225
23461.74783326678; -0.00552682268348; -0.0184983960912
23466.76001474728; -0.00577076996333; -0.0187599731207
23471.77219622779; -0.00603115510997; -0.01903029839
23476.78437770829; -0.00630775870695; -0.0193065095207
23481.7965591888; -0.00660099711038; -0.0195899016288
23486.8087406693; -0.00691370811743; -0.0198787763227
23491.82092214981; -0.00724971845953; -0.0201755955358
23496.83310363031; -0.0076063062677; -0.0204798917311
23501.84528511082; -0.00798999766439; -0.0207882955695
23506.85746659133; -0.00839708605206; -0.0211040393565
23511.86964807183; -0.00883575461013; -0.0214244227308
23516.88182955233; -0.00930388166007; -0.0217472937113
23521.89401103284; -0.00980561925548; -0.0220739617155
23526.90619251334; -0.0103448163177; -0.0224025633512
23531.91837399385; -0.0109243242635; -0.0227337636486
23536.93055547436; -0.0115474239434; -0.0230610496117
23541.94273695486; -0.01221541145; -0.0233835860452
23546.95491843536; -0.0129348142862; -0.0236989512238
23551.96709991587; -0.0137068439046; -0.0240026702532
23556.97928139637; -0.0145389661905; -0.0242914593731
23561.99146287688; -0.0154328329056; -0.0245593758025
23567.00364435738; -0.0163918780925; -0.0247983262803
23572.01582583789; -0.0174219906084; -0.0250042681778
23577.02800731839; -0.0185257414105; -0.0251643120768
23582.0401887989; -0.0197079709797; -0.0252719744456
23587.0523702794; -0.0209687841558; -0.0253120485458
23592.06455175991; -0.0223081864292; -0.025271640532
23597.07673324041; -0.0237241651914; -0.0251329685906
23602.08891472092; -0.0252160784826; -0.0248828314756
23607.10109620142; -0.0267727690233; -0.0245022989438
23612.11327768193; -0.0283886392584; -0.0239670569744
23617.12545916243; -0.0300464990487; -0.023263784959
23622.13764064294; -0.0317225282812; -0.0223661901255
23627.14982212344; -0.0333925039301; -0.0212625644168
23632.16200360395; -0.0350225460618; -0.0199365927303
23637.17418508445; -0.036577298586; -0.0183826799897
23642.18636656496; -0.0380148206527; -0.0166048671408
23647.19854804546; -0.039290248812; -0.0146075981675
23652.21072952597; -0.0403579895747; -0.0124161976866
23657.22291100647; -0.0411804551423; -0.0100602806864
23662.23509248698; -0.0417238462168; -0.00758499789124
23667.24727396748; -0.0419640042288; -0.00504407137396
23672.25945544799; -0.0418956387881; -0.00248598460894
23677.27163692849; -0.0415226909514; 2.71463757523e-05
23682.283818409; -0.0408541112584; 0.00244483584643
23687.2959998895; -0.0399260784608; 0.00472184364393
23692.30818137001; -0.0387722693812; 0.00681761757559
23697.32036285051; -0.0374352751233; 0.00870631596988
23702.33254433102; -0.0359619166973; 0.0103747713142
23707.34472581152; -0.0343913664074; 0.0118165107242
23712.35690729203; -0.0327661917591; 0.0130359471162
23717.36908877253; -0.0311177642511; 0.0140460517142
23722.38127025304; -0.0294765344874; 0.0148556850971
23727.39345173354; -0.0278657207975; 0.0154901951195
23732.40563321405; -0.0263019126009; 0.0159643345809
23737.41781469455; -0.0247981931979; 0.0162974875094
23742.42999617506; -0.0233645845963; 0.0165100689432
23747.44217765556; -0.0220058836802; 0.0166220138302
23752.45435913607; -0.0207232200459; 0.0166432643793
23757.46654061657; -0.0195150498941; 0.0165916760067
23762.47872209708; -0.0183829715563; 0.0164808213181
23767.49090357758; -0.017325030013; 0.0163198678506
23772.50308505809; -0.0163372043349; 0.0161183289529
23777.51526653859; -0.0154164272882; 0.0158876578624
23782.5274480191; -0.0145580752686; 0.0156313711747
23787.5396294996; -0.0137596480649; 0.0153555104946
23792.55181098011; -0.0130154285755; 0.0150656657284
23797.56399246061; -0.0123229604474; 0.0147648861157
23802.57617394112; -0.0116757244476; 0.0144572288716
23807.58835542162; -0.0110749687462; 0.0141461697257
23812.60053690213; -0.0105119284123; 0.0138332165734
23817.61271838263; -0.00998803479447; 0.0135207825206
23822.62489986314; -0.00950203797663; 0.013208949474
23827.63708134364; -0.00904531231712; 0.0129015449554
23832.64926282415; -0.00861697721811; 0.0125977654455
23837.66144430465; -0.00821915691901; 0.0122979137472
23842.67362578516; -0.00784486800973; 0.0120033357285
23847.68580726566; -0.00749588927469; 0.0117162059451
23852.69798874617; -0.00716707708052; 0.011434775406
23857.71017022667; -0.00685865185561; 0.0111575316017
23862.72235170718; -0.00656823612368; 0.0108889175788
23867.73453318768; -0.00629580827658; 0.0106239469453
23872.74671466818; -0.00603911893741; 0.0103673676107
23877.75889614869; -0.005797937095; 0.0101159802343
23882.7710776292; -0.00556905718269; 0.00987225794879
23887.7832591097; -0.00535250863743; 0.00963513046536
23892.79544059021; -0.00514942920306; 0.00940261520091
23897.80762207071; -0.00495718158811; 0.00917720076307
23902.81980355122; -0.00477497539627; 0.00895774808546
23907.83198503172; -0.00460259763849; 0.00874421309782
23912.84416651223; -0.00443904777482; 0.00853542626871
23917.85634799273; -0.00428333964898; 0.00833324312517
23922.86852947323; -0.00413659448589; 0.00813580205755
23927.88071095374; -0.00399681710273; 0.00794368077556
23932.89289243425; -0.00386299991454; 0.00775726833733
23937.90507391475; -0.00373721750326; 0.00757467550011
23942.91725539526; -0.00361499586944; 0.00739577173764
23947.92943687576; -0.00350092989241; 0.00722415663732
23952.94161835626; -0.00339066804232; 0.0070561385075
23957.95379983677; -0.00328599825377; 0.00689196695278
23962.96598131728; -0.00318689403007; 0.00673280220975
23967.97816279778; -0.00309118778181; 0.00657728238877
23972.99034427829; -0.00299911875248; 0.00642483879091
23978.00252575879; -0.00291213152492; 0.00627781090669
23983.01470723929; -0.00282794346692; 0.0061325733405
23988.0268887198; -0.00274827628919; 0.00599170721821
23993.03907020031; -0.00267143278067; 0.00585520460287
23998.05125168081; -0.00259837725185; 0.0057212631386
24003.06343316131; -0.002527934647; 0.00559043104147
24008.07561464182; -0.00246010103073; 0.00546209583078
24013.08779612232; -0.00239536517275; 0.00533765168521
24018.09997760283; -0.00233291070352; 0.00521669827816
24023.11215908334; -0.00227269787424; 0.00509762879601
24028.12434056384; -0.00221619894375; 0.00498052128604
24033.13652204434; -0.00216000042242; 0.00486927085856
24038.14870352485; -0.00210702865714; 0.00475641939831
24043.16088500536; -0.00205645173362; 0.00464748339712
24048.17306648586; -0.00200772587776; 0.00454150582354
24053.18524796636; -0.00195954522324; 0.00443768724826
24058.19742944687; -0.00191462646975; 0.00433529062057
24063.20961092737; -0.00187109761531; 0.0042350545812
24068.22179240788; -0.00183016681001; 0.00413838771411
24073.23397388839; -0.00179120346649; 0.00404130020183
24078.24615536889; -0.00175299572018; 0.00394807749906
24083.25833684939; -0.00171730254964; 0.00385670318968
24088.2705183299; -0.00168594647484; 0.00376747485741
24093.2826998104; -0.00165448860442; 0.00368178094169
24098.29488129091; -0.00162480245583; 0.00359929255302
24103.30706277142; -0.00159529713899; 0.00352149469506
24108.31924425192; -0.00156480668604; 0.00344589232893
24113.33142573242; -0.00153312772184; 0.00337526713138
24118.34360721293; -0.00149952536702; 0.00330313108296
24123.35578869344; -0.00146519884122; 0.00323021626655
24128.36797017394; -0.00143276298171; 0.00315766274654
24133.38015165444; -0.0014007458169; 0.00308422802414
24138.39233313495; -0.0013708365152; 0.00301226228493
24143.40451461545; -0.00134014540861; 0.00293967950466
24148.41669609596; -0.00131421284654; 0.00287114459981
24153.42887757647; -0.00128664834188; 0.00280208570485
24158.44105905697; -0.00126112414059; 0.00273368469554
24163.45324053747; -0.00123612030206; 0.00266634078767
24168.46542201798; -0.001211992911; 0.00260197489491
24173.47760349848; -0.00118951130797; 0.00253686863101
24178.48978497899; -0.00116701928911; 0.00247345382757
24183.50196645949; -0.00114605312178; 0.00241208399818
24188.51414794; -0.00112438034134; 0.00235152714327
24193.5263294205; -0.00110468515583; 0.00229110420752
24198.53851090101; -0.00108488452112; 0.00223202283882
24203.55069238151; -0.00106563912582; 0.00217568518096
24208.56287386202; -0.00104673246106; 0.00211900115244
24213.57505534252; -0.00102880457756; 0.00206343436223
24218.58723682303; -0.00101248102264; 0.0020080243178
24223.59941830353; -0.000994013930027; 0.00195368627649
24228.61159978404; -0.000978498178217; 0.00190154096505
24233.62378126454; -0.000961540768069; 0.00184950824537
24238.63596274505; -0.000946233002622; 0.00179755318265
24243.64814422555; -0.000930816396616; 0.0017469613553
24248.66032570606; -0.000915347043163; 0.00169845501358
24253.67250718656; -0.000901942675127; 0.00164992243818
24258.68468866707; -0.000886884955722; 0.00160021585659
24263.69687014757; -0.000872824823911; 0.0015542212253
24268.70905162808; -0.00085955399425; 0.00150713529854
24273.72123310858; -0.000846920071632; 0.00146139918565
24278.73341458909; -0.000833489866688; 0.00141682273406
24283.74559606959; -0.000820613187979; 0.00137161911041
24288.7577775501; -0.000808915448537; 0.00132888456488
24293.7699590306; -0.00079620273433; 0.00128621880404
24298.78214051111; -0.000785638972435; 0.00124350687338
24303.79432199161; -0.000773766390182; 0.001201905239
24308.80650347212; -0.000763012854185; 0.0011607838475
24313.81868495262; -0.000751794408222; 0.00112027504924
24318.83086643313; -0.000740897409247; 0.00107936584601
24323.84304791363; -0.000730872970845; 0.00104027263463
24328.85522939414; -0.000720733079174; 0.00100177154627
24333.86741087464; -0.0007110447132; 0.000963503230403
24338.87959235515; -0.000699712833844; 0.000925065549491
24343.89177383565; -0.000691018498952; 0.000888157446868
24348.90395531616; -0.00068197291349; 0.000850329045297
24353.91613679666; -0.000672409565307; 0.00081578012792
24358.92831827717; -0.000662862549511; 0.000779485859395
24363.94049975767; -0.000654438454257; 0.000744401089884
24368.95268123818; -0.000646024325993; 0.00070879536045
24373.96486271868; -0.000637020176356; 0.000674342288446
24378.97704419919; -0.000629046522476; 0.000640873505999
24383.98922567969; -0.000621224478306; 0.000607382783854
24389.0014071602; -0.000612415130612; 0.000574794693019
24394.0135886407; -0.000605903074894; 0.000541532272143
24399.02577012121; -0.000597648762841; 0.000510446317204
24404.03795160171; -0.000590048922084; 0.000478729578155
24409.05013308222; -0.000583548774921; 0.000447644115993
24414.06231456272; -0.00057647676603; 0.000416795997768
24419.07449604323; -0.000567869868236; 0.000386198673365
24424.08667752373; -0.000562469828981; 0.000354276882534
24429.09885900424; -0.000554309389965; 0.000326067261478
24434.11104048474; -0.000548259583866; 0.000297041258654
24439.12322196525; -0.000541424528753; 0.000267425978315
24444.13540344575; -0.000534950023419; 0.000237999323216
24449.14758492626; -0.000528749474162; 0.000209580376008
24454.15976640676; -0.00052275655534; 0.000181980989538
24459.17194788727; -0.000516917817495; 0.000153987750197
24464.18412936777; -0.000510648196864; 0.000127404754051
24469.19631084828; -0.000505557518116; 9.9594596331e-05
24474.20849232878; -0.000500555140941; 7.2471140907e-05
24479.22067380929; -0.000493831189881; 4.60563329388e-05
24484.23285528979; -0.000488807644633; 2.04860573726e-05
24489.24503677029; -0.000482777422892; -4.50637199548e-06
24494.2572182508; -0.000477573997145; -3.08536044574e-05
24499.26939973131; -0.000473111818552; -5.60205086318e-05
24504.28158121181; -0.000467242609039; -8.10703722069e-05
24509.29376269232; -0.000462137719011; -0.000106004705281
24514.30594417282; -0.000457623039205; -0.000130285584152
24519.31812565333; -0.000453434358912; -0.000154559013531
24524.33030713383; -0.000447176905302; -0.000177648448186
24529.34248861434; -0.000442896127922; -0.000203122532221
24534.35467009484; -0.000438835840776; -0.000224845948467
24539.36685157535; -0.000433446042052; -0.000249023162468
24544.37903305585; -0.000429110626121; -0.000271425427667
24549.39121453636; -0.000425105089913; -0.000293568663463
24554.40339601686; -0.00042046042286; -0.000315459496415
24559.41557749737; -0.000416347502883; -0.000338568358655
24564.42775897787; -0.000411359628454; -0.000360564481268
24569.43994045837; -0.000407640204267; -0.000382213918685
24574.45212193888; -0.000403712781177; -0.00040383712965
24579.46430341939; -0.000399803804352; -0.000423861686645
24584.47648489989; -0.000394952016718; -0.000445902346742
24589.4886663804; -0.00039189166443; -0.0004659377882
24594.5008478609; -0.000387618710932; -0.000486254824844
24599.5130293414; -0.000385480724622; -0.000506931090633
24604.52521082191; -0.000380741654909; -0.000528451382663
24609.53739230242; -0.00037741354948; -0.000546267247181
24614.54957378292; -0.000374214510591; -0.000566275289939
24619.56175526342; -0.000369961719842; -0.000586858584319
24624.57393674393; -0.000366863453704; -0.00060605881297
24629.58611822444; -0.000363616306049; -0.000625562652739
24634.59829970494; -0.000358981421213; -0.000644056446427
24639.61048118545; -0.00035690612457; -0.00066394941146
24644.62266266595; -0.000351950882455; -0.000681478821645
24649.63484414645; -0.000349717264237; -0.000701160932505
24654.64702562696; -0.000346909408488; -0.000717809655386
24659.65920710747; -0.00034282442422; -0.000736583620856
24664.67138858797; -0.00034013489155; -0.000753579101857
24669.68357006848; -0.000336736584423; -0.000771948699228
24674.69575154898; -0.00033415215972; -0.000790467100423
24679.70793302948; -0.000331153893783; -0.000808180466396
24684.72011450999; -0.000329407105153; -0.000824148469145
24689.7322959905; -0.000326209608593; -0.000842486837684
24694.744477471; -0.00032256687812; -0.000859401166369
24699.7566589515; -0.000320296886227; -0.00087505107787
24704.76884043201; -0.000318162680126; -0.000892349009432
24709.78102191252; -0.000316730577771; -0.000908181709089
24714.79320339302; -0.000313263734739; -0.000925014739918
24719.80538487353; -0.000309591635922; -0.000942448375039
24724.81756635403; -0.0003063838386; -0.000957461815887
24729.82974783453; -0.000304722660503; -0.000973933628234
24734.84192931504; -0.000302263871138; -0.000989649731991
24739.85411079555; -0.000300123930954; -0.00100457834493
24744.86629227605; -0.000297605363117; -0.00101979297304
24749.87847375655; -0.000295098652374; -0.00103638729699
24754.89065523706; -0.000292421149107; -0.00105096808011
24759.90283671756; -0.00028983904413; -0.00106746931549
24764.91501819807; -0.000288099932302; -0.00108140694193
24769.92719967858; -0.000285246718673; -0.00109577439676
24774.93938115908; -0.000283814292852; -0.00111057660666
24779.95156263958; -0.000282154792471; -0.00112570078317
24784.96374412009; -0.000278702945577; -0.00114072327253
24789.97592560059; -0.000276921050059; -0.001154152829
24794.9881070811; -0.000274771731049; -0.00116883721352
24800.0002885616; -0.000272526732361; -0.0011832034401
24805.01247004211; -0.000270515516559; -0.00119702766554
24810.02465152261; -0.000267818109392; -0.00121028697411
24815.03683300312; -0.00026584066592; -0.00122542861249
24820.04901448362; -0.000265081813515; -0.00123821197532
24825.06119596413; -0.000262838466696; -0.00125214743888
24830.07337744463; -0.000260765845861; -0.00126572109719
24835.08555892514; -0.000258261322303; -0.0012788878249
24840.09774040564; -0.00025617659791; -0.00129321771765
24845.10992188615; -0.000255264881238; -0.00130544704478
24850.12210336666; -0.000252630947057; -0.00131986260607
24855.13428484716; -0.000250761745135; -0.00133184863418
24860.14646632766; -0.000249345681164; -0.0013443027313
24865.15864780817; -0.000247401371089; -0.00135804871868
24870.17082928867; -0.000245923804391; -0.00137022831618
24875.18301076918; -0.00024380194562; -0.00138337872943
24880.19519224968; -0.00024135970103; -0.00139615546363
24885.20737373019; -0.000240221698657; -0.00140710952896
24890.21955521069; -0.000238095898983; -0.00141978851291
24895.2317366912; -0.000236810374343; -0.0014325994896
24900.24391817171; -0.000234468812733; -0.00144422278806
24905.25609965221; -0.000233749431816; -0.00145588742087
24910.26828113271; -0.000232481416273; -0.00146803392189
24915.28046261322; -0.000230947998698; -0.00148050212198
24920.29264409372; -0.000229728813085; -0.00149109552684
24925.30482557423; -0.000227120656273; -0.00150392722691
24930.31700705473; -0.00022663610218; -0.00151515391445
24935.32918853524; -0.000225138428117; -0.00152694655548
24940.34137001574; -0.000222434209929; -0.00153888275318
24945.35355149625; -0.000220774094386; -0.00154894903711
24950.36573297675; -0.000220085254983; -0.00156124365617
24955.37791445726; -0.000219486647872; -0.00157248403691
24960.39009593776; -0.000218675466256; -0.00158184150022
24965.40227741827; -0.000216044704197; -0.00159473220183
24970.41445889877; -0.000214265842492; -0.00160414405499
24975.42664037928; -0.000212567255013; -0.00161605689921
24980.43882185978; -0.000212602482441; -0.00162516399947
24985.45100334029; -0.000210702130842; -0.00163655371789
24990.46318482079; -0.000209751970466; -0.00164699105243
24995.4753663013; -0.000207761905044; -0.00165794496261
25000.4875477818; -0.000205924379729; -0.00166931929434
25005.49972926231; -0.000205238651909; -0.00167873690805
25010.51191074281; -0.0002045504659; -0.00168924218103
25015.52409222332; -0.000203271964591; -0.00170016147948
25020.53627370382; -0.000201446373063; -0.00171012051672
25025.54845518433; -0.000200908788365; -0.00171989010408
25030.56063666483; -0.000198744563756; -0.00173067378097
25035.57281814534; -0.000197821896774; -0.00173998512155
25040.58499962584; -0.000196440032523; -0.00174993785939
25045.59718110635; -0.000195105661876; -0.0017596813093
25050.60936258685; -0.000194395783479; -0.00177110693992
25055.62154406736; -0.000192975199366; -0.00177989977861
25060.63372554786; -0.000191902577467; -0.00178991033412
25065.64590702837; -0.000190735121979; -0.00179872037229
25070.65808850887; -0.000190407207514; -0.0018096983785
25075.67026998938; -0.00018947486447; -0.00181752516543
25080.68245146988; -0.000188100075782; -0.00182821312133
25085.69463295039; -0.000186240245764; -0.00183693942961
25090.70681443089; -0.000185473325089; -0.00184630783577
25095.7189959114; -0.000185054738556; -0.00185588709964
25100.7311773919; -0.000182488724886; -0.00186457981867
25105.74335887241; -0.000181687063021; -0.00187407754091
25110.75554035291; -0.000180980302669; -0.00188261052318
25115.76772183342; -0.000180754788978; -0.001891530615
25120.77990331392; -0.000179313140948; -0.00190046375485
25125.79208479443; -0.000178978862546; -0.0019089960075
25130.80426627493; -0.00017761203028; -0.00192005102443
25135.81644775544; -0.000175137031298; -0.0019273681266
25140.82862923594; -0.000175936929599; -0.001936672227
25145.84081071645; -0.000174546140836; -0.00194477194745
25150.85299219695; -0.000173111134516; -0.00195267777167
25155.86517367746; -0.000172406016573; -0.00196207744589
25160.87735515796; -0.00017180722869; -0.00197166757169
