% Module: Sweep, ID: c0p1t8p1cfm0
% Devices: DEV646
% Time: 2026/01/13 14:43:28
% Demod 1 Sample X, /dev646/demods/0/sample.X
% Demod 1 Sample Y, /dev646/demods/0/sample.Y
% Frequency (Hz); Demod 1 Sample X  Amplitude (V); Demod 1 Sample Y  Amplitude (V)
22535.8134577534; -0.000552874660649; -0.0605466003316
22538.16741628108; -0.000546464991321; -0.0602208956877
22540.52162068943; -0.000561277649677; -0.0603925815379
22542.87607100416; -0.000567817475716; -0.0606105583735
22545.23076725088; -0.000570515633509; -0.0606206619053
22547.58570945532; -0.000573678571728; -0.0606491952819
22549.94089764317; -0.000577255056406; -0.0606697150924
22552.29633184013; -0.000580125087969; -0.0606866654413
22554.65201207189; -0.000584355981942; -0.0607053028941
22557.0079383642; -0.000585967485097; -0.0607234235119
22559.36411074267; -0.000589562207729; -0.0607383914474
22561.72052923304; -0.00059268653801; -0.0607550298806
22564.07719386103; -0.000596817805557; -0.0607710766383
22566.43410465236; -0.000600272006561; -0.0607855379116
22568.79126163276; -0.000602972355463; -0.0608017171598
22571.14866482787; -0.000605479955835; -0.0608183464695
22573.50631426345; -0.000609641340736; -0.0608358446571
22575.86420996523; -0.000612580402363; -0.0608540419255
22578.22235195892; -0.000616182659181; -0.0608464128334
22580.5807402703; -0.000619154861514; -0.0608718127463
22582.93937492501; -0.000622313196204; -0.0608900595813
22585.29825594883; -0.000626039636031; -0.0609029774973
22587.65738336748; -0.000628309359073; -0.0609217209053
22590.0167572067; -0.000631890643513; -0.0609382851229
22592.37637749224; -0.000635480570384; -0.0609551030913
22594.73624424988; -0.00063938473491; -0.0609766925354
22597.09635750528; -0.000643025336507; -0.0609913375312
22599.45671728423; -0.000646043838657; -0.0610117870261
22601.81732361247; -0.000649626544194; -0.06103238768
22604.17817651578; -0.000652844550201; -0.0610622418874
22606.53927601993; -0.000656027481321; -0.0610796840518
22608.90062215061; -0.00066006013384; -0.0610960985689
22611.26221493361; -0.00066336567387; -0.0611184748907
22613.62405439471; -0.000667366530241; -0.0611413379642
22615.98614055966; -0.000670732869757; -0.0611629503591
22618.34847345429; -0.000674039016026; -0.0611779136493
22620.71105310428; -0.000678459072555; -0.061193998451
22623.07387953543; -0.000681677754417; -0.0612144607732
22625.43695277354; -0.000685707843284; -0.0612342303527
22627.80027284439; -0.000689350004981; -0.0612528528544
22630.16383977374; -0.000692331485754; -0.0612716548521
22632.52765358744; -0.000696389150939; -0.0612895944128
22634.89171431119; -0.000700055853372; -0.061308690419
22637.25602197081; -0.000703698404074; -0.0613248223632
22639.62057659211; -0.000707469411077; -0.0613435341241
22641.98537820087; -0.000711648483385; -0.061361762605
22644.35042682295; -0.000714736323913; -0.0613807368074
22646.71572248405; -0.000719051769251; -0.0614022044869
22649.08126521002; -0.000722746900167; -0.0614192676687
22651.44705502667; -0.000726488932371; -0.0614394207311
22653.81309195982; -0.000729933730549; -0.0614592839361
22656.17937603531; -0.000734868283061; -0.061477927235
22658.54590727887; -0.000738871010074; -0.0614969947532
22660.91268571636; -0.000743140243751; -0.061515804474
22663.27971137362; -0.00074588652531; -0.0615348156696
22665.64698427645; -0.000750733977728; -0.0615543939578
22668.01450445068; -0.000755755020171; -0.0615741529031
22670.38227192219; -0.000758658373364; -0.0615930878884
22672.75028671672; -0.000763051645355; -0.0616136230865
22675.11854886015; -0.000766904788765; -0.0616332740442
22677.48705837832; -0.000771138549934; -0.0616527400942
22679.85581529705; -0.00077438366056; -0.0616725331643
22682.22481964225; -0.000779662860776; -0.0616919957612
22684.59407143966; -0.000783778052862; -0.0617124895603
22686.96357071519; -0.000787508931521; -0.0617300764174
22689.33331749466; -0.000791661473988; -0.0617499137124
22691.70331180395; -0.000796208114099; -0.0617721549544
22694.07355366895; -0.000801060885978; -0.061791649282
22696.44404311543; -0.000805437746042; -0.0618107369797
22698.8147801693; -0.000809917571734; -0.0618299748336
22701.18576485641; -0.000814166137961; -0.061849572147
22703.55699720264; -0.000819634764275; -0.0618713488794
22705.92847723386; -0.000823004131142; -0.061893285038
22708.30020497597; -0.000827839853777; -0.0619141366595
22710.67218045477; -0.000831928844564; -0.0619359462771
22713.04440369618; -0.00083666483954; -0.0619564623797
22715.41687472608; -0.000841727353346; -0.0619843257619
22717.78959357034; -0.000845701277255; -0.0620081328412
22720.16256025491; -0.000848595674628; -0.0619287955833
22722.53577480557; -0.000856141309301; -0.0620008044491
22724.90923724827; -0.000861070274348; -0.0620683800242
22727.28294760889; -0.00086624080824; -0.0620945401037
22729.65690591334; -0.000871352854832; -0.0621163282833
22732.03111218755; -0.000876096042065; -0.0621260107237
22734.40556645735; -0.000880614963471; -0.0621487957367
22736.78026874867; -0.000885550095683; -0.0621712639223
22739.15521908742; -0.00089158444633; -0.0621916340869
22741.53041749952; -0.000895418290002; -0.0622151984913
22743.90586401087; -0.000902138141388; -0.0622444391551
22746.28155864745; -0.000905568335126; -0.0622671331619
22748.65750143506; -0.000910631460402; -0.0622881842944
22751.03369239968; -0.000916280433068; -0.062311741538
22753.41013156724; -0.000921187720574; -0.0623329889889
22755.78681896365; -0.000926142120524; -0.0623532965085
22758.1637546149; -0.000931850767275; -0.0623765278399
22760.54093854682; -0.000936838710936; -0.0623976145536
22762.91837078539; -0.000941760173722; -0.062421797924
22765.29605135655; -0.000947501623097; -0.0624449271535
22767.67398028624; -0.000952890015185; -0.0624683604486
22770.05215760044; -0.000958808846562; -0.0624903494664
22772.43058332501; -0.000964254745242; -0.0625106551047
22774.80925748595; -0.000969083468316; -0.0625337131302
22777.1881801092; -0.000975233603389; -0.0625579308679
22779.56735122071; -0.000981386657659; -0.062587690137
22781.94677084644; -0.000986583770931; -0.0626087799399
22784.32643901241; -0.000991708285086; -0.0626347190649
22786.70635574446; -0.000998432383917; -0.0626624425836
22789.08652106862; -0.00100399856478; -0.0626865450222
22791.46693501085; -0.00101040286403; -0.0627080603405
22793.84759759711; -0.00101592702807; -0.0627324124244
22796.22850885344; -0.00102186537803; -0.0627550916057
22798.6096688057; -0.00102727836416; -0.0627798930803
22800.99107747994; -0.00103373336768; -0.0628038448124
22803.37273490211; -0.00104033991283; -0.0628247073065
22805.75464109821; -0.00104578089005; -0.0628518466148
22808.13679609427; -0.00105266139105; -0.0628743273026
22810.51919991618; -0.00105883627155; -0.0628988691955
22812.90185258998; -0.00106531501418; -0.062922181013
22815.28475414167; -0.00107221055823; -0.0629465996425
22817.66790459724; -0.00107739981324; -0.0629684677677
22820.05130398268; -0.00108413605055; -0.0629938467312
22822.43495232406; -0.00109067490642; -0.063017435049
22824.81884964728; -0.00109720720943; -0.063043166457
22827.20299597839; -0.00110403229909; -0.0630686226252
22829.5873913434; -0.00111040870656; -0.0630931721686
22831.97203576833; -0.0011175480258; -0.0631169842842
22834.35692927923; -0.00112316352907; -0.0631428758799
22836.74207190204; -0.00113023461256; -0.06317026267
22839.12746366282; -0.00113768830307; -0.0631955921304
22841.51310458759; -0.00114449925091; -0.063219026532
22843.89899470238; -0.0011510427307; -0.0632454955427
22846.28513403327; -0.00115736680849; -0.0632697962005
22848.67152260619; -0.00116463909494; -0.0632952706897
22851.05816044722; -0.00117161002392; -0.0633239727454
22853.44504758241; -0.00117882394008; -0.0633489001199
22855.83218403779; -0.0011859776446; -0.0633759708754
22858.2195698394; -0.00119351151803; -0.0634012309335
22860.60720501334; -0.00120056842024; -0.0634267817711
22862.99508958556; -0.00120842397005; -0.0634534198259
22865.38322358216; -0.00121597758806; -0.063481240502
22867.77160702919; -0.00122257964384; -0.0635067150383
22870.1602399527; -0.00123039495853; -0.0635323127302
22872.54912237881; -0.00123851197939; -0.063560903216
22874.93825433348; -0.001246386897; -0.0635892141268
22877.32763584282; -0.00125381299204; -0.0636150073228
22879.7172669329; -0.00126214716401; -0.0636382145979
22882.10714762979; -0.00126874502226; -0.0636672009604
22884.49727795961; -0.00127746238033; -0.0636946661851
22886.88765794834; -0.00128506902034; -0.0637202166546
22889.2782876221; -0.00129384590972; -0.0637462983299
22891.66916700697; -0.00130035148943; -0.0637745083421
22894.06029612905; -0.00130899495882; -0.0638032021902
22896.45167501441; -0.00131779105309; -0.0638293097181
22898.84330368919; -0.00132610464884; -0.0638567765162
22901.23518217939; -0.00133416871825; -0.063883676493
22903.62731051114; -0.0013429508137; -0.0639142186733
22906.01968871056; -0.00135065825085; -0.0639426311504
22908.41231680373; -0.00135913926899; -0.0639705521977
22910.8051948168; -0.00136843337732; -0.0639975701382
22913.19832277579; -0.00137725343348; -0.0640267000863
22915.59170070685; -0.00138612162571; -0.064056091537
22917.9853286361; -0.00139412682227; -0.0640834481236
22920.37920658963; -0.00140396462761; -0.0641147064843
22922.77333459363; -0.00141262978232; -0.0641409280876
22925.16771267411; -0.0014215414574; -0.0641687238834
22927.56234085724; -0.00143117444773; -0.064200583523
22929.95721916915; -0.0014411809478; -0.0642310465508
22932.35234763596; -0.00144817166822; -0.0642621910299
22934.7477262838; -0.00145844990464; -0.0642905880099
22937.14335513885; -0.00146810772787; -0.0643212739803
22939.53923422716; -0.00147702311578; -0.064350140174
22941.93536357491; -0.00148684192708; -0.0643798790814
22944.33174320823; -0.00149683096505; -0.0644095635421
22946.72837315328; -0.00150654315137; -0.0644410891857
22949.12525343624; -0.00151663562036; -0.0644722521239
22951.52238408317; -0.00152745563008; -0.0645019878868
22953.91976512027; -0.00153657304957; -0.0645333383453
22956.31739657369; -0.00154679936232; -0.064563321168
22958.7152784696; -0.00155685548402; -0.064596308057
22961.11341083419; -0.0015677069375; -0.0646281210004
22963.51179369353; -0.00157743892464; -0.0646568034295
22965.91042707384; -0.00158826915489; -0.0646869432302
22968.30931100129; -0.00159762838753; -0.0647191830797
22970.70844550204; -0.00160910408402; -0.0647513201334
22973.10783060227; -0.00161969002554; -0.0647838976809
22975.5074663282; -0.00163104068432; -0.0648178858785
22977.90735270593; -0.00164142824939; -0.0648493054608
22980.30748976166; -0.0016529482479; -0.0648805972195
22982.7078775216; -0.00166408357221; -0.0649139124064
22985.10851601193; -0.00167451719716; -0.0649454779636
22987.50940525887; -0.0016862105237; -0.0649796767519
22989.91054528855; -0.00169767173013; -0.0650127888267
22992.31193612718; -0.00170902244561; -0.0650478972741
22994.71357780098; -0.00172094499488; -0.0650782550244
22997.11547033614; -0.00173212746541; -0.0651083433808
22999.51761375892; -0.00174465398472; -0.0651433267018
23001.92000809543; -0.00175730819047; -0.0651776610844
23004.32265337191; -0.00176834672109; -0.0652053344288
23006.72554961459; -0.00178035148708; -0.0652421466001
23009.12869684968; -0.00179238292553; -0.0652844312374
23011.5320951034; -0.00180437720284; -0.0653135425279
23013.93574440201; -0.00181731972026; -0.0653543497531
23016.33964477164; -0.00183081551322; -0.0653880858229
23018.74379623856; -0.00184284307669; -0.0654222781595
23021.148198829; -0.00185611728525; -0.0654596787548
23023.5528525692; -0.00186946759374; -0.0654892520731
23025.95775748543; -0.00188167520702; -0.0655152313366
23028.36291360384; -0.00189520241089; -0.0655491984021
23030.76832095071; -0.00190833464795; -0.0655977491839
23033.17397955229; -0.00192211909089; -0.0656310161933
23035.57988943481; -0.00193520844819; -0.0656695614237
23037.98605062453; -0.00194930847603; -0.0657067330562
23040.39246314774; -0.00196340763963; -0.06574562207
23042.7991270306; -0.00197733583425; -0.0657828053593
23045.20604229942; -0.00199137190794; -0.0658200632914
23047.61320898045; -0.00200626871551; -0.0658543070235
23050.02062709995; -0.00201927569146; -0.0658947167958
23052.42829668424; -0.00203506989557; -0.0659317997805
23054.83621775948; -0.00205060775347; -0.0659747187239
23057.244390352; -0.002064540751; -0.0660147969149
23059.65281448806; -0.00207979462982; -0.0660491516062
23062.06149019394; -0.00209609209114; -0.0660892847006
23064.47041749597; -0.0021109279589; -0.0661289199312
23066.87959642033; -0.00212625250036; -0.0661674983696
23069.28902699335; -0.00214212704323; -0.0662041882775
23071.69870924131; -0.00215865324197; -0.0662482600121
23074.10864319051; -0.0021744039343; -0.066288840589
23076.51882886724; -0.00219039041447; -0.0663274670459
23078.92926629783; -0.00220753210756; -0.0663608251924
23081.33995550849; -0.00222319201698; -0.0664099515753
23083.75089652557; -0.00224055287475; -0.0664495478115
23086.16208937537; -0.00225712852928; -0.0664878122812
23088.57353408419; -0.00227351697781; -0.0665291295864
23090.98523067839; -0.00229134732685; -0.0665708661484
23093.39717918418; -0.00230844178919; -0.0666104661711
23095.80937962793; -0.0023269347344; -0.0666526249864
23098.22183203595; -0.00234366577946; -0.0666951101273
23100.63453643456; -0.0023624579235; -0.0667366072056
23103.04749285013; -0.00238143894517; -0.0667793107395
23105.46070130888; -0.0023987082384; -0.0668229559176
23107.8741618372; -0.00241775597594; -0.0668611413315
23110.28787446141; -0.00243706535808; -0.0669035096885
23112.70183920784; -0.00245653710039; -0.0669589994308
23115.11605610283; -0.00247589647739; -0.0670026609966
23117.53052517277; -0.00249424581186; -0.0670457147823
23119.9452464439; -0.0025144610012; -0.0670836771881
23122.36021994261; -0.00253435172451; -0.0671298998225
23124.77544569525; -0.00255429383301; -0.0671738547591
23127.19092372816; -0.00257510907156; -0.0672173776352
23129.60665406775; -0.00259498095937; -0.0672653792366
23132.02263674028; -0.00261571072631; -0.067313460445
23134.43887177214; -0.00263706149453; -0.0673578117574
23136.85535918971; -0.00265873793856; -0.0674043322466
23139.27209901934; -0.00268041473645; -0.0674561106858
23141.68909128745; -0.00270189258672; -0.0674985246524
23144.1063360203; -0.00272351032868; -0.0675361417817
23146.52383324432; -0.00274662627148; -0.0675813034037
23148.94158298588; -0.00276844255837; -0.0676295901997
23151.35958527137; -0.0027914571621; -0.0676773567013
23153.77784012715; -0.00281480026978; -0.0677266694256
23156.19634757965; -0.00283834867116; -0.0677745071455
23158.61510765517; -0.00286171328352; -0.0678243573612
23161.03412038014; -0.00288594801319; -0.0678822445834
23163.45338578095; -0.0029094338246; -0.0679303452617
23165.87290388401; -0.00293453167671; -0.067978072257
23168.29267471573; -0.00295938182442; -0.0680267531868
23170.71269830244; -0.00298372859608; -0.0680762815361
23173.13297467058; -0.00300968358762; -0.0681273395037
23175.55350384655; -0.00303571318038; -0.0681786320206
23177.97428585677; -0.00306188528987; -0.0682302960488
23180.39532072768; -0.00308795366911; -0.0682830795781
23182.81660848561; -0.00311501145352; -0.0683332585062
23185.23814915701; -0.00314138544367; -0.0683837643589
23187.65994276831; -0.00316914161616; -0.0684393747075
23190.08198934593; -0.00319654698239; -0.0684829709346
23192.50428891629; -0.00322465204756; -0.0685394369324
23194.92684150587; -0.00325247316213; -0.0685890665299
23197.34964714099; -0.0032822735752; -0.0686455515392
23199.77270584813; -0.00331127481366; -0.0687014143664
23202.19601765374; -0.00333986863076; -0.0687584646128
23204.61958258424; -0.00336965053956; -0.0688120077144
23207.04340066614; -0.00340014250015; -0.0688668880484
23209.46747192576; -0.00343064558066; -0.0689214646902
23211.89179638962; -0.00346165823055; -0.068976859754
23214.31637408414; -0.00349379216458; -0.0690326983886
23216.74120503579; -0.00352534740039; -0.069089679832
23219.16628927107; -0.00355743670293; -0.069145524673
23221.59162681634; -0.00359038495623; -0.0692082965976
23224.0172176981; -0.00362290672888; -0.0692702938854
23226.44306194282; -0.00365662073007; -0.0693295434044
23228.86915957696; -0.00369111149569; -0.0693891400896
23231.295510627; -0.00372565294942; -0.0694481110447
23233.72211511944; -0.00376064608247; -0.0695058402171
23236.14897308066; -0.00379648313214; -0.0695657493496
23238.57608453719; -0.00383146906277; -0.0696256403215
23241.00344951551; -0.00386802960119; -0.0696872526787
23243.4310680421; -0.00390553711655; -0.0697496893127
23245.85894014349; -0.00394229243029; -0.0698125698064
23248.28706584608; -0.00397992059653; -0.0698737478088
23250.71544517639; -0.00401854957018; -0.06993631512
23253.14407816092; -0.00405828205695; -0.0699985792019
23255.57296482618; -0.00409756883794; -0.0700611675265
23258.00210519869; -0.00413739442688; -0.0701230540163
23260.43149930488; -0.00417753595789; -0.070187615432
23262.86114717128; -0.00421801407679; -0.0702480852894
23265.29104882441; -0.00426105201989; -0.0703155524319
23267.72120429077; -0.00430278982852; -0.07037998951
23270.15161359688; -0.00434453514942; -0.0704461691496
23272.5822767693; -0.00438892354924; -0.0705112384754
23275.01319383445; -0.00443243256385; -0.0705791334486
23277.4443648189; -0.00447737844266; -0.0706391426661
23279.87578974918; -0.00452307421205; -0.0707080772445
23282.3074686518; -0.0045693085333; -0.0707768088348
23284.73940155334; -0.00461532478798; -0.070843463117
23287.17158848024; -0.00466318845595; -0.0709118477239
23289.60402945909; -0.00471168932705; -0.0709822222088
23292.03672451641; -0.00475950335262; -0.0710518848891
23294.46967367875; -0.0048089500235; -0.0711199155686
23296.9028769727; -0.0048592721343; -0.0711944616461
23299.3363344247; -0.0049106468304; -0.0712664044725
23301.77004606136; -0.0049618495045; -0.07133711154
23304.20401190922; -0.00501358836973; -0.0714098917774
23306.63823199484; -0.00506770478802; -0.0714792603542
23309.07270634477; -0.00512219052583; -0.071555702958
23311.50743498562; -0.00517693602943; -0.0716298597697
23313.94241794386; -0.005232312665; -0.0717029303723
23316.3776552461; -0.00528893245621; -0.0717754177717
23318.8131469189; -0.00534767035137; -0.0718577955795
23321.24889298883; -0.00540508792724; -0.0719331480595
23323.68489348253; -0.00546507139686; -0.0720088998896
23326.12114842646; -0.00552492434052; -0.0720870178662
23328.55765784725; -0.00558648446749; -0.0721656469381
23330.99442177148; -0.00564830373901; -0.0722439201444
23333.43144022575; -0.0057124785098; -0.0723213438868
23335.86871323667; -0.0057757562522; -0.0723995300169
23338.30624083075; -0.00584050863173; -0.0724803229677
23340.74402303463; -0.00590797909356; -0.0725621192444
23343.1820598749; -0.00597459424499; -0.0726358014305
23345.62035137815; -0.00604294888918; -0.0727178747994
23348.058897571; -0.00611395184075; -0.0728006608365
23350.49769848009; -0.00618563897551; -0.0728811964977
23352.93675413192; -0.00625931022868; -0.072964158524
23355.37606455317; -0.00633175436158; -0.0730508019801
23357.81562977043; -0.00640677463392; -0.0731420586244
23360.25544981033; -0.00648233533638; -0.0732255534306
23362.69552469953; -0.00655847332464; -0.0733096577289
23365.13585446456; -0.00663668039354; -0.0733957310553
23367.57643913207; -0.00671534900642; -0.0734812353152
23370.01727872871; -0.00679587379605; -0.0735676827013
23372.45837328109; -0.00687714880873; -0.0736548635698
23374.8997228159; -0.00696120879267; -0.0737416939712
23377.34132735968; -0.00704566248833; -0.0738316633649
23379.78318693911; -0.00713176551653; -0.0739203544298
23382.22530158083; -0.00721960432782; -0.0740114813472
23384.66767131148; -0.00730769161982; -0.074102323705
23387.1102961577; -0.00739873297197; -0.0741934350347
23389.5531761462; -0.0074908985306; -0.074284026342
23391.99631130353; -0.00758473549871; -0.0743728687032
23394.43970165639; -0.00768006790224; -0.0744672373838
23396.88334723143; -0.00777682634711; -0.074560079287
23399.32724805531; -0.00787565605302; -0.0746514249588
23401.77140415475; -0.00797577706451; -0.074744075795
23404.21581555631; -0.00807846445644; -0.0748407433371
23406.66048228671; -0.00818291927391; -0.0749334692869
23409.10540437262; -0.00828803636932; -0.0750290950115
23411.55058184071; -0.00839624672819; -0.0751242368848
23413.9960147177; -0.00850604819; -0.0752209442579
23416.44170303019; -0.00861920094772; -0.0753204765646
23418.88764680488; -0.00873299788821; -0.0754155716843
23421.33384606848; -0.00884877047345; -0.075516354303
23423.78030084767; -0.00896602456837; -0.0756127851426
23426.22701116914; -0.00908589392828; -0.0757104887943
23428.67397705962; -0.00920869664273; -0.0758071620685
23431.12119854572; -0.00933299831011; -0.0759076732263
23433.56867565418; -0.00945985887922; -0.0760059891986
23436.0164084117; -0.00958962273597; -0.0761065742422
23438.46439684499; -0.00972067282292; -0.076208147828
23440.91264098081; -0.00985510376743; -0.0763112724742
23443.36114084575; -0.00999161649876; -0.0764118004489
23445.8098964666; -0.0101310670743; -0.0765076491876
23448.25890787005; -0.0102735414763; -0.076612130319
23450.70817508283; -0.0104172465649; -0.0767126697994
23453.15769813171; -0.0105642911534; -0.0768148808631
23455.60747704331; -0.0107141141001; -0.0769172513087
23458.0575118444; -0.0108677716721; -0.0770187025078
23460.50780256173; -0.0110230030827; -0.0771221310038
23462.958349222; -0.01118256331; -0.0772262966711
23465.40915185197; -0.0113449026618; -0.077329285868
23467.86021047841; -0.0115093041596; -0.0774310857283
23470.31152512798; -0.0116770043252; -0.0775295390738
23472.76309582745; -0.0118480577654; -0.077633016792
23475.21492260358; -0.0120234148876; -0.0777357465804
23477.66700548312; -0.0122017690199; -0.077836306834
23480.11934449286; -0.0123837225019; -0.0779383566174
23482.57193965946; -0.0125688143015; -0.078042196992
23485.02479100973; -0.0127578476441; -0.0781452587226
23487.47789857042; -0.0129502736393; -0.0782469135985
23489.9312623683; -0.013146355201; -0.0783502859621
23492.38488243013; -0.0133465912865; -0.0784500882963
23494.83875878273; -0.0135515571207; -0.0785533177948
23497.29289145278; -0.013758576575; -0.0786493923394
23499.74728046708; -0.0139713486101; -0.0787515059192
23502.20192585243; -0.0141874147097; -0.0788480592425
23504.6568276356; -0.0144082584986; -0.0789405843702
23507.11198584342; -0.0146323890709; -0.0790415625459
23509.56740050258; -0.0148625713004; -0.0791367499328
23512.02307163991; -0.0150961031223; -0.0792284792411
23514.4789992822; -0.0153335843261; -0.0793224880054
23516.93518345625; -0.0155762136703; -0.0794122567797
23519.39162418891; -0.0158263066675; -0.0795075084327
23521.84832150686; -0.0160781241614; -0.0795955195904
23524.30527543697; -0.0163356662138; -0.0796873026588
23526.76248600603; -0.0165980930957; -0.0797763819001
23529.21995324086; -0.0168655945494; -0.0798594503323
23531.67767716826; -0.0171386126104; -0.0799393001795
23534.1356578151; -0.0174175058816; -0.0800198542033
23536.59389520808; -0.0177022507455; -0.0800962120336
23539.05238937409; -0.0179902069564; -0.0801705110145
23541.51114033994; -0.018285445781; -0.0802421920687
23543.97014813246; -0.0185853706453; -0.080310876186
23546.42941277851; -0.0188918124698; -0.080377625544
23548.88893430484; -0.0192042984708; -0.0804377340169
23551.34871273832; -0.0195212289042; -0.0804985756195
23553.80874810578; -0.0198446561636; -0.0805516826824
23556.26904043408; -0.020174224796; -0.0806030390987
23558.72958975008; -0.0205092468696; -0.0806489996566
23561.19039608055; -0.0208513946697; -0.0806906370517
23563.65145945237; -0.0211984326725; -0.0807273665067
23566.1127798924; -0.0215528569154; -0.0807619238878
23568.57435742749; -0.0219128362172; -0.0807895618978
23571.03619208448; -0.0222800299158; -0.0808138434737
23573.4982838903; -0.0226514862076; -0.0808280767025
23575.96063287169; -0.0230307677377; -0.0808380401227
23578.42323905558; -0.0234155192889; -0.0808414841603
23580.88610246882; -0.0238066174243; -0.0808391740021
23583.3492231383; -0.0242041507993; -0.0808304754151
23585.81260109091; -0.0246072360499; -0.0808113434477
23588.27623635345; -0.0250184859153; -0.0807894470207
23590.74012895285; -0.0254338636905; -0.080756048343
23593.20427891597; -0.025856937613; -0.080717881109
23595.6686862697; -0.0262853883095; -0.080670111106
23598.13335104098; -0.0267174565299; -0.080607141205
23600.59827325659; -0.0271566293142; -0.0805395588714
23603.06345294349; -0.027602082354; -0.0804623728756
23605.52889012855; -0.0280523181375; -0.0803714244694
23607.99458483868; -0.0285088341128; -0.080275123782
23610.46053710078; -0.0289684094991; -0.0801654719998
23612.9267469418; -0.029435843; -0.0800469024132
23615.39321438854; -0.029907144996; -0.0799147651609
23617.85993946797; -0.0303799453137; -0.0797668211227
23620.32692220699; -0.0308591336348; -0.0796085702067
23622.79416263252; -0.031339772206; -0.0794342454742
23625.26166077151; -0.0318246986275; -0.0792491620936
23627.72941665081; -0.0323127096194; -0.0790511135709
23630.19743029736; -0.0328020216986; -0.0788370986917
23632.66570173811; -0.0332937266397; -0.0786075977697
23635.13423099998; -0.0337873391053; -0.0783629439523
23637.60301810994; -0.0342820416154; -0.0781024702531
23640.07206309483; -0.0347764530955; -0.0778242507492
23642.54136598165; -0.0352709232618; -0.077529336979
23645.01092679731; -0.0357640228738; -0.0772224995052
23647.48074556878; -0.0362558872253; -0.076894903573
23649.95082232299; -0.0367456201357; -0.0765544679123
23652.42115708693; -0.0372313697411; -0.0761933733563
23654.89174988747; -0.0377127082124; -0.0758146002994
23657.3626007516; -0.0381917379747; -0.0754189813076
23659.83370970628; -0.0386633283358; -0.075006499642
23662.30507677847; -0.0391291508294; -0.0745690451272
23664.77670199517; -0.0395906092227; -0.0741203240493
23667.24858538326; -0.040040712698; -0.0736525867127
23669.72072696975; -0.0404826808263; -0.0731668139193
23672.19312678161; -0.0409148667823; -0.0726538617997
23674.66578484581; -0.0413367428311; -0.072126578492
23677.13870118938; -0.0417478426484; -0.07160449654
23679.6118758392; -0.0421448708144; -0.071042024629
23682.08530882229; -0.0425289673845; -0.0704696335929
23684.55900016565; -0.0428983516453; -0.0698822511191
23687.03294989625; -0.0432517758535; -0.0692759910633
23689.50715804109; -0.0435887026633; -0.0686558923109
23691.98162462722; -0.0439091112469; -0.0680226926236
23694.45634968151; -0.0442103385659; -0.06737180489
23696.93133323104; -0.0444936955181; -0.0667097873446
23699.40657530279; -0.0447558408594; -0.0660322882324
23701.88207592376; -0.044999323906; -0.0653461116847
23704.35783512102; -0.0452210675205; -0.0646480686751
23706.83385292148; -0.0454204005635; -0.0639402685012
23709.31012935219; -0.0455978323557; -0.0632236540155
23711.78666444017; -0.0457498206202; -0.0624965821903
23714.26345821245; -0.0458809962646; -0.0617655482923
23716.74051069608; -0.0459897518705; -0.0610315386176
23719.217821918; -0.0460724431128; -0.0602894646681
23721.69539190527; -0.0461332737806; -0.059546200448
23724.17322068494; -0.0461650606674; -0.0587976116399
23726.65130828402; -0.0461742174383; -0.0580495229415
23729.12965472956; -0.0461596342743; -0.0573037531204
23731.60826004865; -0.0461180285021; -0.0565543725055
23734.08712426822; -0.0460546241027; -0.055814123205
23736.56624741536; -0.0459647557634; -0.055074414655
23739.04562951713; -0.0458531291617; -0.0543422538366
23741.52527060057; -0.0457171996267; -0.0536140378645
23744.00517069278; -0.0455573783307; -0.0528933499526
23746.48532982072; -0.0453751225736; -0.05217985776
23748.96574801149; -0.0451719443359; -0.0514785126055
23751.44642529217; -0.0449463247931; -0.0507855941393
23753.9273616898; -0.0447018139681; -0.050104979733
23756.4085572315; -0.0444358034047; -0.0494358238111
23758.89001194425; -0.0441516640499; -0.0487882180269
23761.37172585516; -0.0438483994243; -0.0481448845566
23763.85369899131; -0.0435280273614; -0.0475162567817
23766.33593137977; -0.0431886286007; -0.0469014619404
23768.81842304764; -0.0428360516646; -0.0463052898767
23771.30117402202; -0.0424670719944; -0.0457239195305
23773.78418432993; -0.0420866998585; -0.0451603172447
23776.26745399849; -0.0416902719513; -0.044612015927
23778.75098305479; -0.0412855732548; -0.0440839535906
23781.23477152593; -0.0408677039472; -0.0435717370098
23783.71881943905; -0.0404390303899; -0.0430755790316
23786.20312682116; -0.0400031413732; -0.042598868554
23788.68769369941; -0.0395575927508; -0.0421389564968
23791.1725201009; -0.0391035467833; -0.0416974041072
23793.65760605274; -0.0386440810715; -0.0412733103854
23796.14295158209; -0.0381784424377; -0.0408674666068
23798.62855671598; -0.037708607084; -0.0404798982304
23801.11442148155; -0.0372335209055; -0.0401083920283
23803.60054590593; -0.0367539622212; -0.0397510427947
23806.08693001625; -0.0362732344516; -0.0394164968861
23808.57357383963; -0.0357928833782; -0.0390966729321
23811.06047740325; -0.035309939037; -0.0387939501588
23813.54764073414; -0.03482545879; -0.0385080393991
23816.03506385948; -0.0343408970365; -0.0382290970848
23818.52274680641; -0.0338559448658; -0.0379590845277
23821.01068960207; -0.0333722526787; -0.0377312887577
23823.49889227366; -0.0328914200849; -0.0375130580866
23825.9873548482; -0.0324124961625; -0.0373016276214
23828.47607735292; -0.031935834571; -0.0371040442299
23830.96505981495; -0.0314625751641; -0.0369205205105
23833.45430226144; -0.0309917684939; -0.0367502714541
23835.94380471961; -0.0305228702827; -0.0365920386148
23838.43356721652; -0.030060501877; -0.0364476597562
23840.92358977937; -0.0296007197596; -0.0363135361651
23843.41387243534; -0.0291473239157; -0.0361829442971
23845.90441521159; -0.0286960264237; -0.0360707929139
23848.39521813528; -0.0282513979575; -0.0359755373075
23850.88628123365; -0.0278125923266; -0.0358895743519
23853.37760453377; -0.0273776885202; -0.0358119303202
23855.86918806286; -0.0269477140641; -0.0357405678711
23858.36103184812; -0.0265241931141; -0.0356788861009
23860.85313591672; -0.026106959127; -0.0356283571597
23863.34550029591; -0.0256952462073; -0.0355844172656
23865.83812501277; -0.0252878809979; -0.0355499970829
23868.33101009455; -0.0248881056455; -0.0355219929888
23870.82415556844; -0.0244929612333; -0.0355001898625
23873.31756146165; -0.0241050817272; -0.0354894518845
23875.81122780142; -0.0237217894623; -0.0354809094364
23878.30515461486; -0.0233456043142; -0.0354813387287
23880.79934192922; -0.0229757803026; -0.0354857402558
23883.29378977172; -0.0226099847027; -0.0354973644475
23885.78849816958; -0.0222527438577; -0.035515136001
23888.28346715; -0.0219001349129; -0.0355372920376
23890.77869674025; -0.0215530919681; -0.0355660056295
23893.27418696746; -0.0212130240059; -0.0355988868681
23895.76993785891; -0.0208778425893; -0.035634816345
23898.26594944181; -0.0205501098226; -0.03567617433
23900.7622217434; -0.0202275787586; -0.0357205099631
23903.25875479096; -0.0199102661653; -0.0357689362746
23905.75554861164; -0.0195984205017; -0.0358214802445
23908.25260323271; -0.0192928290734; -0.035877632462
23910.74991868142; -0.0189927358806; -0.0359370766641
23913.24749498501; -0.018699515504; -0.035999305857
23915.74533217079; -0.0184099908093; -0.0360652697994
23918.24343026589; -0.0181254538737; -0.0361325338566
23920.74178929763; -0.0178478010449; -0.0362037041272
23923.24040929326; -0.0175735423744; -0.036275643599
23925.73929028004; -0.0173046696068; -0.0363509514515
23928.23843228523; -0.0170411690603; -0.0364260173876
23930.73783533615; -0.016784362162; -0.0365038350757
23933.23749945995; -0.0165317442059; -0.0365940405397
23935.73742468397; -0.016282530003; -0.0366749842242
23938.23761103547; -0.0160366179422; -0.0367619417516
23940.73805854174; -0.0157984928704; -0.036849764595
23943.23876723009; -0.0155644037484; -0.0369364033348
23945.73973712772; -0.0153337691273; -0.0370245312297
23948.24096826195; -0.0151072950073; -0.0371150742808
23950.74246066008; -0.0148858423413; -0.0372047773776
23953.24421434939; -0.0146680310257; -0.0372965915255
23955.74622935722; -0.0144549061905; -0.0373875794945
23958.24850571078; -0.0142461337461; -0.0374804797959
23960.75104343741; -0.0140403204029; -0.0375737077773
23963.25384256441; -0.0138377372628; -0.0376669077166
23965.75690311909; -0.0136413887261; -0.0377621166891
23968.26022512875; -0.013446668869; -0.037857147306
23970.76380862075; -0.0132565245627; -0.0379532934686
23973.26765362231; -0.0130684826994; -0.0380482910951
23975.77176016079; -0.0128865451356; -0.0381444467201
23978.27612826352; -0.012706800545; -0.0382430820766
23980.7807579578; -0.0125306000988; -0.0383379468811
23983.28564927102; -0.0123574401428; -0.0384365193001
23985.79080223041; -0.0121871328246; -0.0385341565285
23988.29621686334; -0.0120205478775; -0.0386322427916
23990.80189319715; -0.0118561289854; -0.0387274804571
23993.30783125917; -0.0116953479204; -0.0388257183266
23995.81403107674; -0.0115379586808; -0.0389234721565
23998.32049267725; -0.0113840529193; -0.0390219218075
24000.82721608795; -0.01123153125; -0.039119984186
24003.33420133623; -0.0110832577519; -0.0392185047311
24005.84144844945; -0.0109370100983; -0.0393154641292
24008.34895745496; -0.0107924774032; -0.0394122073202
24010.85672838015; -0.0106518117665; -0.0395085612649
24013.3647612523; -0.0105126699344; -0.0396030054374
24015.87305609882; -0.0103765521047; -0.0397010773704
24018.38161294705; -0.010243850338; -0.0397957385809
24020.89043182438; -0.0101128362656; -0.0398920032585
24023.39951275823; -0.00998381237223; -0.039988316995
24025.90885577587; -0.00985633651393; -0.0400836764989
24028.41846090471; -0.00973254276737; -0.0401778488535
24030.92832817215; -0.00961025898042; -0.0402724024936
24033.43845760556; -0.00949014566709; -0.0403648165404
24035.94884923233; -0.00937241272932; -0.040457856346
24038.45950307989; -0.00925453691719; -0.0405548387894
24040.97041917553; -0.00914303813492; -0.0406459556995
24043.48159754671; -0.00903123640024; -0.0407374639951
24045.9930382208; -0.00892138040404; -0.040829000327
24048.50474122522; -0.00881360551971; -0.0409217487162
24051.01670658741; -0.00870792064301; -0.0410131524674
24053.52893433468; -0.00860394284645; -0.0411019512226
24056.04142449448; -0.00850163339401; -0.0411918247805
24058.55417709423; -0.00840119210701; -0.0412816624894
24061.06719216134; -0.00830188637428; -0.0413709015357
24063.58046972326; -0.00820406777261; -0.0414594850853
24066.09400980733; -0.00810852945752; -0.0415481252299
24068.60781244102; -0.00801453756381; -0.0416363570649
24071.12187765174; -0.00792295133047; -0.0417239723463
24073.63620546693; -0.00783148866752; -0.0418105507242
24076.15079591401; -0.00774252346733; -0.0418972832683
24078.66564902047; -0.00765387115162; -0.0419837991116
24081.18076481365; -0.00756812253865; -0.0420679770281
24083.69614332102; -0.00748319612138; -0.0421536218402
24086.21178457005; -0.00739927349732; -0.0422379794313
24088.72768858816; -0.00731646010931; -0.0423232568547
24091.24385540286; -0.00723641695012; -0.0424038598043
24093.76028504149; -0.00715645098265; -0.0424865941376
24096.27697753156; -0.00707775654924; -0.0425696522212
24098.79393290053; -0.00700094897493; -0.0426511938474
24101.31115117586; -0.00692546426917; -0.0427339750546
24103.82863238505; -0.00685145310275; -0.042815066677
24106.34637655547; -0.00677632261076; -0.0428949758524
24108.86438371463; -0.00670435572892; -0.0429750024386
24111.38265389002; -0.00663319711781; -0.0430535712848
24113.9011871091; -0.00656377135759; -0.0431327214013
24116.41998339934; -0.00649501367671; -0.0432108472398
24118.93904278828; -0.00642672843344; -0.0432885709426
24121.4583653033; -0.00635999800659; -0.0433672910389
24123.97795097193; -0.00629500172511; -0.0434434528181
24126.49779982166; -0.00622926612112; -0.0435196395783
24129.01791187998; -0.0061655955557; -0.0435943948735
24131.53828717443; -0.00610303177883; -0.0436700601344
24134.05892573241; -0.00604043277584; -0.0437447776567
24136.57982758147; -0.00598095663203; -0.0438201001806
24139.10099274911; -0.00591486364438; -0.0438880686909
24141.62242126284; -0.0058622110219; -0.0439651975281
24144.14411315021; -0.00580331997139; -0.0440385042938
24146.66606843863; -0.00574508064645; -0.0441104284761
24149.18828715567; -0.00568858205397; -0.0441833780478
24151.71076932884; -0.00563352468644; -0.0442545714143
24154.23351498566; -0.00557795255892; -0.0443255273668
24156.75652415366; -0.00552381961178; -0.0443967946005
24159.2797968604; -0.00547079051707; -0.044465493986
24161.80333313332; -0.00541854713576; -0.044534235353
24164.327133; -0.0053666855763; -0.0446032987169
24166.85119648797; -0.00531535841242; -0.0446712810527
24169.37552362476; -0.00526521329862; -0.0447403246119
24171.90011443797; -0.00521565105139; -0.0448084082679
24174.42496895503; -0.00516719218866; -0.044873988773
24176.95008720356; -0.00511971096263; -0.0449391171677
24179.47546921108; -0.00507191681403; -0.0450055228103
24182.00111500515; -0.00502463193635; -0.0450719819714
24184.52702461337; -0.00497932342096; -0.0451374480261
24187.05319806321; -0.00493385944597; -0.0452015925895
24189.57963538227; -0.00488909831681; -0.0452680944257
24192.10633659811; -0.0048444672892; -0.0453318614593
24194.6333017383; -0.00480136703521; -0.0453953426791
24197.16053083041; -0.00475765533924; -0.0454583634421
24199.68802390205; -0.00471552967205; -0.0455215113666
24202.2157809807; -0.00467390722684; -0.045583043436
24204.743802094; -0.00463284173806; -0.0456476342202
24207.2720872695; -0.00459097330617; -0.0457067396648
24209.80063653481; -0.0045503545628; -0.0457687238666
24212.32944991755; -0.00451216680054; -0.0458308918938
24214.85852744521; -0.00447270190015; -0.0458897349234
24217.38786914544; -0.00443355088217; -0.0459500959209
24219.91747504582; -0.00439601109897; -0.0460113825948
24222.44734517396; -0.00435830792596; -0.0460719772711
24224.9774795575; -0.0043223063767; -0.0461310548456
24227.50787822395; -0.00428430514919; -0.046189789935
24230.03854120096; -0.00424866613567; -0.046247679932
24232.56946851614; -0.00421342807181; -0.0463046315031
24235.10066019711; -0.00417861260023; -0.0463636205963
24237.63211627147; -0.00414438950529; -0.0464211688935
24240.16383676689; -0.00410943859277; -0.0464780833101
24242.69582171089; -0.00407603144844; -0.0465338786819
24245.22807113115; -0.00404203610845; -0.0465917633077
24247.76058505529; -0.00400939812813; -0.0466492341841
24250.29336351094; -0.00397665061647; -0.0467004101936
24252.82640652578; -0.00394448501438; -0.0467530189222
24255.35971412734; -0.00391310910252; -0.0468122519971
24257.89328634332; -0.00388186320229; -0.0468678981555
24260.42712320135; -0.00385074962634; -0.0469228308562
24262.96122472907; -0.00382006117287; -0.0469754520851
24265.49559095419; -0.00379068693929; -0.0470301003989
24268.03022190424; -0.00376009262885; -0.0470834958776
24270.56511760694; -0.00373119367792; -0.0471359153041
24273.10027808993; -0.00370242362092; -0.0471870137514
24275.63570338087; -0.00367268333617; -0.0472390998441
24278.17139350744; -0.00364544363316; -0.047289682229
24280.70734849732; -0.00361690396807; -0.0473417552877
24283.2435683781; -0.00358989874796; -0.0473917714412
24285.78005317749; -0.00356133807857; -0.0474402861249
24288.31680292316; -0.00353545743325; -0.0474941936125
24290.8538176428; -0.00350888718767; -0.0475387007876
24293.39109736412; -0.00348170009941; -0.0475884000459
24295.9286421147; -0.00345605629402; -0.0476366032111
24298.46645192229; -0.00343059930531; -0.047685942295
24301.00452681456; -0.00340488408644; -0.0477343678308
24303.5428668192; -0.00338030474121; -0.0477824428287
24306.08147196397; -0.00335541740435; -0.0478316799569
24308.62034227644; -0.00333084307059; -0.0478799431205
24311.15947778438; -0.00330579110883; -0.0479266583108
24313.69887851548; -0.00328293918973; -0.0479740062225
24316.23854449744; -0.00325950081854; -0.0480201086578
24318.77847575798; -0.00323603933186; -0.0480672371264
24321.31867232484; -0.00321369564466; -0.0481147403947
24323.85913422565; -0.00318948039526; -0.0481626843583
24326.39986148816; -0.00316732966651; -0.0482045712905
24328.94085414011; -0.00314576644125; -0.0482500095893
24331.4821122092; -0.00312298227205; -0.0482947582974
24334.02363572321; -0.00310139929166; -0.0483406101094
24336.56542470976; -0.00308057921989; -0.048386279526
24339.10747919665; -0.00305844345035; -0.0484299030202
24341.6497992116; -0.00303822968096; -0.0484752502465
24344.19238478234; -0.0030169930493; -0.0485194759152
24346.73523593667; -0.00299596816613; -0.0485632469861
24349.27835270222; -0.00297544594316; -0.0486076931654
24351.82173510679; -0.00295453794906; -0.0486552774069
24354.36538317813; -0.00293518334789; -0.0486982059671
24356.90929694399; -0.00291658191643; -0.0487401210698
24359.45347643211; -0.00289637292656; -0.0487834375553
24361.99792167032; -0.00287752885447; -0.0488254223126
24364.54263268625; -0.00285786985502; -0.048868293611
24367.08760950774; -0.002839572971; -0.0489099212398
24369.63285216253; -0.00282047066052; -0.0489538135181
24372.1783606784; -0.00280263256568; -0.0489943655654
24374.72413508316; -0.00278449274983; -0.0490375277613
24377.2701754045; -0.00276591495155; -0.0490781913372
24379.81648167024; -0.00274745229447; -0.0491191410134
24382.36305390815; -0.00272963549193; -0.0491590274639
24384.90989214602; -0.00271289803886; -0.0492007336864
24387.45699641169; -0.00269494870604; -0.0492406617545
24390.00436673283; -0.00267822204374; -0.0492804139348
24392.55200313729; -0.002662098836; -0.0493212801277
24395.09990565287; -0.00264492235456; -0.0493607611092
24397.64807430737; -0.00262861672944; -0.0494002819787
24400.19650912857; -0.00261099050794; -0.0494383072202
24402.74521014433; -0.00259518836319; -0.0494775794483
24405.29417738236; -0.00257940446007; -0.0495161249238
24407.84341087052; -0.00256302238624; -0.0495557194279
24410.39291063661; -0.0025480163615; -0.0495938203755
24412.94267670846; -0.00253187226769; -0.0496302448364
24415.49270911392; -0.00251667128985; -0.0496684979783
24418.04300788072; -0.00250200963912; -0.0497070857277
24420.59357303673; -0.00248689996059; -0.049744901635
24423.14440460977; -0.00247136106706; -0.0497810905223
24425.69550262767; -0.00245592804351; -0.0498189961872
24428.24686711833; -0.00244307406574; -0.0498560737865
24430.79849810946; -0.00242743741697; -0.0498924330288
24433.35039562895; -0.00241365276164; -0.0499281035852
24435.90255970465; -0.00239975121526; -0.0499660659751
24438.4549903644; -0.00238427564294; -0.0500029915109
24441.00768763604; -0.00237141547955; -0.0500376324399
24443.56065154748; -0.00235823922786; -0.0500745235851
24446.11388212646; -0.00234345914143; -0.0501094858895
24448.66737940089; -0.00233062821722; -0.0501452534132
24451.22114339863; -0.00231694601805; -0.0501805840132
24453.77517414753; -0.00230421052529; -0.050214724387
24456.32947167552; -0.00229044177303; -0.0502510225627
24458.88403601035; -0.00227759642777; -0.0502863554387
24461.43886717995; -0.00226506136811; -0.0503209175716
24463.99396521218; -0.00225175800798; -0.0503552819975
24466.54933013493; -0.00223918189196; -0.0503894648682
24469.10496197611; -0.00222732572956; -0.0504235518556
24471.66086076352; -0.00221415743652; -0.0504570265332
24474.21702652509; -0.00220264539435; -0.0504904316185
24476.77345928869; -0.00219041117684; -0.050524538505
24479.33015908222; -0.00217820672576; -0.05055820087
24481.88712593358; -0.00216616556125; -0.0505939864832
24484.44435987071; -0.00215426575553; -0.05062454986
24487.0018609214; -0.00214192848831; -0.0506593973844
24489.55962911361; -0.00213150232593; -0.0506920211437
24492.11766447524; -0.00212050882341; -0.0507249104079
24494.6759670342; -0.00210809594596; -0.0507561194563
24497.23453681845; -0.00209685201771; -0.0507880180579
24499.7933738558; -0.00208637502329; -0.0508210415288
24502.35247817422; -0.00207512414948; -0.0508536742294
24504.91184980162; -0.00206407570995; -0.050884883622
24507.47148876593; -0.00205344869484; -0.0509178198866
24510.03139509507; -0.00204230801061; -0.0509513462374
24512.59156881702; -0.00203274100722; -0.0509803462566
24515.15200995961; -0.00202104064889; -0.0510132352079
24517.71271855082; -0.00201046623085; -0.0510444226392
24520.27369461859; -0.00200022553596; -0.0510743386556
24522.83493819086; -0.0019903757776; -0.0511065857712
24525.39644929561; -0.00198043459124; -0.0511384678191
24527.9582279607; -0.00196930564209; -0.0511681711989
24530.52027421412; -0.00195934293065; -0.0511981868187
24533.08258808383; -0.00194946436619; -0.051229531409
24535.64516959777; -0.00193981688564; -0.051261862363
24538.20801878396; -0.00193040423508; -0.0512915916798
24540.77113567025; -0.00192088477806; -0.0513226901599
24543.33452028465; -0.00191173256677; -0.051349864662
24545.89817265513; -0.00190290638414; -0.0513811562064
24548.46209280966; -0.00189313613638; -0.0514107785607
24551.02628077621; -0.0018833758893; -0.0514405499504
24553.5907365828; -0.00187448476366; -0.051470619221
24556.15546025732; -0.00186525616181; -0.0514995759401
24558.72045182778; -0.00185578325654; -0.0515284259858
24561.28571132218; -0.00184715540083; -0.0515575015345
24563.85123876849; -0.00183855216932; -0.0515851979828
24566.41703419477; -0.00183077614927; -0.0516149057236
24568.98309762889; -0.00182057887662; -0.051644295361
24571.54942909891; -0.00181288822203; -0.051672210598
24574.11602863282; -0.00180341864972; -0.0517004286689
24576.68289625862; -0.00179475616629; -0.0517285942598
24579.25003200437; -0.001786624984; -0.0517544863937
24581.81743589796; -0.00177858374746; -0.0517822415457
24584.38510796747; -0.00177040198568; -0.0518121168469
24586.9530482409; -0.00176099886248; -0.0518423110177
24589.52125674626; -0.00175411198293; -0.0518678423694
24592.08973351158; -0.00174514550414; -0.051894832285
24594.65847856493; -0.00173657064127; -0.0519237666727
24597.22749193423; -0.00172918178869; -0.0519436226508
24599.79677364756; -0.00172143270633; -0.0519742226638
24602.36632373294; -0.00171405066315; -0.0520007677925
24604.93614221841; -0.0017065955867; -0.0520264262801
24607.50622913205; -0.00169691467329; -0.0520554683848
24610.07658450181; -0.00169034955551; -0.0520848220729
24612.64720835577; -0.00168324238934; -0.0521119052488
24615.21810072198; -0.00167561896556; -0.0521391645128
24617.78926162849; -0.00166820990745; -0.0521644197738
24620.36069110339; -0.00166065719291; -0.05219302623
24622.93238917464; -0.00165366271182; -0.0522187081859
24625.50435587035; -0.00164643000825; -0.0522447571007
24628.07659121857; -0.00163888210877; -0.0522720748696
24630.64909524736; -0.00163271128871; -0.0522971138525
24633.22186798479; -0.00162411549707; -0.052324866862
24635.79490945899; -0.00161747082123; -0.0523482847196
24638.36821969791; -0.00160993131618; -0.0523764346809
24640.94179872969; -0.00160426553335; -0.0524030009442
24643.51564658239; -0.00159632103066; -0.0524297923969
24646.0897632841; -0.00159109985504; -0.0524542248538
24648.66414886295; -0.0015833845187; -0.0524812030204
24651.23880334694; -0.00157636416517; -0.0525043733711
24653.81372676418; -0.00157021442249; -0.0525311445098
24656.38891914278; -0.00156342999633; -0.0525536332594
24658.96438051082; -0.00155690136537; -0.0525788723915
24661.54011089647; -0.00155040661729; -0.0526052975625
24664.11611032772; -0.00154423964074; -0.0526294882236
24666.6923788327; -0.00153747189975; -0.0526534010231
24669.26891643955; -0.00153197750953; -0.0526799630232
24671.84572317636; -0.0015251098091; -0.0527038851409
24674.42279907125; -0.00151962526356; -0.0527292608211
24677.00014415238; -0.00151408656793; -0.0527547621964
24679.57775844777; -0.00150764573062; -0.0527792722966
24682.15564198558; -0.00150116756615; -0.0528036004297
24684.73379479395; -0.0014956043181; -0.0528272507076
24687.312216901; -0.00148891979399; -0.0528503879943
24689.8909083349; -0.00148197502115; -0.0528747959145
24692.4698691237; -0.00147732620396; -0.0528990844497
24695.04909929557; -0.0014708062539; -0.0529232509444
24697.62859887865; -0.00146585762826; -0.0529469794905
24700.20836790109; -0.00145913295689; -0.0529713147182
24702.78840639108; -0.00145432555381; -0.0529957473414
24705.36871437667; -0.00144792586247; -0.0530185569863
24707.94929188605; -0.00144347331117; -0.0530414948357
24710.53013894738; -0.00143789139331; -0.0530665320715
24713.11125558881; -0.00143168015798; -0.0530899043551
24715.69264183851; -0.00142602616001; -0.0531110156638
24718.27429772468; -0.00142164291193; -0.05313346438
24720.85622327539; -0.00141515158335; -0.053157824422
24723.43841851886; -0.00141132322468; -0.0531857017052
24726.02088348326; -0.00140496131412; -0.0532002301627
24728.60361819675; -0.00139903233752; -0.0532222424258
24731.18662268758; -0.00139524195731; -0.0532587731576
24733.76989698381; -0.00138992065257; -0.0532783592834
24736.35344111369; -0.00138455218861; -0.0532856463083
24738.93725510538; -0.00137968825104; -0.0533146937656
24741.52133898709; -0.00137438325353; -0.0533369174528
24744.10569278705; -0.00136951484481; -0.0533579029842
24746.69031653336; -0.00136390602026; -0.0533816076112
24749.27521025427; -0.00135938064776; -0.0534037167651
24751.86037397797; -0.0013552016526; -0.0534270611325
24754.44580773267; -0.0013498695674; -0.0534466915592
24757.03151154657; -0.0013438278438; -0.0534702227227
24759.61748544794; -0.00134041311798; -0.0534926805362
24762.20372946487; -0.00133540586558; -0.0535127325521
24764.79024362565; -0.00133068598068; -0.0535378844239
24767.37702795848; -0.00132524917344; -0.053555369135
24769.9640824916; -0.00132077058569; -0.0535772957314
24772.55140725325; -0.00131537097328; -0.0536040771386
24775.13900227159; -0.00131089271823; -0.053623686494
24777.72686757489; -0.00130637258127; -0.0536444398613
24780.31500319137; -0.00130291557814; -0.0536671249543
24782.90340914928; -0.00129786207154; -0.0536861526069
24785.4920854769; -0.00129372150186; -0.0537086473338
24788.08103220237; -0.0012896938168; -0.0537310350042
24790.670249354; -0.00128503094103; -0.053748624256
24793.25973696001; -0.00128061456655; -0.0537690413448
24795.84949504867; -0.00127574939388; -0.0537898994233
24798.43952364823; -0.00127135629974; -0.0538118978577
24801.029822787; -0.00126704470684; -0.0538345910103
24803.62039249313; -0.0012620341727; -0.05385425944
24806.21123279493; -0.00125871035579; -0.0538744332056
24808.80234372067; -0.00125479121674; -0.0538962323986
24811.39372529861; -0.0012505685125; -0.0539164815524
24813.98537755709; -0.00124645299034; -0.053934762119
24816.57730052427; -0.00124244453416; -0.0539573818362
24819.16949422848; -0.0012380277486; -0.0539766615444
24821.761958698; -0.00123452825387; -0.0539952755789
24824.3546939611; -0.00123001266321; -0.054015837679
24826.94770004613; -0.00122705895914; -0.0540370590502
24829.54097698128; -0.00122301804804; -0.0540566536868
24832.13452479488; -0.00121851716174; -0.054077827986
24834.72834351524; -0.00121432595218; -0.0540993422499
24837.32243317064; -0.00121104289601; -0.0541162300175
24839.91679378939; -0.00120669522537; -0.0541379849118
24842.51142539984; -0.0012041227656; -0.0541549842751
24845.1063280302; -0.0011995821745; -0.0541757360985
24847.70150170883; -0.00119597937683; -0.0541971642768
24850.29694646403; -0.00119146186945; -0.0542181596324
24852.89266232413; -0.00118861389812; -0.0542373272146
24855.48864931749; -0.0011851590988; -0.0542572167184
24858.08490747233; -0.00118082048729; -0.054275873809
24860.68143681703; -0.00117754907605; -0.0542940704685
24863.27823737991; -0.00117406134264; -0.0543142187641
24865.87530918931; -0.00116997469074; -0.05433261513
24868.4726522736; -0.00116726999985; -0.054352554368
24871.07026666103; -0.00116349521133; -0.0543721068497
24873.66815237997; -0.00115991152578; -0.054391454729
24876.26630945878; -0.00115631683492; -0.0544139519937
24878.8647379258; -0.00115424891146; -0.0544305024629
24881.46343780937; -0.00115005791129; -0.0544515427025
24884.06240913789; -0.00114696329797; -0.0544699092639
24886.66165193963; -0.00114330017543; -0.0544878616432
24889.26116624298; -0.0011406307749; -0.0545080171146
24891.8609520763; -0.0011365558167; -0.0545260092537
24894.46100946796; -0.00113333707922; -0.0545461273569
24897.06133844638; -0.00113058075267; -0.0545646395783
24899.66193903982; -0.00112591365106; -0.054582466898
24902.26281127669; -0.00112372092112; -0.0546003686927
24904.86395518539; -0.00112148044604; -0.0546180578193
24907.46537079428; -0.00111701949439; -0.0546384407494
24910.06705813179; -0.00111442382998; -0.0546573885384
24912.66901722621; -0.00111152727727; -0.0546786028204
24915.27124810598; -0.00110872453544; -0.0546948685047
24917.87375079947; -0.00110617570879; -0.0547147507109
24920.47652533509; -0.00110315830204; -0.0547335175034
24923.07957174123; -0.00110042202939; -0.0547518312685
24925.68289004634; -0.00109789222809; -0.0547696640013
24928.28648027872; -0.00109503576664; -0.0547862662029
24930.89034246681; -0.00109217222817; -0.0548063617958
24933.49447663904; -0.00108916610451; -0.0548225998003
24936.09888282381; -0.00108644271851; -0.0548391610334
24938.70356104958; -0.00108422686178; -0.0548562217774
24941.30851134467; -0.00108184642923; -0.0548726218684
24943.91373373754; -0.00107924229501; -0.0548913134014
24946.51922825662; -0.0010763942053; -0.0549097138024
24949.12499493033; -0.00107447150338; -0.0549277339827
24951.73103378716; -0.00107057836063; -0.0549436229463
24954.33734485543; -0.00106861404981; -0.0549613635323
24956.94392816362; -0.00106541417044; -0.0549783903739
24959.55078374017; -0.00106178084972; -0.054995929886
24962.15791161353; -0.0010585083524; -0.0550126977557
24964.76531181213; -0.00105530076831; -0.0550293795905
24967.37298436447; -0.00105220977443; -0.055047132415
24969.98092929889; -0.00104987189072; -0.0550645221875
24972.58914664391; -0.00104764881211; -0.0550830473144
24975.19763642797; -0.00104309343287; -0.0550991601862
24977.80639867952; -0.00104072787084; -0.0551158401561
24980.41543342709; -0.00103730439174; -0.0551325024244
24983.02474069904; -0.00103439043578; -0.0551495795448
24985.63432052387; -0.00103236260474; -0.055168021975
24988.24417293007; -0.00102862619285; -0.0551837264146
24990.85429794609; -0.00102590371609; -0.0551999918318
24993.46469560048; -0.00102222129605; -0.0552189182339
24996.0753659216; -0.00102113666683; -0.0552347657448
24998.68630893799; -0.00101837349972; -0.0552532905907
25001.29752467812; -0.00101556393194; -0.0552699467825
25003.9090131705; -0.00101199833173; -0.0552851293675
25006.5207744436; -0.00101030458063; -0.0553028616281
25009.13280852598; -0.00100799280537; -0.0553202119146
25011.74511544603; -0.00100578737617; -0.0553363262256
25014.35769523229; -0.00100238300557; -0.0553529376264
