% Module: Sweep, ID: c0p1t8p1cfm0
% Devices: DEV646
% Time: 2025/12/08 17:28:22
% Demod 1 Sample X, /dev646/demods/0/sample.X
% Demod 1 Sample Y, /dev646/demods/0/sample.Y
% Frequency (Hz); Demod 1 Sample X  Amplitude (V); Demod 1 Sample Y  Amplitude (V)
22514.66012014565; -0.000908435904268; -0.0603636118735
22517.27000262657; -0.000907515849092; -0.0603825748519
22519.88018764316; -0.000908254962754; -0.0604086331492
22522.49067523038; -0.00090343393556; -0.0604261638316
22525.10146542337; -0.000913499727631; -0.0604292726945
22527.71255825724; -0.000906846301658; -0.0604433819649
22530.32395376698; -0.000907890167068; -0.0604633861644
22532.93565198773; -0.000904222892012; -0.0604805680076
22535.54765295461; -0.000911118867843; -0.0604939593811
22538.15995670265; -0.000911628152752; -0.0605022106571
22540.77256326701; -0.000914499496256; -0.060521266017
22543.38547268272; -0.000918178176168; -0.0605410303502
22545.99868498492; -0.000914785317657; -0.0605621342171
22548.61220020878; -0.0009116008879; -0.0605795089228
22551.2260183893; -0.000919101236848; -0.0605924365003
22553.84013956167; -0.000918945616158; -0.0606066019427
22556.45456376105; -0.000917888126552; -0.0606324300752
22559.06929102247; -0.000919487498226; -0.0606427033861
22561.68432138111; -0.000933349592201; -0.0606574467153
22564.29965487215; -0.000922568298806; -0.0606881970432
22566.91529153063; -0.000916969621168; -0.0606906919012
22569.53123139175; -0.000917031266897; -0.0607030813105
22572.1474744907; -0.000918082072715; -0.0607319348641
22574.76402086254; -0.000927070367048; -0.0607372884603
22577.38087054247; -0.00092614021842; -0.060759011857
22579.99802356569; -0.000933986416167; -0.0607784483459
22582.61547996728; -0.000930701040964; -0.0607927614214
22585.23323978249; -0.000942038152857; -0.0608043172003
22587.85130304641; -0.000933854294582; -0.0608238641125
22590.46966979425; -0.0009281966431; -0.0608428400113
22593.08834006124; -0.000940962287373; -0.0608608781836
22595.70731388248; -0.000945747164203; -0.0608672944479
22598.32659129319; -0.000940516095983; -0.0608978808405
22600.94617232862; -0.000944344985584; -0.0609010976467
22603.56605702387; -0.00094232309186; -0.0609244865906
22606.18624541418; -0.000938634823504; -0.0609433785818
22608.80673753481; -0.000942872185262; -0.0609662645921
22611.42753342087; -0.000944038741814; -0.0609773468403
22614.04863310762; -0.000950673158746; -0.0609891304046
22616.67003663032; -0.000951447213523; -0.0610124277422
22619.2917440241; -0.000951855887606; -0.061037174281
22621.91375532428; -0.000951422304474; -0.0610460776331
22624.53607056599; -0.000941732336785; -0.0610628402242
22627.15868978452; -0.000960088238806; -0.0610766330022
22629.78161301513; -0.00095786952111; -0.061101577125
22632.404840293; -0.000961728462141; -0.0611167820571
22635.02837165339; -0.000964854657449; -0.0611347667161
22637.65220713162; -0.00096642447116; -0.0611528207424
22640.27634676284; -0.000959522784555; -0.0611649420752
22642.90079058235; -0.000971664945822; -0.0611843475179
22645.52553862546; -0.000960975082276; -0.0612057953316
22648.15059092735; -0.000969587700921; -0.061224529607
22650.77594752333; -0.00097336287083; -0.0612299930032
22653.40160844871; -0.000967212110363; -0.0612545406612
22656.02757373869; -0.000966440240232; -0.0612762246128
22658.6538434286; -0.000972717866439; -0.0612899321915
22661.28041755376; -0.000971890988136; -0.0613095610049
22663.90729614937; -0.000984012321798; -0.0613340791877
22666.53447925082; -0.000975967335897; -0.0613461770925
22669.16196689332; -0.000984204508473; -0.0613638452671
22671.78975911221; -0.000985707245763; -0.0613858539578
22674.41785594284; -0.000980310233167; -0.0614031471653
22677.04625742044; -0.000985535626536; -0.0614233796957
22679.67496358036; -0.000982637435109; -0.0614384137746
22682.30397445797; -0.000994672817386; -0.0614591415028
22684.9332900885; -0.000992252960578; -0.0614728260918
22687.56291050732; -0.000998024317304; -0.0615109005445
22690.19283574981; -0.000995997528818; -0.0615070570396
22692.82306585121; -0.00100536151038; -0.0615272997892
22695.45360084691; -0.00100249250368; -0.0615458365151
22698.08444077229; -0.000997105922383; -0.0615680120048
22700.71558566262; -0.00101010068917; -0.06159176071
22703.34703555328; -0.00100295259826; -0.0616030172738
22705.97879047969; -0.00100354038661; -0.0616287552089
22708.6108504771; -0.00100556430944; -0.0616426535377
22711.24321558097; -0.000998670380249; -0.0616728065006
22713.87588582658; -0.00100605135749; -0.0616928713808
22716.50886124935; -0.00100401322653; -0.0617038711236
22719.1421418847; -0.00101541059967; -0.0617197700557
22721.77572776791; -0.00102515505822; -0.0617471391986
22724.40961893442; -0.00101986291828; -0.061760791309
22727.04381541966; -0.00101056927903; -0.0617812359165
22729.67831725893; -0.00101150979927; -0.0618005997186
22732.31312448767; -0.00102121271407; -0.0618228628645
22734.94823714134; -0.00102140083776; -0.0618470684529
22737.58365525524; -0.00101541599713; -0.0618638430253
22740.21937886482; -0.00101383371817; -0.0618874133727
22742.85540800555; -0.00103395300136; -0.061910238271
22745.49174271275; -0.00103316624348; -0.0619218169396
22748.12838302193; -0.00102087706603; -0.061940321757
22750.76532896843; -0.00103906668075; -0.0619720358664
22753.40258058773; -0.00103026490816; -0.0619816095298
22756.04013791529; -0.00103952304544; -0.062000295545
22758.67800098648; -0.0010280396526; -0.0620193142765
22761.31616983677; -0.00103818429988; -0.0620409585732
22763.95464450165; -0.00103553718913; -0.0620642933175
22766.59342501649; -0.00103988381899; -0.0620873527601
22769.23251141678; -0.00105941253757; -0.0621003183017
22771.87190373803; -0.00104919255383; -0.0621212600737
22774.51160201561; -0.0010532922817; -0.0621454081642
22777.15160628503; -0.00104872351704; -0.0621828107252
22779.79191658181; -0.00105087455077; -0.0621881751091
22782.43253294133; -0.00105817838675; -0.0622055727663
22785.07345539911; -0.00105804893635; -0.0622205863998
22787.71468399068; -0.00105420475238; -0.0622334801404
22790.35621875144; -0.00105809854283; -0.0622753453104
22792.99805971697; -0.00106831806057; -0.0622943716107
22795.64020692267; -0.00106389933875; -0.0623000668425
22798.28266040409; -0.00107270180896; -0.0623216985466
22800.92542019679; -0.00107675228504; -0.062349372925
22803.56848633616; -0.00107419686876; -0.0623859593315
22806.21185885777; -0.00107524340944; -0.0623901271051
22808.85553779719; -0.0010823344666; -0.0624099434382
22811.49952318983; -0.00107923924274; -0.0624356180333
22814.14381507128; -0.00108911614764; -0.0624476166005
22816.7884134771; -0.00106697907162; -0.062480147432
22819.43331844273; -0.00109508953211; -0.0625002138829
22822.07853000376; -0.00108937566043; -0.0625213543888
22824.72404819577; -0.0010934855226; -0.0625464421036
22827.36987305422; -0.00109746296225; -0.0625562696435
22830.01600461469; -0.00110118614557; -0.062575648421
22832.66244291279; -0.00110540738194; -0.0626035838529
22835.30918798399; -0.00110597739026; -0.0626221973854
22837.95623986393; -0.00110824948841; -0.0626482136556
22840.60359858809; -0.00111396139459; -0.0626754287343
22843.25126419208; -0.00111527045226; -0.0626889059023
22845.89923671153; -0.00111751732328; -0.0627094263606
22848.54751618191; -0.00111668007868; -0.0627483617136
22851.19610263886; -0.00113284090473; -0.0627706702772
22853.84499611801; -0.00112141377739; -0.062779950242
22856.49419665485; -0.0011192912673; -0.0628077270985
22859.14370428503; -0.00112659402019; -0.0628356502605
22861.79351904419; -0.00112439148034; -0.062867282592
22864.44364096784; -0.00112031986711; -0.0628826740031
22867.09407009163; -0.00113162378168; -0.0628924820477
22869.74480645122; -0.00114096063824; -0.0629199298194
22872.39585008213; -0.00114377493454; -0.0629428587586
22875.04720102002; -0.00114863777533; -0.0629590538394
22877.69885930057; -0.00115384810572; -0.0629888942779
22880.35082495931; -0.00116766527797; -0.0630148045874
22883.00309803196; -0.00116217898494; -0.063031704256
22885.65567855406; -0.00117714239323; -0.0630571231964
22888.30856656131; -0.00117867568434; -0.0630846092559
22890.96176208938; -0.00118279638581; -0.0631136699839
22893.61526517384; -0.00119294725272; -0.06313159868
22896.26907585039; -0.00119662024478; -0.0631631328976
22898.92319415472; -0.0012038844735; -0.0631814639244
22901.5776201224; -0.001190329244; -0.0632060950643
22904.23235378915; -0.00120240221781; -0.0632338930984
22906.88739519067; -0.00121079569893; -0.063248517043
22909.54274436255; -0.00120020244615; -0.0632920010764
22912.19840134052; -0.00118897475267; -0.0633075009199
22914.85436616029; -0.00120085004874; -0.0633405508351
22917.51063885745; -0.00121174855496; -0.0633455612365
22920.16721946781; -0.00120085610136; -0.0633803956067
22922.82410802694; -0.00120308116323; -0.0634120050465
22925.48130457059; -0.00118628527924; -0.0634308298373
22928.13880913453; -0.00119188342833; -0.0634562970209
22930.79662175434; -0.00120399582586; -0.0634743460841
22933.4547424658; -0.00121639148538; -0.0635089979565
22936.11317130466; -0.00121996801206; -0.0635286233832
22938.77190830654; -0.00122283588666; -0.0635626203978
22941.43095350722; -0.0012163235881; -0.0635953632077
22944.09030694247; -0.00122186425798; -0.0636027840015
22946.74996864792; -0.00124944431348; -0.0636338038943
22949.40993865936; -0.00124951377655; -0.0636546536558
22952.07021701257; -0.00125391801909; -0.0636842430343
22954.7308037432; -0.00124599720281; -0.0637084302309
22957.39169888705; -0.0012446252127; -0.063738244633
22960.05290247991; -0.00130330494826; -0.063795779869
22962.71441455744; -0.00129875109212; -0.0637787977651
22965.3762351555; -0.00129227768219; -0.0638070751197
22968.03836430975; -0.00129622766145; -0.0638383386208
22970.70080205602; -0.0012938446244; -0.0638633651338
22973.36354843011; -0.00128189207323; -0.0638959229119
22976.02660346772; -0.00129403543682; -0.063932345855
22978.68996720467; -0.00129474992275; -0.0639503553146
22981.35363967678; -0.00129706210955; -0.0639906817357
22984.01762091976; -0.00130151365761; -0.0640138144413
22986.68191096944; -0.00130225065916; -0.0640431189106
22989.34650986168; -0.00130794463893; -0.0640616900673
22992.01141763216; -0.00131371605228; -0.0640848756476
22994.67663431675; -0.00131456045737; -0.0641160033448
22997.3421599513; -0.00131378119298; -0.0641458446389
23000.00799457154; -0.0013320053618; -0.0641816655423
23002.67413821332; -0.00132928374568; -0.0642012216817
23005.34059091251; -0.00134964680013; -0.0642317048912
23008.00735270485; -0.00135856370614; -0.0642570395919
23010.67442362626; -0.00135715553066; -0.0642976955806
23013.34180371248; -0.00136809542817; -0.0643210070156
23016.0094929994; -0.00137313686191; -0.0643462181973
23018.6774915229; -0.00138118007571; -0.0643859161788
23021.34579931873; -0.00138600580759; -0.0644080677442
23024.0144164228; -0.00138847331831; -0.0644412509643
23026.68334287101; -0.00138986459577; -0.0644607076338
23029.35257869912; -0.0013999057331; -0.0644954082248
23032.02212394304; -0.00140131495959; -0.0645219271153
23034.69197863868; -0.00140641685742; -0.0645531970706
23037.36214282183; -0.00138335783866; -0.0646237775399
23040.0326165284; -0.00141835038155; -0.0646167087709
23042.70339979433; -0.00141648668947; -0.0646544691614
23045.37449265539; -0.00140856367317; -0.0646906496919
23048.04589514758; -0.00139667431806; -0.0647247690296
23050.7176073067; -0.00139460335755; -0.0647415247782
23053.38962916868; -0.00139931450133; -0.0647775414703
23056.06196076947; -0.00140338573048; -0.064810100346
23058.73460214489; -0.00140982101209; -0.064842388932
23061.40755333088; -0.00143131047607; -0.0648738432789
23064.08081436342; -0.00142783712502; -0.0649056291552
23066.75438527831; -0.00144628872303; -0.0649359545845
23069.42826611154; -0.00145616073509; -0.0649552942608
23072.10245689908; -0.00144602177197; -0.0649974558293
23074.77695767675; -0.00141752231654; -0.0650326863979
23077.45176848054; -0.00140885744845; -0.0650735422034
23080.12688934644; -0.00140020166965; -0.0651014840751
23082.80232031029; -0.00138902859426; -0.0651468972052
23085.47806140809; -0.00140917439745; -0.0651693632507
23088.15411267583; -0.00141637963625; -0.0651953262272
23090.83047414938; -0.00141725914184; -0.0652293617412
23093.50714586478; -0.00143291725685; -0.065266951431
23096.18412785792; -0.00142371093178; -0.0653060720201
23098.86142016479; -0.00142591880262; -0.0653270484138
23101.53902282142; -0.00144121269826; -0.0653671714938
23104.21693586369; -0.00143177555627; -0.0654032205756
23106.89515932763; -0.00143150913868; -0.0654363871516
23109.57369324927; -0.00144064405611; -0.065482928761
23112.2525376645; -0.00144655727856; -0.0655071749403
23114.93169260936; -0.00144337628532; -0.0655483368359
23117.6111581199; -0.00145745647496; -0.0655758338445
23120.29093423202; -0.0014505686217; -0.0656082666447
23122.97102098176; -0.00146790277455; -0.0656490806812
23125.65141840521; -0.0014640335236; -0.0656846750829
23128.33212653825; -0.00148327762611; -0.0657218800714
23131.01314541697; -0.00147521979534; -0.0657569802874
23133.69447507743; -0.00149112631882; -0.065792828811
23136.37611555557; -0.00149448507823; -0.0658297801712
23139.05806688749; -0.00149877357049; -0.0658701635762
23141.74032910916; -0.00150177795767; -0.0659030400237
23144.42290225664; -0.00152147102599; -0.0659674306155
23147.10578636604; -0.00152038066007; -0.0659760038284
23149.7889814733; -0.00150965623295; -0.0660196031405
23152.47248761451; -0.0015218710588; -0.0660493108546
23155.1563048258; -0.00152865487271; -0.0660852013069
23157.8404331431; -0.00153516475163; -0.0661370087466
23160.52487260255; -0.00155180358152; -0.0661876069099
23163.20962324024; -0.00155797589038; -0.0662117957296
23165.89468509217; -0.00153408605034; -0.0662331472822
23168.58005819445; -0.00155669523527; -0.0662867275025
23171.2657425832; -0.00155300987349; -0.0663317315101
23173.95173829443; -0.00156790498749; -0.0663695694274
23176.63804536426; -0.00157660253312; -0.0664044147542
23179.32466382884; -0.0015881294815; -0.0664406261286
23182.01159372416; -0.00159098281067; -0.0664898014195
23184.69883508642; -0.00160359031453; -0.0665304309825
23187.38638795163; -0.00160087292115; -0.0665662701317
23190.07425235595; -0.00160693636306; -0.0666152228522
23192.76242833555; -0.00162182230293; -0.0666529198235
23195.45091592643; -0.00163370504302; -0.06670422552
23198.13971516477; -0.00162932507783; -0.0667374449432
23200.82882608675; -0.00163603018039; -0.0667715842701
23203.5182487284; -0.00164219577346; -0.0668169800096
23206.2079831259; -0.0016508520638; -0.0668614783235
23208.89802931544; -0.00165258796359; -0.0669034799706
23211.58838733306; -0.0016592813979; -0.0669496258076
23214.27905721496; -0.00167447256899; -0.0669988871532
23216.97003899734; -0.00167516411097; -0.0670403574158
23219.66133271626; -0.00167444430212; -0.067081319373
23222.35293840797; -0.00170289825121; -0.0671167684672
23225.04485610855; -0.00169452624917; -0.0671716677126
23227.73708585419; -0.00170696650224; -0.0672191387543
23230.42962768114; -0.00170835457812; -0.067277709
23233.12248162547; -0.0017132306971; -0.0672993547503
23235.81564772339; -0.00173280472472; -0.0673542320227
23238.50912601116; -0.0017320710456; -0.0673839801946
23241.20291652486; -0.00176119657369; -0.0674440057578
23243.89701930073; -0.00175145042328; -0.0674811360865
23246.59143437502; -0.00174422500196; -0.0675321382266
23249.28616178382; -0.00176401964866; -0.067577432468
23251.98120156341; -0.00177851641049; -0.0676184943384
23254.67655375003; -0.00178420901694; -0.0676885248954
23257.3722183798; -0.00179734814941; -0.0677301905338
23260.06819548899; -0.00180834446257; -0.0677655830653
23262.76448511387; -0.00180454578479; -0.0678183210066
23265.46108729057; -0.00182105020107; -0.0678649942801
23268.15800205541; -0.0018356030607; -0.0679280023967
23270.85522944454; -0.00182853215929; -0.067972350409
23273.55276949424; -0.00183638845633; -0.0680256997134
23276.2506222408; -0.00184612730072; -0.0681014653121
23278.94878772038; -0.00185841139879; -0.0681185306884
23281.64726596927; -0.00187703013719; -0.0681776420073
23284.34605702378; -0.00187977943733; -0.0682203526612
23287.04516092007; -0.00189621329714; -0.0682718032457
23289.74457769446; -0.00190424718088; -0.0683215430569
23292.44430738326; -0.00191268974155; -0.0683771926056
23295.14435002265; -0.00191841173334; -0.0684355415387
23297.84470564896; -0.00192998150957; -0.0684772014341
23300.5453742985; -0.00193881473175; -0.0685449657376
23303.24635600748; -0.00195496161453; -0.0685993309068
23305.94765081223; -0.00196612127442; -0.0686582297272
23308.64925874909; -0.00197131526226; -0.0687096804331
23311.35117985426; -0.00198102653625; -0.0687778479383
23314.05341416415; -0.00199512003362; -0.0688191909916
23316.75596171495; -0.0020056122908; -0.0688750048716
23319.45882254304; -0.00201939688943; -0.0689352724614
23322.16199668478; -0.00203121795649; -0.068994431326
23324.86548417637; -0.00204410394479; -0.0690483472797
23327.56928505421; -0.00206057981758; -0.0691062203749
23330.27339935466; -0.0020707647922; -0.0691734429116
23332.97782711397; -0.00207344555544; -0.0692197114055
23335.6825683685; -0.00207319068579; -0.0692914032338
23338.38762315466; -0.00209887762695; -0.0693428031622
23341.09299150869; -0.00212408570856; -0.0694002911291
23343.79867346698; -0.00212636909026; -0.0694628315043
23346.50466906594; -0.00212642980013; -0.0695296229965
23349.21097834183; -0.00216076454452; -0.069583131922
23351.91760133105; -0.00216846508895; -0.0696486674715
23354.62453807003; -0.00218063345274; -0.0697125559278
23357.33178859503; -0.00217467625243; -0.0697844719804
23360.03935294252; -0.00220325847713; -0.0698412101617
23362.74723114879; -0.00221511225727; -0.0699030720049
23365.45542325027; -0.00224311588622; -0.0699751150341
23368.16392928339; -0.00225420954917; -0.0700351777893
23370.87274928445; -0.00227462503522; -0.0701021207994
23373.58188328988; -0.00228353595706; -0.0701805627757
23376.29133133614; -0.00228787382641; -0.0702430562087
23379.00109345954; -0.00231783196958; -0.0703071065128
23381.71116969652; -0.00232357967336; -0.0703799262882
23384.42156008355; -0.00234000642244; -0.0704375523054
23387.13226465695; -0.00236715685333; -0.0705002970543
23389.84328345319; -0.00236617768577; -0.0705869163663
23392.55461650873; -0.00239994379486; -0.070646576638
23395.26626385992; -0.00241550594957; -0.0707271543487
23397.97822554328; -0.00242625500642; -0.0707948739787
23400.69050159515; -0.00244714062128; -0.0708762145037
23403.40309205203; -0.00245927261587; -0.0709453637375
23406.11599695039; -0.00247640235041; -0.0710258382114
23408.82921632661; -0.00249251319274; -0.0711037062809
23411.54275021718; -0.0025127955165; -0.0711720188093
23414.25659865861; -0.00252351173681; -0.0712493711856
23416.97076168726; -0.00254896018256; -0.0713194416595
23419.68523933965; -0.00256030745006; -0.0714030279065
23422.40003165229; -0.00259032959584; -0.0714817582836
23425.11513866157; -0.00261241889109; -0.0715591741275
23427.83056040402; -0.00262109650159; -0.0716369626064
23430.54629691616; -0.00264840047545; -0.0717285964632
23433.26234823439; -0.00266673000647; -0.0718004353754
23435.97871439525; -0.00268374060738; -0.071899857274
23438.69539543528; -0.0027167421736; -0.0719587012107
23441.41239139088; -0.00273821930155; -0.072046086133
23444.12970229867; -0.00275059051548; -0.0721376640886
23446.84732819504; -0.00279734784446; -0.072221335901
23449.56526911657; -0.00280660633182; -0.0723091055899
23452.28352509981; -0.00281298029787; -0.0724004773771
23455.00209618119; -0.002843757263; -0.0724795689542
23457.7209823973; -0.00286542256902; -0.0725770998033
23460.44018378469; -0.00288105198646; -0.0726511819363
23463.15970037982; -0.00292124073045; -0.072762282397
23465.87953221927; -0.0029343010801; -0.0728501544029
23468.59967933963; -0.00297119518214; -0.0729412528558
23471.32014177736; -0.00298520800335; -0.0730355465429
23474.04091956904; -0.00301330576688; -0.0731368561773
23476.76201275129; -0.00304287900423; -0.0732318530733
23479.48342136056; -0.00305872475453; -0.073326321363
23482.20514543348; -0.00308968190063; -0.0734171077659
23484.92718500666; -0.00311782931026; -0.073521499854
23487.64954011657; -0.00314906795884; -0.0736242254174
23490.37221079988; -0.00317810140431; -0.0737124218241
23493.09519709309; -0.00320933576591; -0.0738189553758
23495.81849903282; -0.00324059936563; -0.0739338017464
23498.54211665572; -0.00327634434505; -0.0740291165679
23501.26604999827; -0.00330701345279; -0.0741397407763
23503.99029909713; -0.00333772114431; -0.0742449738801
23506.71486398895; -0.00335912666239; -0.074361261821
23509.43974471023; -0.00339998270755; -0.0744699308271
23512.16494129764; -0.00344447658712; -0.0745725327368
23514.89045378783; -0.00346560268373; -0.0746721923571
23517.61628221734; -0.00350767778881; -0.0747994627425
23520.34242662284; -0.00354424446816; -0.0749055959251
23523.06888704098; -0.0035806836133; -0.0750196640929
23525.79566350833; -0.00362266855916; -0.0751482022379
23528.5227560616; -0.00365229278694; -0.0752640267721
23531.25016473734; -0.00369920742678; -0.0753817228616
23533.97788957225; -0.00373493300109; -0.0755051959662
23536.70593060302; -0.00378427796551; -0.0756174937398
23539.4342878662; -0.00382384801148; -0.0757438397941
23542.16296139851; -0.0038586571812; -0.0758755211889
23544.89195123666; -0.00391588206516; -0.0760046816252
23547.6212574172; -0.00394642411692; -0.0761268170218
23550.35087997687; -0.00398764462891; -0.0762569199066
23553.08081895238; -0.00404820811807; -0.0763824087167
23555.81107438032; -0.00409230285607; -0.0765189635914
23558.54164629741; -0.00412898857643; -0.0766584243684
23561.2725347404; -0.00417899469993; -0.0767986992695
23564.00373974587; -0.0042356451392; -0.0769404543404
23566.73526135058; -0.00429664127532; -0.0770815028528
23569.46709959127; -0.00431821804977; -0.0772407260346
23572.19925450454; -0.004385501157; -0.0773608138965
23574.93172612721; -0.00443353788253; -0.0774958555223
23577.66451449589; -0.00449292887073; -0.0776563393046
23580.39761964733; -0.00456107064856; -0.0778137799459
23583.13104161833; -0.00461332092097; -0.0779600954547
23585.86478044549; -0.00466744307634; -0.0781130725557
23588.59883616561; -0.00472834493403; -0.0782652170643
23591.33320881546; -0.00479579167645; -0.0784334630362
23594.06789843168; -0.00486986189549; -0.0785998810226
23596.80290505107; -0.00492368765399; -0.078759351239
23599.53822871041; -0.00498859409026; -0.078931021638
23602.27386944638; -0.00505472030715; -0.0790850561402
23605.00982729576; -0.00513776227136; -0.0792683773678
23607.74610229536; -0.00520217286322; -0.079425181458
23610.48269448187; -0.00527108911091; -0.0796022571322
23613.21960389208; -0.00534926845187; -0.0797898899736
23615.95683056282; -0.00542702228882; -0.0799619221546
23618.69437453077; -0.00550859385882; -0.0801426300363
23621.43223583281; -0.00558866451194; -0.0803307980808
23624.17041450562; -0.00566084699071; -0.0805489860231
23626.90891058605; -0.0057619204903; -0.0807209453057
23629.64772411093; -0.00585470483672; -0.0808981617311
23632.38685511698; -0.00594150644277; -0.0811016036316
23635.12630364102; -0.00602618735799; -0.0812870284439
23637.86606971994; -0.00613362858838; -0.0814993514906
23640.60615339042; -0.00622943236689; -0.0817093496355
23643.34655468935; -0.00631793867381; -0.0819120663223
23646.08727365359; -0.0064132416533; -0.08214832202
23648.82831031986; -0.00651824568256; -0.0823673007931
23651.56966472504; -0.00661809713326; -0.082560621866
23654.31133690601; -0.00674525158672; -0.0827919068979
23657.05332689951; -0.00685737598064; -0.0830217296136
23659.79563474243; -0.00697417273309; -0.0832545466218
23662.53826047167; -0.00709746209797; -0.0834864613805
23665.28120412397; -0.00722175155703; -0.0837224593473
23668.02446573628; -0.00734913470608; -0.083958450965
23670.76804534537; -0.00748665690355; -0.0842066162694
23673.51194298815; -0.00761366241796; -0.0844612884803
23676.25615870152; -0.00776115884828; -0.0847145574895
23679.00069252228; -0.00790668087739; -0.0849666433261
23681.74554448733; -0.00805651282392; -0.0852386784321
23684.4907146336; -0.00821609038432; -0.0854927154775
23687.23620299789; -0.00836772069161; -0.0857741615057
23689.98200961712; -0.00853095684594; -0.0860499286433
23692.72813452825; -0.00869661738553; -0.0863204488726
23695.47457776806; -0.00885941295001; -0.086623231814
23698.22133937351; -0.00905864653338; -0.0869173683528
23700.96841938154; -0.00923014324478; -0.0871982864009
23703.71581782898; -0.00942362662096; -0.0875037099307
23706.46353475283; -0.00961233300204; -0.0878610671944
23709.21157018992; -0.00981776334508; -0.0881106385564
23711.9599241772; -0.0100252741525; -0.0884436312083
23714.70859675167; -0.0102505658367; -0.0887587916704
23717.45758795014; -0.0104641731041; -0.089097693551
23720.20689780961; -0.0107138502607; -0.089423162937
23722.95652636705; -0.010957613631; -0.0897635693643
23725.70647365933; -0.0112073341902; -0.0901054435485
23728.45673972343; -0.011465612557; -0.090459271933
23731.20732459635; -0.0117384008453; -0.0908267540008
23733.95822831496; -0.0120108731748; -0.0911947435365
23736.70945091626; -0.0123153950096; -0.0915583276889
23739.46099243726; -0.0125979681653; -0.0919414417996
23742.21285291484; -0.012905523238; -0.0923302628646
23744.96503238602; -0.013242135732; -0.0927167183031
23747.71753088782; -0.0135789488486; -0.0931224142365
23750.47034845713; -0.0139295915008; -0.0935285170999
23753.22348513103; -0.0142948301745; -0.093952052604
23755.97694094642; -0.0146665581425; -0.0943716034289
23758.73071594034; -0.0150425111003; -0.0947934564872
23761.48481014984; -0.0154594501513; -0.0952505772447
23764.23922361181; -0.0158938279817; -0.095678956947
23766.99395636333; -0.0163386588304; -0.0961265499947
23769.74900844144; -0.0167957908021; -0.0965847075521
23772.50437988308; -0.0172852753693; -0.097045592995
23775.2600707253; -0.0177753273465; -0.0975248412431
23778.01608100517; -0.0183034933051; -0.0980084000935
23780.77241075965; -0.0188417364398; -0.098508631773
23783.52906002579; -0.0194060737734; -0.098989512152
23786.2860288407; -0.0200023830712; -0.0994971106213
23789.04331724131; -0.0206235228022; -0.100014272841
23791.80092526471; -0.0212713457053; -0.100521539248
23794.55885294802; -0.0219413228259; -0.10104612772
23797.31710032818; -0.0226482785382; -0.101568986641
23800.07566744236; -0.0234067522425; -0.102097724743
23802.83455432751; -0.0241655837691; -0.10263383096
23805.59376102076; -0.0249846420957; -0.103176560904
23808.35328755922; -0.0258256480032; -0.103714766959
23811.11313397988; -0.0267120276523; -0.104256783532
23813.87330031985; -0.0276563945864; -0.104823543636
23816.63378661629; -0.028637642264; -0.105336937658
23819.39459290617; -0.0296550756556; -0.105878068792
23822.15571922665; -0.0307268477865; -0.106422718312
23824.91716561486; -0.0318517346538; -0.106944952012
23827.67893210781; -0.0330379506796; -0.107454103578
23830.44101874266; -0.034270521995; -0.107968622832
23833.20342555656; -0.0355715356576; -0.108470845635
23835.96615258654; -0.0369404534321; -0.108945384595
23838.72919986976; -0.0383753156379; -0.109390489073
23841.49256744339; -0.0398867954314; -0.109867843442
23844.25625534447; -0.0414515811697; -0.110212700666
23847.02026361021; -0.0430894445254; -0.110580297506
23849.78459227768; -0.0448184429327; -0.110902178856
23852.54924138404; -0.0466182037587; -0.111175320449
23855.3142109665; -0.0485067985595; -0.111389904269
23858.0795010621; -0.0504476651167; -0.111532238999
23860.84511170805; -0.0525015172384; -0.11161944228
23863.61104294157; -0.0546565588645; -0.111601165854
23866.3772947997; -0.0568831426403; -0.111515496763
23869.14386731967; -0.059210212528; -0.111300229733
23871.9107605387; -0.0615896983378; -0.110987803817
23874.67797449385; -0.0640602157876; -0.110541472382
23877.44550922238; -0.0666105397889; -0.109933963949
23880.21336476149; -0.069209237236; -0.109194529286
23882.98154114829; -0.0718772316789; -0.108271309448
23885.75003842007; -0.0746003693778; -0.107163313523
23888.51885661392; -0.0773293688227; -0.105845514571
23891.28799576709; -0.0800712473519; -0.104331710039
23894.05745591685; -0.0828327824416; -0.102599850749
23896.82723710029; -0.085552000807; -0.100610422044
23899.59733935469; -0.0882086575388; -0.0983752098304
23902.36776271731; -0.090790837811; -0.0959207533831
23905.13850722527; -0.0932628773156; -0.0932023852795
23907.90957291585; -0.0956129071601; -0.090237740262
23910.68095982634; -0.0977660464577; -0.0870426454068
23913.45266799386; -0.0997289577582; -0.0836215297176
23916.22469745571; -0.101466405592; -0.0799946984756
23918.99704824918; -0.102914203907; -0.0761947440583
23921.76972041143; -0.104094032627; -0.07223399132
23924.54271397975; -0.104952259539; -0.0681599465519
23927.31602899144; -0.105492959401; -0.0640044137977
23930.08966548368; -0.105696303484; -0.0597918762619
23932.86362349383; -0.105552610275; -0.0556005776843
23935.63790305905; -0.105083999738; -0.0514378139143
23938.41250421668; -0.104282386927; -0.0473545256295
23941.18742700404; -0.10319154352; -0.0433850307693
23943.96267145831; -0.101782117056; -0.0395517685833
23946.73823761684; -0.100118813944; -0.0359075116644
23949.51412551695; -0.0982165932341; -0.0324719008744
23952.29033519586; -0.0961064242033; -0.0292200404794
23955.06686669091; -0.0938262569168; -0.0262514401046
23957.84372003945; -0.0913965410479; -0.0234988149174
23960.62089527869; -0.0888479467779; -0.0209872116256
23963.398392446; -0.0862265529701; -0.0187367547447
23966.17621157875; -0.0835580917511; -0.0167102078376
23968.95435271415; -0.0808411584728; -0.014934755525
23971.73281588958; -0.0781258963266; -0.0133761470315
23974.51160114243; -0.0754097564715; -0.0120174660516
23977.29070850993; -0.0727428140197; -0.0108637770797
23980.07013802951; -0.0701009447807; -0.00991457149166
23982.84988973842; -0.0675030611118; -0.00910822931544
23985.62996367406; -0.0649870246236; -0.00846958051799
23988.41035987384; -0.0625439963915; -0.00799081715704
23991.191078375; -0.0601438194297; -0.00761667210083
23993.97211921496; -0.0578454127108; -0.00738437487712
23996.75348243113; -0.0556285460191; -0.00724266789333
23999.53516806079; -0.0534976475144; -0.00719422413105
24002.31717614136; -0.0514601632731; -0.00723480108137
24005.09950671026; -0.0494833143087; -0.00734600786991
24007.88215980478; -0.0475886303595; -0.00753575980189
24010.66513546236; -0.0457830585843; -0.0077718916149
24013.44843372043; -0.0440579525129; -0.00805536209044
24016.2320546163; -0.0424139302187; -0.00837921813733
24019.01599818746; -0.0408539073661; -0.00874944637068
24021.80026447121; -0.0393373540456; -0.00914565289206
24024.58485350502; -0.0379094864935; -0.00958718514822
24027.36976532635; -0.0365448689027; -0.0100368729568
24030.15499997251; -0.0352312820465; -0.0104920151596
24032.94055748098; -0.0339906327601; -0.0109876443564
24035.72643788924; -0.0328123450435; -0.0114809843365
24038.5126412346; -0.031671371194; -0.0119660006771
24041.29916755457; -0.0306052661252; -0.0125387763481
24044.08601688662; -0.0295562251293; -0.0130219648742
24046.8731892681; -0.0285659355451; -0.0135342765693
24049.66068473651; -0.0276261881028; -0.0140573137922
24052.44850332935; -0.0267382958508; -0.014583336174
24055.23664508397; -0.0258820330171; -0.0151158505505
24058.0251100379; -0.0250577066216; -0.0156359685942
24060.81389822863; -0.0242769567334; -0.0161443603777
24063.60300969355; -0.0235314322057; -0.0166587462984
24066.39244447022; -0.0228054574349; -0.0171791534612
24069.18220259602; -0.0221208694061; -0.01768436881
24071.97228410849; -0.0214808280125; -0.0181840897755
24074.76268904516; -0.0208444618659; -0.0186707248319
24077.55341744343; -0.0202384393754; -0.0191680350941
24080.34446934083; -0.0196710804422; -0.0196562464933
24083.13584477492; -0.019122346043; -0.0201301547421
24085.9275437831; -0.0185771932022; -0.0205873521506
24088.71956640294; -0.0180728951903; -0.0210563376529
24091.51191267198; -0.017585555714; -0.02151640186
24094.30458262766; -0.017118777831; -0.021974772883
24097.09757630755; -0.0166751084743; -0.0224053802479
24099.89089374921; -0.0162453454024; -0.0228498435667
24102.68453499008; -0.0158259846962; -0.0232716196364
24105.47850006774; -0.0154246784095; -0.0236845755852
24108.27278901978; -0.0150499663487; -0.0241109741058
24111.06740188365; -0.0146693767106; -0.0245411588167
24113.862338697; -0.0143181328812; -0.0249031644067
24116.65759949726; -0.0139730226952; -0.0252986461101
24119.45318432206; -0.0136414264279; -0.0257006110246
24122.249093209; -0.0133134159008; -0.026066465447
24125.04532619555; -0.0130200606026; -0.0264369867807
24127.84188331932; -0.0127177798099; -0.0268170234237
24130.63876461795; -0.0124488971616; -0.0271623804904
24133.4359701289; -0.0121671452676; -0.0275291893588
24136.23349988981; -0.0118932741725; -0.0278786597336
24139.03135393832; -0.0116161841585; -0.0282586674714
24141.82953231192; -0.011318553969; -0.0286115586425
24144.62803504826; -0.0111627069893; -0.0289106633664
24147.42686218498; -0.0109243288253; -0.029213927214
24150.22601375958; -0.0107107659093; -0.029528347939
24153.02548980974; -0.0104871573492; -0.029826636498
24155.8252903731; -0.0102890958222; -0.0301507362576
24158.62541548719; -0.0100862846922; -0.0303984657199
24161.42586518973; -0.00986295255022; -0.0307497694361
24164.22663951824; -0.00969491101599; -0.0310193874082
24167.02773851041; -0.00950848532911; -0.0313235757638
24169.82916220392; -0.00932496222826; -0.0316203166834
24172.63091063631; -0.00915066454444; -0.0318742110207
24175.43298384527; -0.00898484923179; -0.0321483521585
24178.2353818685; -0.00882231381003; -0.0324235983788
24181.03810474355; -0.00866033766875; -0.0326823457769
24183.84115250814; -0.00851477678938; -0.0329399862079
24186.64452519996; -0.00836107169716; -0.0331977403705
24189.44822285659; -0.00821356977546; -0.0334529604279
24192.25224551575; -0.0080733733033; -0.0336971074092
24195.05659321515; -0.00794548294975; -0.0339271727382
24197.86126599239; -0.00779779334198; -0.0341743533288
24200.66626388523; -0.00768489155631; -0.0344147678847
24203.47158693127; -0.00755859810695; -0.0346472198535
24206.27723516825; -0.00743847333992; -0.0348570359228
24209.08320863391; -0.00731395057814; -0.035100091303
24211.88950736586; -0.0072059104751; -0.0353204429559
24214.69613140186; -0.00709244112307; -0.0355335489939
24217.50308077964; -0.00698180447684; -0.0357407773664
24220.31035553685; -0.00687552236213; -0.0359502145507
24223.11795571123; -0.00676489308923; -0.0361568312803
24225.92588134056; -0.00668706372198; -0.0363682824548
24228.73413246248; -0.00657322903541; -0.0365636216775
24231.54270911475; -0.00646977830832; -0.0367629992119
24234.35161133517; -0.00638450341829; -0.0369586633168
24237.16083916137; -0.00629326910668; -0.0371527555246
24239.97039263115; -0.00622579793722; -0.0373265364265
24242.78027178231; -0.00610147469953; -0.0375370167779
24245.59047665249; -0.0060326531162; -0.0377139055257
24248.40100727956; -0.00596231152717; -0.0379136547384
24251.21186370119; -0.00587577387152; -0.0380589925974
24254.02304595517; -0.00579315174224; -0.0382322131343
24256.83455407934; -0.00571287326683; -0.0384097875666
24259.64638811137; -0.00563912637412; -0.0386048447505
24262.45854808909; -0.00557186345111; -0.0387521252254
24265.27103405033; -0.00550511976676; -0.0389300929896
24268.08384603277; -0.00543282515346; -0.0390927067195
24270.89698407427; -0.00536574156462; -0.0392471082273
24273.71044821266; -0.00529998634674; -0.0394073337926
24276.52423848566; -0.00522383919611; -0.0395640294087
24279.33835493111; -0.00516988437168; -0.0397141973165
24282.15279758687; -0.00510562607723; -0.0398746608634
24284.96756649066; -0.00504859606045; -0.0400263688854
24287.78266168034; -0.00499287762476; -0.0401728529986
24290.59808319379; -0.00493510314201; -0.0403221553738
24293.41383106874; -0.00487878130976; -0.0404608883557
24296.22990534312; -0.0048204780969; -0.0406071950225
24299.04630605466; -0.00475612617995; -0.0407592081482
24301.86303324126; -0.00471156037821; -0.0408895908956
24304.6800869408; -0.00465565775988; -0.0410303443905
24307.49746719104; -0.00460704177005; -0.0411491343383
24310.31517402988; -0.00454244921736; -0.0413062642893
24313.13320749523; -0.00449729190206; -0.0414304288228
24315.95156762486; -0.0044691741087; -0.0415594642739
24318.77025445667; -0.00440938768337; -0.0417002519618
24321.58926802859; -0.00436181544988; -0.0418404420293
24324.4086083784; -0.00433538571654; -0.0419526616259
24327.22827554401; -0.00428747358672; -0.0420778036533
24330.04826956338; -0.00423962775908; -0.0421974086069
24332.86859047429; -0.00419960015232; -0.0423200500012
24335.68923831472; -0.00416689547566; -0.0424326649583
24338.51021312249; -0.00410969857357; -0.0425714058175
24341.33151493553; -0.00409604194208; -0.0426731476859
24344.15314379181; -0.00403063558249; -0.0428042799999
24346.97509972914; -0.00400226341057; -0.0429133297142
24349.79738278548; -0.00395632532256; -0.0430160509092
24352.6199929988; -0.00393120909834; -0.0431267639123
24355.44293040692; -0.00389097378738; -0.043242621193
24358.26619504783; -0.00385875643893; -0.0433616055498
24361.0897869595; -0.00383389439481; -0.0434821585491
24363.91370617977; -0.00377896658452; -0.0435732058817
24366.73795274664; -0.00375562056488; -0.0436847014264
24369.5625266981; -0.00371273171007; -0.0437790526349
24372.38742807199; -0.00368916155923; -0.0438947962329
24375.21265690634; -0.00365935660579; -0.0439887687298
24378.03821323913; -0.00363376590501; -0.0440938173193
24380.86409710824; -0.00358404952027; -0.0441868434025
24383.69030855174; -0.00356756806663; -0.044291091446
24386.51684760749; -0.0035360598058; -0.0443883297466
24389.34371431353; -0.0035085617047; -0.0444831344295
24392.17090870787; -0.00346905911415; -0.0446107937954
24394.99843082843; -0.00345295782257; -0.0446754021246
24397.82628071321; -0.00341896479593; -0.0447698038938
24400.65445840028; -0.00339223903389; -0.0448556577415
24403.48296392754; -0.00336163411892; -0.0449586915015
24406.31179733303; -0.0033463911067; -0.0450494126338
24409.14095865481; -0.00331880278362; -0.0451406259051
24411.97044793079; -0.00329705384047; -0.0452340478752
24414.80026519905; -0.00327293497954; -0.0453216329416
24417.63041049765; -0.00324730001689; -0.0454028546074
24420.46088386451; -0.00322719547229; -0.0454949541833
24423.29168533772; -0.00319814998942; -0.0455778386061
24426.12281495536; -0.00317669373746; -0.045667710197
24428.95427275537; -0.00314357565965; -0.0457476031687
24431.78605877588; -0.00312740820866; -0.0458307324635
24434.61817305486; -0.00311144784595; -0.0459150617503
24437.45061563039; -0.00308931054339; -0.0460032138139
24440.28338654058; -0.00305991200938; -0.0460788814463
24443.11648582341; -0.00304140960434; -0.0461720488799
24445.94991351697; -0.00301793502794; -0.0462399335651
24448.78366965939; -0.00301780424891; -0.0463156747372
24451.61775428864; -0.00298131245194; -0.0463931539808
24454.45216744286; -0.00296208305611; -0.0464690393182
24457.28690916016; -0.00294134533259; -0.0465474136006
24460.12197947855; -0.00291716829436; -0.0466223908133
24462.95737843616; -0.00291062063221; -0.0467146407856
24465.79310607113; -0.00287329920867; -0.0467883276922
24468.62916242147; -0.00288450386697; -0.0468529858971
24471.46554752533; -0.0028435292745; -0.0469285800356
24474.30226142087; -0.0028280504716; -0.0470077547997
24477.1393041461; -0.00283253735386; -0.0470719962121
24479.97667573924; -0.00279262249771; -0.0471464905711
24482.81437623832; -0.00277507401441; -0.0472149722181
24485.6524056815; -0.00276733218608; -0.0472777442394
24488.49076410698; -0.00275140059608; -0.0473479624867
24491.32945155278; -0.00273746404197; -0.0474166109351
24494.1684680571; -0.00272541913594; -0.0474798837713
24497.00781365812; -0.00271254701691; -0.0475587957074
24499.84748839391; -0.00269256804057; -0.0476269067741
24502.68749230265; -0.00267785921485; -0.0476957088936
24505.52782542257; -0.00267056443708; -0.0477501604785
24508.36848779171; -0.00263850520636; -0.0478234305712
24511.2094794483; -0.00263088171326; -0.0478937857662
24514.05080043056; -0.0026303418763; -0.0479631882675
24516.89245077657; -0.00259737816916; -0.0480156611759
24519.73443052459; -0.00259109498749; -0.048074483477
24522.57673971272; -0.00257122000056; -0.048155993916
24525.4193783792; -0.00256783616795; -0.0482063681677
24528.26234656226; -0.00254256323726; -0.0482737544091
24531.10564430002; -0.0025418436491; -0.0483272544305
24533.9492716307; -0.00253179983242; -0.0483960508023
24536.79322859258; -0.00250956398684; -0.0484423864455
24539.63751522377; -0.0025069623722; -0.0485121076461
24542.48213156252; -0.00247723113797; -0.0485814320135
24545.32707764711; -0.00247811684027; -0.0486302178748
24548.17235351566; -0.00245813462557; -0.0487220083518
24551.01795920646; -0.00245461571064; -0.0487556755869
24553.86389475777; -0.0024604480077; -0.048799190967
24556.71016020775; -0.00243432912336; -0.0488752468109
24559.55675559468; -0.00241826400483; -0.0489171900434
24562.40368095685; -0.00240215541169; -0.0489858165548
24565.25093633243; -0.00239244737735; -0.0490415456312
24568.09852175976; -0.00237213058263; -0.0490879500719
24570.946437277; -0.00235798250303; -0.04913851702
24573.79468292247; -0.0023519301232; -0.0492044375179
24576.64325873448; -0.00234704661534; -0.0492569887805
24579.49216475121; -0.00233552672045; -0.0492995311295
24582.34140101098; -0.00232596776363; -0.0493663544514
24585.19096755213; -0.00231452083317; -0.049412904922
24588.04086441285; -0.00230233807086; -0.0494855513848
24590.89109163146; -0.00230283463712; -0.0495164272527
24593.74164924632; -0.00229060014015; -0.0495739795096
24596.59253729563; -0.00227315262529; -0.049623114588
24599.44375581774; -0.00226562480456; -0.0496684646193
24602.29530485101; -0.00224981418307; -0.0497208070485
24605.14718443364; -0.00224118938348; -0.0497765131935
24607.99939460402; -0.00223812483882; -0.0498255796391
24610.85193540051; -0.00222765464473; -0.0498764204511
24613.70480686133; -0.00221928556611; -0.0499117500275
24616.55800902491; -0.00220939479862; -0.0499722718815
24619.4115419295; -0.00220505884122; -0.050016827213
24622.26540561348; -0.00219292898044; -0.0500759404232
24625.11960011524; -0.0021799249589; -0.0501131102393
24627.97412547303; -0.0021772048111; -0.0501626611243
24630.82898172526; -0.00216978331398; -0.0502177842988
24633.68416891032; -0.00216318045319; -0.0502637708778
24636.53968706649; -0.00215207915821; -0.0503059288001
24639.39553623218; -0.00212992335924; -0.0503517228715
24642.25171644581; -0.00214762717261; -0.0504526995479
24645.10822774565; -0.00213242189817; -0.0504453837166
24647.96507017014; -0.00211600424744; -0.0505104709498
24650.8222437577; -0.00211729709173; -0.0505499500695
24653.67974854662; -0.00210456232805; -0.0505769246478
24656.53758457541; -0.00208806008004; -0.0506311225793
24659.39575188235; -0.00207876463123; -0.050688478608
24662.2542505059; -0.00207106211769; -0.0507172834936
24665.1130804845; -0.00207570562611; -0.0507624534708
24667.97224185648; -0.002070777239; -0.0508045216909
24670.8317346603; -0.00206573555734; -0.0508432974835
24673.69155893442; -0.00205863855178; -0.0508985257109
24676.55171471718; -0.00203641980036; -0.0509380160172
24679.41220204705; -0.00204544338128; -0.0509758393897
24682.2730209625; -0.00204010112331; -0.0510161263783
24685.13417150189; -0.00203117096243; -0.0510603533251
24687.99565370369; -0.00202362605307; -0.0511089221215
24690.85746760641; -0.00201433557195; -0.0511495560924
24693.7196132484; -0.00200912841553; -0.0511867858924
24696.58209066816; -0.00200870996485; -0.0512318706155
24699.4448999042; -0.00200383736892; -0.0512698221874
24702.30804099489; -0.0019851624414; -0.0513067589301
24705.17151397879; -0.00197775620965; -0.0513566608334
24708.03531889428; -0.00197968752538; -0.0513944927914
24710.89945577988; -0.00197763134063; -0.0514324171882
24713.76392467412; -0.00196535628; -0.0514819420376
24716.6287256154; -0.00196491686294; -0.0515198673821
24719.49385864225; -0.001956509264; -0.0515496589008
24722.35932379321; -0.00193815567116; -0.0515979722402
24725.2251211067; -0.00194407417038; -0.0516330079967
24728.09125062125; -0.00193313604943; -0.0516739669237
24730.95771237544; -0.00193972275007; -0.0517083422917
24733.82450640766; -0.00192941909959; -0.0517469919928
24736.69163275649; -0.00192322762085; -0.0517954427039
24739.55909146051; -0.00192091618913; -0.0518203512097
24742.42688255814; -0.00190517034856; -0.0518642762927
24745.29500608795; -0.00189528588801; -0.0518980249489
24748.16346208854; -0.00189363601546; -0.0519332335365
24751.03225059834; -0.00189261792203; -0.051964100277
24753.901371656; -0.00187799833798; -0.0520215574236
24756.77082529997; -0.00189384573962; -0.0520573826017
24759.64061156884; -0.00187580923609; -0.0520815708805
24762.51073050124; -0.00187963194914; -0.0521179130184
24765.38118213561; -0.00186679759804; -0.0521525005846
24768.25196651059; -0.00187298201668; -0.0521875679375
24771.12308366477; -0.001854983109; -0.0522262325639
24773.99453363665; -0.00186586500961; -0.0522641999148
24776.86631646486; -0.0018496137568; -0.0523018142992
24779.73843218802; -0.00185404550227; -0.0523333196132
24782.61088084463; -0.00183285974526; -0.0523687401545
24785.48366247332; -0.00184375670162; -0.0523979671146
24788.35677711276; -0.00183309243367; -0.0524349821989
24791.23022480143; -0.00183047245907; -0.0524781659158
24794.104005578; -0.00183083756384; -0.0524967135037
24796.97811948113; -0.00183260665033; -0.0525314291674
24799.85256654933; -0.00182259198684; -0.052582139444
24802.72734682132; -0.00181582601102; -0.0526168520345
24805.60246033564; -0.0017964846782; -0.0526417247863
24808.47790713095; -0.00179695493393; -0.0526790201647
24811.35368724595; -0.00179928672871; -0.0527146826447
24814.22980071916; -0.00179200558444; -0.0527383721804
24817.10624758929; -0.00179497339455; -0.0527831382408
24819.98302789502; -0.00178314672303; -0.0528078648739
24822.86014167492; -0.00178607977519; -0.0528398305124
24825.73758896768; -0.00177829544341; -0.0528768783153
24828.61536981203; -0.00178657969243; -0.0529020560823
24831.49348424651; -0.00177756744737; -0.0529398286638
24834.37193230985; -0.00176711256311; -0.0529635682032
24837.25071404079; -0.00176306258434; -0.0530007140953
24840.12982947789; -0.00177288317375; -0.0530208435359
24843.00927865993; -0.00176303819599; -0.053062278758
24845.88906162551; -0.00176229466088; -0.0530874387935
24848.76917841337; -0.00175576294427; -0.0531201748352
24851.64962906225; -0.00175101489689; -0.0531633526081
24854.53041361076; -0.00173240467176; -0.0531928382515
24857.41153209764; -0.00174575411016; -0.0532096891481
24860.29298456167; -0.00174849993618; -0.0532419115793
24863.17477104145; -0.00173711838873; -0.053269735779
24866.05689157575; -0.00173348720888; -0.0533094784237
24868.93934620335; -0.001727871482; -0.0533592689581
24871.82213496287; -0.0017166305871; -0.0533640356586
24874.7052578931; -0.00171787469438; -0.0533986794707
24877.58871503283; -0.00171340101485; -0.053430766836
24880.47250642068; -0.00171239629885; -0.0534506994128
24883.35663209547; -0.00171371195984; -0.0534819288492
24886.24109209599; -0.00170484826591; -0.0535138098045
24889.1258864609; -0.00169482884565; -0.0535454067816
24892.01101522905; -0.00170006836684; -0.0535729583055
24894.8964784391; -0.00169397192577; -0.0536249913396
24897.78227612989; -0.00169978004094; -0.0536258170724
24900.66840834022; -0.00169748420868; -0.0536580365363
24903.55487510878; -0.00169535643052; -0.0536964549565
24906.4416764744; -0.00168471710885; -0.053719608399
24909.32881247592; -0.00168547554863; -0.0537513517554
24912.21628315202; -0.00168048098257; -0.0537690585837
24915.10408854155; -0.00167956784641; -0.0538008304276
24917.99222868336; -0.00166539134232; -0.0538357900777
24920.88070361616; -0.00167175522623; -0.0538551109115
24923.7695133788; -0.0016543418927; -0.0539074569884
24926.65865801014; -0.00166465601471; -0.0539126426207
24929.54813754891; -0.00165986689029; -0.053948346443
24932.43795203398; -0.00165520153263; -0.0539686826951
24935.32810150422; -0.00166295264032; -0.0539874479854
24938.21858599837; -0.00165931767996; -0.0540103349508
24941.10940555535; -0.00166178036053; -0.0540515567213
24944.00056021392; -0.00164830629804; -0.054082425709
24946.89205001296; -0.00163540901565; -0.0541086659982
24949.78387499138; -0.00164135955079; -0.0541297740583
24952.67603518792; -0.00163361837501; -0.0541630087186
24955.5685306415; -0.00164653323126; -0.0541864645399
24958.46136139103; -0.00163605133108; -0.0542137597893
24961.35452747528; -0.00162612987677; -0.0542356043972
24964.24802893317; -0.00163767793122; -0.0542679646194
24967.14186580361; -0.00162671574393; -0.054286385342
24970.03603812541; -0.00162284628836; -0.0543441257343
24972.93054593748; -0.00161537728271; -0.054343147134
24975.82538927878; -0.00163063580576; -0.0543787977563
24978.72056818809; -0.00162289399243; -0.0543933602437
24981.61608270441; -0.00162339552299; -0.0544170441141
24984.51193286655; -0.00162255325485; -0.0544457320756
24987.40811871347; -0.00161712351571; -0.0544824515511
24990.30464028412; -0.00160402951135; -0.0544887723698
24993.20149761732; -0.00160628302378; -0.0545067953651
24996.09869075205; -0.0016108811164; -0.054537602249
24998.99621972728; -0.00161975038225; -0.0545663634887
25001.89408458184; -0.00159237418813; -0.054595253951
25004.79228535472; -0.0016003315724; -0.0546259750985
25007.69082208491; -0.00159184412724; -0.0546496139734
25010.58969481124; -0.00159353931174; -0.0546829695523
25013.48890357272; -0.00158516312533; -0.0546998984198
25016.38844840835; -0.00159083012987; -0.0547250853548
25019.28832935699; -0.00159263002341; -0.0547546230392
25022.18854645765; -0.00158726599352; -0.0547686329557
25025.08909974935; -0.00158297843074; -0.0548009059648
25027.98998927095; -0.00158814760876; -0.0548132190367
25030.89121506154; -0.00158439634527; -0.0548518834917
25033.79277716; -0.00157920246743; -0.0548661198813
25036.69467560534; -0.00157290598741; -0.054885562351
25039.59691043663; -0.00157095162943; -0.0549204918583
25042.49948169275; -0.0015838714956; -0.0549392869513
25045.40238941274; -0.00157506259638; -0.0549574447847
25048.30563363567; -0.00157217092904; -0.0549968492984
25051.20921440043; -0.00156636598822; -0.055010856049
25054.1131317461; -0.00156304091791; -0.0550353148287
25057.01738571173; -0.00156025721943; -0.0550578224447
25059.92197633625; -0.00157101561604; -0.0550792264123
25062.82690365873; -0.00155893458334; -0.0551113013816
25065.73216771826; -0.00154575957505; -0.0551239729573
25068.63776855376; -0.00155665381198; -0.0551428807715
25071.54370620432; -0.0015638802067; -0.0551769950258
25074.44998070905; -0.00154695691058; -0.0551946459894
25077.35659210688; -0.0015461999982; -0.0552252868874
25080.26354043696; -0.00154599546766; -0.0552415138994
25083.17082573827; -0.00154224381078; -0.0552648346611
25086.0784480499; -0.00155127000519; -0.0552868833365
25088.98640741098; -0.0015486926799; -0.0553042261803
25091.89470386047; -0.0015349360302; -0.0553497163729
25094.80333743749; -0.00153596417; -0.0553568527418
25097.71230818119; -0.00153106168126; -0.0553774017236
25100.62161613054; -0.00153690651296; -0.0554020832128
25103.53126132468; -0.00153030742538; -0.0554172213756
25106.44124380275; -0.00154135640361; -0.055441991177
25109.35156360376; -0.00153253466058; -0.0554690530167
25112.26222076685; -0.00153466154942; -0.0554893635778
25115.17321533118; -0.00153467828905; -0.0555086425823
25118.08454733576; -0.00153870829161; -0.0555358806658
25120.99621681976; -0.00152805955196; -0.05555169938
25123.90822382236; -0.00152389939084; -0.0555746287478
25126.82056838256; -0.00153419346711; -0.0555921527544
25129.7332505396; -0.00152126425049; -0.0556204680752
25132.64627033253; -0.0015268177851; -0.055634121625
25135.55962780051; -0.00153207936568; -0.0556549655851
25138.47332298276; -0.00150989422243; -0.0556847183768
25141.38735591831; -0.00150789097005; -0.0556976947587
25144.30172664637; -0.00151613505181; -0.0557233367283
25147.21643520615; -0.0015111857987; -0.0557542042727
25150.1314816367; -0.00150726667134; -0.0557628498112
25153.04686597724; -0.00150496701533; -0.0557755278093
25155.96258826699; -0.00150463459011; -0.0558059824108
25158.87864854503; -0.00149487101283; -0.0558185790827
25161.79504685059; -0.00151640174993; -0.0558518875623
25164.71178322289; -0.00152176701554; -0.0558745085296
25167.62885770104; -0.00150366701287; -0.0558928093551
25170.54627032431; -0.00149302453193; -0.0559110349756
25173.46402113182; -0.00149552017136; -0.0559300715538
25176.3821101628; -0.00149823653357; -0.0559509223659
25179.30053745653; -0.00150403955267; -0.0559731355288
25182.2193030521; -0.00148922913688; -0.0559872956604
25185.13840698878; -0.0014982746085; -0.0560104514583
25188.05784930585; -0.00149261912758; -0.0560256180382
25190.97763004243; -0.00149181950413; -0.0560570899086
25193.8977492378; -0.00149091535141; -0.0560766993784
25196.81820693124; -0.00148832508663; -0.05609923729
25199.73900316189; -0.00149616333811; -0.0561120478722
25202.66013796905; -0.0014891095394; -0.0561240073265
25205.581611392; -0.00149080266834; -0.0561445380151
25208.50342346992; -0.00147978094289; -0.0561821667127
25211.42557424209; -0.00149166465045; -0.0561851168912
25214.34806374783; -0.00147529313993; -0.0562172066232
25217.27089202631; -0.00148665241114; -0.0562230551368
25220.1940591169; -0.00148356986868; -0.0562631352844
25223.11756505877; -0.00147338797118; -0.0562795754948
25226.04140989125; -0.00148060547162; -0.0562956771057
25228.96559365368; -0.00148137640966; -0.0563149122586
25231.89011638524; -0.00149067692138; -0.0563290352624
25234.81497812528; -0.00147581862145; -0.0563432669939
25237.74017891314; -0.00146252670072; -0.0563833547169
25240.66571878803; -0.00145938333039; -0.0563904090577
25243.59159778931; -0.00146756086673; -0.0564081034984
25246.51781595633; -0.00147343520524; -0.0564252117478
25249.4443733283; -0.00147115444196; -0.0564498455083
25252.37126994462; -0.0014682307901; -0.0564648608307
25255.29850584463; -0.00146909624303; -0.0564790745222
25258.22608106758; -0.00146278614728; -0.0565127305463
25261.15399565286; -0.00147981432113; -0.0565049719102
25264.08224963984; -0.00146116821419; -0.0565345580414
25267.01084306777; -0.00146346537247; -0.0565569838842
25269.93977597611; -0.00146746719147; -0.0565832033968
25272.86904840409; -0.00146361291827; -0.0566077314155
25275.79866039113; -0.00146546198806; -0.0566181018493
25278.72861197664; -0.00146378824986; -0.0566341087817
25281.65890319989; -0.00146472177692; -0.0566502922293
25284.58953410029; -0.00145918805337; -0.0566702888072
25287.52050471728; -0.00146368164003; -0.0566986768505
25290.45181509012; -0.0014577943111; -0.0566906709124
25293.38346525827; -0.00145547159953; -0.0567259710939
25296.31545526114; -0.00146019563457; -0.0567426685839
25299.24778513805; -0.00144401243089; -0.0567627854681
25302.18045492842; -0.00144459001478; -0.0567757110026
25305.11346467174; -0.00144850321774; -0.0567931624924
25308.04681440728; -0.00145383201582; -0.0568097810586
25310.98050417457; -0.00145580982445; -0.0568248041528
25313.91453401292; -0.00144516542432; -0.0568608544564
25316.84890396181; -0.0014379495016; -0.0568847038546
25319.78361406071; -0.00144806477092; -0.0568958847689
25322.71866434894; -0.00144939652607; -0.0569052172117
25325.654054866; -0.00144089281375; -0.056936150973
25328.58978565137; -0.00144905014403; -0.0569456192311
25331.5258567444; -0.00143997559316; -0.0569549416359
25334.46226818458; -0.00144214878405; -0.0569744924041
25337.39902001142; -0.00145607875923; -0.0569884743848
25340.33611226428; -0.00144219732428; -0.0570156758923
25343.27354498266; -0.0014336428757; -0.057035749074
25346.21131820609; -0.00143805044797; -0.0570416092403
25349.14943197392; -0.00143653018643; -0.0570644001319
25352.0878863257; -0.00143790633999; -0.0570838791839
25355.02668130095; -0.00144687490773; -0.0571031396219
25357.96581693906; -0.00143943333931; -0.0571156181685
25360.9052932796; -0.00143689865955; -0.0571385430205
25363.84511036199; -0.00144065875756; -0.0571414965554
25366.78526822577; -0.00143620892522; -0.0571796607137
25369.72576691048; -0.00143632965433; -0.0572027603986
25372.66660645554; -0.00143081234709; -0.0572043489519
25375.60778690051; -0.00143378787455; -0.0572542980828
25378.54930828496; -0.00144102762153; -0.0572414808635
25381.49117064831; -0.00143981270236; -0.0572583887836
25384.43337403013; -0.00142792634184; -0.0572734918572
25387.37591847; -0.00143368714979; -0.0572961227594
25390.31880400737; -0.00144002362369; -0.0573164593836
25393.26203068181; -0.00142578529556; -0.0573323775558
25396.20559853294; -0.00143024012489; -0.0573345844283
25399.14950760018; -0.00142806459551; -0.0573595080365
25402.09375792315; -0.00143439143419; -0.0573839747663
25405.03834954145; -0.00142613013711; -0.0573990219273
25407.98328249455; -0.00143504341353; -0.0574096633162
25410.92855682212; -0.00143089295517; -0.0574218385433
25413.87417256362; -0.00143499089516; -0.0574387827942
25416.82012975869; -0.00142938199399; -0.0574681582929
25419.76642844695; -0.00143388403754; -0.0574687984668
25422.71306866789; -0.00142145356014; -0.0574978162363
25425.66005046115; -0.00143216338936; -0.0575133019433
25428.60737386638; -0.001424693305; -0.0575350985521
25431.55503892306; -0.00142353092681; -0.0575409090017
25434.50304567087; -0.00142413125033; -0.057554525126
25437.45139414946; -0.00141989966027; -0.0575820462484
25440.40008439833; -0.00142364515499; -0.0575893535596
25443.34911645716; -0.00142008205773; -0.0576106772084
25446.29849036562; -0.00141747750536; -0.0576260028369
25449.24820616324; -0.00143081858572; -0.057663041252
25452.1982638897; -0.00141824460396; -0.0576817698307
25455.14866358468; -0.00142568559959; -0.0576743894211
25458.09940528772; -0.00141951448953; -0.0576954333596
25461.05048903859; -0.00141374549399; -0.0577043653502
25464.0019148768; -0.0014284663238; -0.0577137215767
25466.95368284209; -0.00142281750567; -0.0577465945518
25469.90579297414; -0.00141290898447; -0.0577530729633
25472.85824531254; -0.00140827862701; -0.0577816904182
25475.81103989699; -0.00141678351903; -0.0577725725324
25478.76417676722; -0.00141338876426; -0.0578028708003
25481.71765596281; -0.00140817422974; -0.0578167290069
25484.67147752349; -0.00140758397175; -0.0578415105284
25487.62564148899; -0.00140137228495; -0.0578504010205
25490.58014789891; -0.00142376733397; -0.0578760100776
25493.53499679299; -0.00141385609257; -0.0578839610875
25496.49018821098; -0.00141065950633; -0.0578909956353
25499.44572219249; -0.00140666953142; -0.0579201703984
25502.40159877734; -0.0014057929618; -0.0579276523438
25505.35781800512; -0.00141711377107; -0.0579493257647
25508.31437991561; -0.0014161868111; -0.0579745532497
25511.27128454859; -0.00141113353612; -0.0579885994875
25514.22853194369; -0.0014157754869; -0.0579917750269
25517.18612214067; -0.00140424733897; -0.0580460637018
25520.14405517934; -0.00140846351435; -0.0580166079393
25523.10233109934; -0.00141047355005; -0.058041399159
25526.06094994045; -0.00142295319285; -0.0580500586979
25529.0199117425; -0.00141291931739; -0.0580726205752
25531.97921654511; -0.00141076837112; -0.0580885808194
25534.93886438812; -0.00140651141116; -0.058093518837
25537.89885531133; -0.00140210681185; -0.0581183185948
25540.85918935441; -0.00139712086576; -0.0581297261896
25543.81986655719; -0.00141104511116; -0.0581503554963
25546.7808869595; -0.00141374914242; -0.0581565052469
25549.74225060102; -0.00141716863593; -0.0581840253079
25552.70395752163; -0.00140254068276; -0.0581926246788
25555.66600776104; -0.00140747356609; -0.0582138515146
25558.62840135908; -0.00140824668124; -0.0582187933024
25561.59113835562; -0.00141167508842; -0.0582380886038
25564.55421879034; -0.00140669293968; -0.0582541897547
25567.51764270313; -0.00139955749927; -0.0582709918271
25570.48141013384; -0.0014028106727; -0.0582824929269
25573.44552112219; -0.00140992208177; -0.0583036947124
