% Module: Sweep, ID: c0p1t8p1cfm0
% Devices: DEV646
% Time: 2025/12/11 14:17:25
% Demod 1 Sample X, /dev646/demods/0/sample.X
% Demod 1 Sample Y, /dev646/demods/0/sample.Y
% Frequency (Hz); Demod 1 Sample X  Amplitude (V); Demod 1 Sample Y  Amplitude (V)
22078.3184486246; -0.000218758721797; -0.0145552913193
22081.5892366209; -0.000223028229838; -0.0145537399991
22084.8600246172; -0.000215828174212; -0.0145543644719
22088.1308126135; -0.00021786108277; -0.0145663789044
22091.4016006098; -0.000206727726627; -0.014557933786
22094.6723886061; -0.000211390931087; -0.0145807818191
22097.9431766024; -0.000214956645919; -0.0145788277929
22101.2139645987; -0.000221656046523; -0.014576783561
22104.484752595; -0.000211140232286; -0.0145783704378
22107.7555405913; -0.000220952780566; -0.0145815443964
22111.02632858761; -0.000223448206193; -0.0145989228956
22114.29711658391; -0.000219554195479; -0.0145918403461
22117.56790458021; -0.000210488856353; -0.0145903845013
22120.83869257651; -0.000221964233968; -0.0146017710865
22124.10948057281; -0.000224893945234; -0.014602956139
22127.38026856911; -0.000227898806168; -0.0146111115305
22130.65105656541; -0.000231326056807; -0.014621978333
22133.92184456171; -0.000222682483163; -0.0146209352145
22137.19263255801; -0.000230479685569; -0.0146301196728
22140.46342055432; -0.00022649881238; -0.0146232677691
22143.73420855062; -0.000226383641895; -0.0146268038417
22147.00499654692; -0.000225136794056; -0.0146342316933
22150.27578454322; -0.000233188607446; -0.0146442597544
22153.54657253952; -0.000233825942881; -0.0146414840758
22156.81736053582; -0.000235602384441; -0.0146435775611
22160.08814853212; -0.000230983436224; -0.0146463188783
22163.35893652842; -0.000235637382129; -0.0146556722674
22166.62972452472; -0.000226637590861; -0.0146615408328
22169.90051252102; -0.000233182607388; -0.0146676404377
22173.17130051732; -0.000231770308894; -0.0146740313124
22176.44208851362; -0.00024343307961; -0.0146756481329
22179.71287650993; -0.000239808000727; -0.0146710826824
22182.98366450623; -0.000235133632593; -0.0146873695711
22186.25445250253; -0.000226388263339; -0.0146861202089
22189.52524049883; -0.000228839390082; -0.014688444686
22192.79602849513; -0.000235708788069; -0.0146941700442
22196.06681649143; -0.000235182633856; -0.0147007881458
22199.33760448773; -0.000241177029231; -0.0147021175344
22202.60839248403; -0.000240633293064; -0.0147112973717
22205.87918048033; -0.000243720940057; -0.0147027029077
22209.14996847663; -0.000225561587166; -0.0147231939503
22212.42075647294; -0.000236688493576; -0.0147287991368
22215.69154446924; -0.000237614879722; -0.0147201690538
22218.96233246554; -0.000240076613422; -0.0147240627828
22222.23312046184; -0.00023567938291; -0.0147437464347
22225.50390845814; -0.000245045418669; -0.0147372801211
22228.77469645444; -0.000241835541282; -0.014749145497
22232.04548445074; -0.000235882490266; -0.0147514402461
22235.31627244704; -0.000239406158566; -0.0147605009076
22238.58706044334; -0.000240536240238; -0.0147553377774
22241.85784843965; -0.000238367175288; -0.0147703478701
22245.12863643595; -0.00023211269861; -0.0147768351394
22248.39942443225; -0.000240521246185; -0.0147806671275
22251.67021242855; -0.000258715615039; -0.0147769560485
22254.94100042485; -0.00024100549982; -0.0147885834937
22258.21178842115; -0.000245613444989; -0.014788075012
22261.48257641745; -0.000243756582855; -0.0147920692363
22264.75336441375; -0.00024175927756; -0.0148017410795
22268.02415241005; -0.000251382112756; -0.0148051336556
22271.29494040635; -0.000247431027515; -0.0148064552538
22274.56572840266; -0.000252624093612; -0.0148012754183
22277.83651639895; -0.000246602206653; -0.0148269866361
22281.10730439526; -0.000254889277974; -0.0148259556588
22284.37809239156; -0.000254168554884; -0.0148314245876
22287.64888038786; -0.000263105389426; -0.0148318904545
22290.91966838416; -0.000263801379153; -0.0148340599053
22294.19045638046; -0.000262055444746; -0.0148344832723
22297.46124437676; -0.000262993127965; -0.0148391595748
22300.73203237306; -0.000249371022445; -0.0148555672767
22304.00282036937; -0.000251188558847; -0.0148476607921
22307.27360836566; -0.000250739500075; -0.014858699121
22310.54439636197; -0.000251107755858; -0.0148615515724
22313.81518435827; -0.000266235365411; -0.0148658196326
22317.08597235457; -0.000255745058197; -0.0148871398811
22320.35676035087; -0.000256681252155; -0.0148781827282
22323.62754834717; -0.000257261605435; -0.0148848924961
22326.89833634347; -0.00026055559068; -0.0148831643869
22330.16912433977; -0.000261111137868; -0.0148968508878
22333.43991233607; -0.000264824834784; -0.0149070092136
22336.71070033237; -0.000263898061; -0.0149011473441
22339.98148832867; -0.000263852187818; -0.014917712472
22343.25227632498; -0.000262364796845; -0.0149153329764
22346.52306432128; -0.000252274602091; -0.0149228162403
22349.79385231758; -0.000264369018207; -0.0149294362149
22353.06464031388; -0.000268377698885; -0.0149326575082
22356.33542831018; -0.000274509890467; -0.0149231802155
22359.60621630648; -0.000267302260485; -0.0149390039528
22362.87700430278; -0.000273215897004; -0.0149444701337
22366.14779229908; -0.000260739257956; -0.0149486356963
22369.41858029538; -0.000266811024393; -0.0149641750925
22372.68936829169; -0.000273378156671; -0.0149560207929
22375.96015628799; -0.000270529500023; -0.0149709877152
22379.23094428429; -0.000282000157357; -0.0149703505621
22382.50173228059; -0.000270910607906; -0.0149825128214
22385.77252027689; -0.000265496821543; -0.0149697814757
22389.04330827319; -0.00028199946861; -0.0149886733411
22392.31409626949; -0.000272430921249; -0.0149877328573
22395.58488426579; -0.000281929055262; -0.0149990749512
22398.85567226209; -0.000273674492689; -0.0150007727504
22402.12646025839; -0.000264390655565; -0.0149979329444
22405.3972482547; -0.000277410267314; -0.0150222916202
22408.66803625099; -0.000283867517417; -0.0150249513034
22411.9388242473; -0.00027658529809; -0.0150321117113
22415.2096122436; -0.000293706898; -0.0150403197195
22418.4804002399; -0.000282009697502; -0.0150299709512
22421.7511882362; -0.000283307624408; -0.0150373305274
22425.0219762325; -0.000280285527138; -0.0150449539947
22428.2927642288; -0.000286110762567; -0.0150507946746
22431.5635522251; -0.000289229671104; -0.0150567037942
22434.83434022141; -0.000285962632538; -0.0150605257455
22438.1051282177; -0.000280758221008; -0.015067973376
22441.375916214; -0.000287946582848; -0.0150793923503
22444.64670421031; -0.000282831020219; -0.0150829913949
22447.91749220661; -0.000285772010157; -0.015088746812
22451.18828020291; -0.000290005288723; -0.0150876948344
22454.45906819921; -0.000291910707542; -0.0150977957763
22457.72985619551; -0.000288050737853; -0.0151008041657
22461.00064419181; -0.000285583330939; -0.0151083449416
22464.27143218811; -0.000304605060362; -0.0151066239461
22467.54222018441; -0.000295658045538; -0.0151170901994
22470.81300818071; -0.000303832088204; -0.0151297380194
22474.08379617702; -0.00029909703447; -0.015135407378
22477.35458417332; -0.00031667960674; -0.0151405626451
22480.62537216962; -0.000295969026761; -0.015129524765
22483.89616016592; -0.000294197365529; -0.0151400885575
22487.16694816222; -0.000290829902881; -0.0151614185482
22490.43773615852; -0.000300882173766; -0.0151587104324
22493.70852415482; -0.000308480086888; -0.0151625176382
22496.97931215112; -0.000303376938245; -0.015173983994
22500.25010014742; -0.00029317060391; -0.0151759376133
22503.52088814372; -0.000314968485278; -0.0151847528274
22506.79167614003; -0.000311111828289; -0.0151883565066
22510.06246413632; -0.000306009417501; -0.0151947539065
22513.33325213263; -0.000315116242587; -0.0151947295018
22516.60404012893; -0.00030411062085; -0.0152112381569
22519.87482812523; -0.000307119806221; -0.0152068879313
22523.14561612153; -0.000316721779832; -0.015218235937
22526.41640411783; -0.000312437113133; -0.015228210298
22529.68719211413; -0.000318603641877; -0.0152311933863
22532.95798011043; -0.000324047937383; -0.0152409514743
22536.22876810674; -0.000322764478895; -0.0152418853064
22539.49955610303; -0.000320931883293; -0.0152504897128
22542.77034409934; -0.000308513028901; -0.0152608407639
22546.04113209564; -0.000315252168113; -0.0152667813699
22549.31192009194; -0.000325007658651; -0.0152643823
22552.58270808824; -0.000327143872468; -0.0152692431854
22555.85349608454; -0.000323349240034; -0.0152764313213
22559.12428408084; -0.000334649362166; -0.0152861629695
22562.39507207714; -0.000333118289943; -0.0152959572026
22565.66586007344; -0.000329493878051; -0.0153027763308
22568.93664806974; -0.000326790404612; -0.0153043531855
22572.20743606604; -0.000325679506293; -0.0153058386793
22575.47822406235; -0.000335259501654; -0.0153162248584
22578.74901205865; -0.000325254874677; -0.0153143231037
22582.01980005495; -0.000326819814495; -0.0153376447633
22585.29058805125; -0.000339067167574; -0.0153395165797
22588.56137604755; -0.000337659989431; -0.015345260287
22591.83216404385; -0.000330282973982; -0.0153418637996
22595.10295204015; -0.000342900240189; -0.0153569303342
22598.37374003645; -0.00034883603075; -0.0153615288358
22601.64452803275; -0.000348950275157; -0.0153611719913
22604.91531602906; -0.000346609957166; -0.0153751553495
22608.18610402536; -0.000352239702859; -0.0153715572352
22611.45689202166; -0.000347869385459; -0.0153834711283
22614.72768001796; -0.000347652481773; -0.0153910395378
22617.99846801426; -0.000347948283826; -0.0154051353542
22621.26925601056; -0.000348403556242; -0.0154026868461
22624.54004400686; -0.00035696398267; -0.0154167043273
22627.81083200316; -0.000355465520519; -0.0154193154484
22631.08161999946; -0.000357600324393; -0.0154179810606
22634.35240799576; -0.00035223387449; -0.0154387154231
22637.62319599207; -0.000356164805541; -0.0154396792671
22640.89398398836; -0.000357889556617; -0.0154393527986
22644.16477198467; -0.000359764817628; -0.0154609484437
22647.43555998097; -0.000361487135834; -0.0154624625961
22650.70634797727; -0.00035650973492; -0.0154737720894
22653.97713597357; -0.000356430923579; -0.0154778653266
22657.24792396987; -0.000365988573317; -0.0154904032786
22660.51871196617; -0.000365333312923; -0.015494087601
22663.78949996247; -0.000365375872907; -0.0154993425928
22667.06028795878; -0.000368128408527; -0.0155074405673
22670.33107595507; -0.000370546512944; -0.0155158189638
22673.60186395137; -0.000370484661197; -0.0155200034368
22676.87265194768; -0.000370382113063; -0.0155223825944
22680.14343994398; -0.000378217268057; -0.0155342409748
22683.41422794028; -0.000375629887204; -0.0155425034632
22686.68501593658; -0.000380965567881; -0.0155415633707
22689.95580393288; -0.00037710083937; -0.0155583987637
22693.22659192918; -0.000377579122536; -0.0155687942516
22696.49737992548; -0.000392659011598; -0.0155718375048
22699.76816792178; -0.000387357694315; -0.0155794742405
22703.03895591808; -0.000385078815692; -0.015587577031
22706.30974391439; -0.00038601310453; -0.0156013796776
22709.58053191069; -0.000393031321914; -0.0156039344393
22712.85131990699; -0.000384410574028; -0.0156095997916
22716.12210790329; -0.000397406261132; -0.0156233466651
22719.39289589959; -0.000398742865924; -0.0156227021139
22722.66368389589; -0.000404729580398; -0.0156333024713
22725.93447189219; -0.00040714907039; -0.0156426443101
22729.20525988849; -0.000401410856195; -0.0156519006962
22732.47604788479; -0.00040828010139; -0.0156559505223
22735.74683588109; -0.00040617438242; -0.015666581271
22739.0176238774; -0.000410067369835; -0.0156742302244
22742.28841187369; -0.00040451453459; -0.0156811977496
22745.55919987; -0.00040655401422; -0.0156895831739
22748.8299878663; -0.000407308316725; -0.0156923381983
22752.1007758626; -0.000415283993328; -0.0157067636207
22755.3715638589; -0.00041159024211; -0.0157115300258
22758.6423518552; -0.000415353752863; -0.0157188226155
22761.9131398515; -0.000420097059505; -0.0157244809315
22765.1839278478; -0.000423051264193; -0.0157413443929
22768.45471584411; -0.000429884117048; -0.0157432865746
22771.7255038404; -0.00042764815708; -0.0157525528004
22774.99629183671; -0.000430530129207; -0.0157635456464
22778.26707983301; -0.000436983037467; -0.0157746084415
22781.53786782931; -0.000429251658791; -0.0157801978119
22784.80865582561; -0.000434780233347; -0.0157920191265
22788.07944382191; -0.000438379942583; -0.0158002707857
22791.35023181821; -0.000443183336461; -0.0158040068254
22794.62101981451; -0.00044372315; -0.0158089113868
22797.89180781081; -0.000444914819482; -0.0158225178632
22801.16259580711; -0.000446307994795; -0.015834585711
22804.43338380341; -0.000449768113102; -0.0158425043247
22807.70417179972; -0.000453224619092; -0.0158478384407
22810.97495979602; -0.000452919464249; -0.0158558767066
22814.24574779232; -0.000456467252754; -0.0158666390147
22817.51653578862; -0.00046137075767; -0.0158789277248
22820.78732378492; -0.000464815783833; -0.0158882999048
22824.05811178122; -0.000466101581575; -0.0158968367823
22827.32889977752; -0.000464010699142; -0.0159045121487
22830.59968777382; -0.000471113908939; -0.0159139687822
22833.87047577012; -0.000477893417943; -0.0159286559967
22837.14126376643; -0.000478119983858; -0.0159353993546
22840.41205176273; -0.000483884644209; -0.0159458822387
22843.68283975903; -0.000485690622089; -0.0159453776747
22846.95362775533; -0.000475773284884; -0.0159637529359
22850.22441575163; -0.00048716141015; -0.0159677344152
22853.49520374793; -0.000485330965329; -0.0159853990856
22856.76599174423; -0.000488929165413; -0.0159902600767
22860.03677974053; -0.000493470010183; -0.0159962156015
22863.30756773683; -0.000489105245031; -0.0160170048436
22866.57835573313; -0.000508824319422; -0.0160186653346
22869.84914372944; -0.000505708667516; -0.0160294373194
22873.11993172573; -0.000508820583155; -0.0160336387504
22876.39071972204; -0.000516395561862; -0.0160530998199
22879.66150771834; -0.000520682484021; -0.0160596470179
22882.93229571464; -0.000522501215786; -0.0160649235223
22886.20308371094; -0.000528560309273; -0.0160715332114
22889.47387170724; -0.000527792951649; -0.0160908085247
22892.74465970354; -0.000530577505814; -0.0160913482114
22896.01544769984; -0.000540192867728; -0.0161090057643
22899.28623569615; -0.000537379123109; -0.0161186042146
22902.55702369245; -0.000540160382476; -0.0161227360946
22905.82781168874; -0.000549768412339; -0.0161401286287
22909.09859968505; -0.000541797022008; -0.0161504024614
22912.36938768135; -0.000555938704204; -0.0161472022227
22915.64017567765; -0.000554360238458; -0.0161697079451
22918.91096367395; -0.000557827053652; -0.0161746511035
22922.18175167025; -0.000571559908746; -0.0161882198633
22925.45253966655; -0.000568998792911; -0.0161973376921
22928.72332766285; -0.000561165904692; -0.0162186890971
22931.99411565915; -0.000589635603827; -0.0162158953786
22935.26490365545; -0.000589539939933; -0.0162219554239
22938.53569165176; -0.000592670084251; -0.0162351041453
22941.80647964806; -0.000597248384318; -0.0162550251379
22945.07726764436; -0.000589446184143; -0.0162522541617
22948.34805564066; -0.000600326155246; -0.0162730577069
22951.61884363696; -0.000601621623548; -0.0162835849616
22954.88963163326; -0.000611065343167; -0.0162895054695
22958.16041962956; -0.000605784198099; -0.0163002462681
22961.43120762586; -0.00060401423959; -0.0163020340121
22964.70199562216; -0.000613104244697; -0.0163154455099
22967.97278361846; -0.000626174968086; -0.0163253838871
22971.24357161477; -0.000618509922862; -0.0163386759363
22974.51435961107; -0.000623623890433; -0.0163509689
22977.78514760737; -0.000628297772465; -0.0163680890885
22981.05593560367; -0.000634516011213; -0.0163676736502
22984.32672359997; -0.000636406778363; -0.0163838111594
22987.59751159627; -0.000648414591342; -0.0163989862578
22990.86829959257; -0.00063786176365; -0.0164055620743
22994.13908758887; -0.000648965636435; -0.0164183255368
22997.40987558517; -0.000648203363606; -0.016444611494
23000.68066358148; -0.000650344614851; -0.0164404982286
23003.95145157778; -0.000662335148852; -0.0164615493024
23007.22223957408; -0.000664275960456; -0.0164703087383
23010.49302757038; -0.000675718341107; -0.016481915093
23013.76381556668; -0.000670216566033; -0.0164970786907
23017.03460356298; -0.000684219132709; -0.0165068889332
23020.30539155928; -0.000676171684535; -0.0165186406504
23023.57617955558; -0.000685496889513; -0.0165388362948
23026.84696755188; -0.000688615117011; -0.0165619798519
23030.11775554818; -0.000692598156521; -0.0165795490793
23033.38854354449; -0.000697299632207; -0.0165795912407
23036.65933154078; -0.000701070778234; -0.0165964315125
23039.93011953709; -0.000712326585941; -0.0166025955515
23043.20090753339; -0.000716986911337; -0.0166207100784
23046.47169552969; -0.00072715133863; -0.0166347548855
23049.74248352599; -0.000721365253265; -0.0166492964597
23053.01327152229; -0.000732605930287; -0.0166571854662
23056.28405951859; -0.000742512361664; -0.0166797644778
23059.55484751489; -0.000739782118084; -0.016683863565
23062.8256355112; -0.000756223891574; -0.016707889749
23066.09642350749; -0.000745038871427; -0.0167159062818
23069.3672115038; -0.000762331668556; -0.0167365795926
23072.6379995001; -0.000769905160862; -0.0167457978307
23075.9087874964; -0.000767695877296; -0.0167602329699
23079.1795754927; -0.000787972436815; -0.0167763039016
23082.450363489; -0.000799708209028; -0.0167886827656
23085.7211514853; -0.000795669989171; -0.0168087338751
23088.9919394816; -0.000801624325808; -0.0168257620059
23092.2627274779; -0.000811389092679; -0.0168385615003
23095.5335154742; -0.000817404713032; -0.0168548102301
23098.8043034705; -0.000823159307479; -0.016868866733
23102.07509146681; -0.000824660760956; -0.016885429756
23105.34587946311; -0.00084520808246; -0.016904749726
23108.61666745941; -0.000842532584719; -0.0169167160564
23111.88745545571; -0.000853298384642; -0.0169332199687
23115.15824345201; -0.000856382213812; -0.0169487707529
23118.42903144831; -0.000860173897686; -0.0169600882719
23121.69981944461; -0.000874841299587; -0.016984786119
23124.97060744091; -0.000881066934039; -0.0169933801772
23128.24139543721; -0.000898499590635; -0.0170195624281
23131.51218343352; -0.000898283570883; -0.0170350194022
23134.78297142982; -0.000919096884114; -0.0170632560657
23138.05375942611; -0.000920346841758; -0.017066844316
23141.32454742242; -0.0009292067891; -0.017074546268
23144.59533541872; -0.000936770129967; -0.0171034815199
23147.86612341502; -0.000947190642587; -0.01713907667
23151.13691141132; -0.000949573908076; -0.0171421726525
23154.40769940762; -0.000958013444928; -0.0171472447215
23157.67848740392; -0.000970871241091; -0.0171727212931
23160.94927540022; -0.000983940229558; -0.0171865067037
23164.22006339653; -0.000989860963531; -0.017210490876
23167.49085139282; -0.00100082468407; -0.017229622857
23170.76163938913; -0.00101577906087; -0.0172450006677
23174.03242738543; -0.00101544636359; -0.0172563049361
23177.30321538173; -0.00102736757754; -0.0172913323781
23180.57400337803; -0.00103347681419; -0.0173013569115
23183.84479137433; -0.00104954827933; -0.0173237204726
23187.11557937063; -0.00106355565182; -0.0173419584894
23190.38636736693; -0.00106707234762; -0.0173587403138
23193.65715536323; -0.00108930554849; -0.0173805373079
23196.92794335953; -0.00109533250719; -0.0173978433235
23200.19873135583; -0.00109658151377; -0.0174148101026
23203.46951935214; -0.00111918293101; -0.0174362811729
23206.74030734844; -0.00113202075686; -0.017457107622
23210.01109534474; -0.00113813426537; -0.0174828881738
23213.28188334104; -0.00115554326125; -0.0174961183689
23216.55267133734; -0.00117272123016; -0.0175222254913
23219.82345933364; -0.00117913708257; -0.0175438156562
23223.09424732994; -0.00119806037334; -0.0175596820501
23226.36503532624; -0.00121111632733; -0.0175902748498
23229.63582332254; -0.00121775281721; -0.017610943329
23232.90661131885; -0.00123806982409; -0.0176225464307
23236.17739931515; -0.00125232755126; -0.0176513640856
23239.44818731145; -0.00126603985483; -0.0176745521267
23242.71897530775; -0.00128564425665; -0.0176944257618
23245.98976330405; -0.00129842025201; -0.017706749756
23249.26055130035; -0.00131246356182; -0.0177385042065
23252.53133929665; -0.00132234012431; -0.0177581325292
23255.80212729295; -0.00134391624981; -0.0177814792949
23259.07291528925; -0.00135975602396; -0.0178153563027
23262.34370328555; -0.00137758254903; -0.0178350670492
23265.61449128186; -0.00139957919542; -0.0178574745948
23268.88527927815; -0.00141191025032; -0.0178704946651
23272.15606727446; -0.00143305274113; -0.0179062108824
23275.42685527076; -0.00145179569299; -0.0179269213129
23278.69764326706; -0.00146841759491; -0.0179531707927
23281.96843126336; -0.00148761303001; -0.0179789487401
23285.23921925966; -0.00150165310594; -0.0180064607477
23288.51000725596; -0.00152066765275; -0.018032148416
23291.78079525226; -0.00153856759593; -0.018053759535
23295.05158324857; -0.00155898382855; -0.0180791679258
23298.32237124486; -0.00158240113214; -0.0181057418172
23301.59315924117; -0.00160105188734; -0.0181421173136
23304.86394723747; -0.00162309312874; -0.0181597705305
23308.13473523377; -0.0016538361218; -0.0181870670389
23311.40552323007; -0.00167805873212; -0.0182218755268
23314.67631122637; -0.00169042235233; -0.0182429077687
23317.94709922267; -0.00171806801093; -0.0182684334567
23321.21788721897; -0.00174710508618; -0.018301077674
23324.48867521527; -0.00177129618307; -0.0183222787502
23327.75946321157; -0.00179309562792; -0.0183589648214
23331.03025120787; -0.00182391828704; -0.0183812609572
23334.30103920418; -0.00185675771441; -0.0184120011033
23337.57182720048; -0.0018729621227; -0.0184388779856
23340.84261519678; -0.00190576168652; -0.0184654636013
23344.11340319308; -0.00192521146196; -0.0184764198057
23347.38419118938; -0.0019645524689; -0.018533958457
23350.65497918568; -0.00198254444016; -0.018551835527
23353.92576718198; -0.00201418334093; -0.0185909248492
23357.19655517828; -0.0020375557669; -0.0186132502593
23360.46734317458; -0.00207930233821; -0.0186429296757
23363.73813117089; -0.00210710075537; -0.0186741230203
23367.00891916719; -0.00215088770417; -0.018718990118
23370.27970716348; -0.00217454793701; -0.0187465955449
23373.55049515979; -0.00219920902649; -0.018768757288
23376.82128315609; -0.00224753843812; -0.0188003035068
23380.09207115239; -0.00226897519186; -0.0188356727443
23383.36285914869; -0.00232649549031; -0.0188629255477
23386.63364714499; -0.0023572581711; -0.0189011963368
23389.90443514129; -0.00240099503441; -0.0189233406933
23393.17522313759; -0.00243071969593; -0.0189570861371
23396.4460111339; -0.0024692625703; -0.0190011333381
23399.71679913019; -0.00251882494727; -0.0190243029703
23402.9875871265; -0.00255800244498; -0.0190696435689
23406.2583751228; -0.00260227771537; -0.0190995837725
23409.5291631191; -0.00264110285754; -0.0191313097557
23412.7999511154; -0.00268544934316; -0.0191590828041
23416.0707391117; -0.00273003952561; -0.0191967530727
23419.341527108; -0.00279085913155; -0.0192272182364
23422.6123151043; -0.00283667473383; -0.0192682887597
23425.8831031006; -0.00288045943575; -0.0193069110229
23429.1538910969; -0.00294192734113; -0.0193275121266
23432.4246790932; -0.00298873778956; -0.0193676572633
23435.69546708951; -0.00304023417533; -0.0194034498418
23438.96625508581; -0.00309686810062; -0.0194403986074
23442.23704308211; -0.00316175702857; -0.0194731874743
23445.50783107841; -0.00321513829644; -0.019517287918
23448.77861907471; -0.00327602696136; -0.019524619298
23452.04940707101; -0.00333218686985; -0.0195744410781
23455.32019506731; -0.00340128201495; -0.0196020147255
23458.59098306361; -0.00346397711252; -0.0196416741085
23461.86177105991; -0.00353088480087; -0.0196747209963
23465.13255905622; -0.00358961441205; -0.0197057440444
23468.40334705252; -0.003665714244; -0.0197366782422
23471.67413504882; -0.00373567015142; -0.0197622124542
23474.94492304512; -0.00381460051577; -0.0197996523394
23478.21571104142; -0.00388713377842; -0.0198284762547
23481.48649903772; -0.00396840290039; -0.0198578956217
23484.75728703402; -0.00405452967088; -0.0198992928889
23488.02807503032; -0.00412449923278; -0.0199284159306
23491.29886302662; -0.00421208714265; -0.0199565841119
23494.56965102292; -0.00429792752952; -0.0199791676076
23497.84043901923; -0.00437711180281; -0.0200082904579
23501.11122701552; -0.00446540931784; -0.0200407849188
23504.38201501183; -0.00455820748813; -0.0200577348457
23507.65280300813; -0.00465962172741; -0.0200953494982
23510.92359100443; -0.0047513846932; -0.0201078803119
23514.19437900073; -0.00486582777743; -0.0201271163412
23517.46516699703; -0.00495559963802; -0.0201562042052
23520.73595499333; -0.00506397476033; -0.0201693584548
23524.00674298963; -0.00516933077073; -0.0201925597036
23527.27753098594; -0.00527688034771; -0.0202186119593
23530.54831898223; -0.00538628424019; -0.020226614162
23533.81910697854; -0.00550328382801; -0.0202327620274
23537.08989497484; -0.00563091894591; -0.0202443366146
23540.36068297114; -0.00574276632477; -0.0202503424095
23543.63147096744; -0.00585413403265; -0.0202549617399
23546.90225896374; -0.00599103667306; -0.0202689312048
23550.17304696004; -0.00612035955046; -0.0202639046078
23553.44383495634; -0.00624556413852; -0.0202688469522
23556.71462295264; -0.0063842667585; -0.0202520132784
23559.98541094894; -0.00652384985937; -0.0202480988875
23563.25619894524; -0.00666135730856; -0.0202391139924
23566.52698694155; -0.00679818644162; -0.0202177816121
23569.79777493785; -0.006940547769; -0.020194171913
23573.06856293415; -0.0070916056296; -0.020175685676
23576.33935093045; -0.00723787040602; -0.0201428444643
23579.61013892675; -0.0073834291063; -0.0201077100552
23582.88092692305; -0.0075392300837; -0.0200772941674
23586.15171491935; -0.00770167087698; -0.020022659728
23589.42250291565; -0.00784910771609; -0.019979945054
23592.69329091195; -0.00800589604223; -0.0199231468071
23595.96407890826; -0.00817115119739; -0.0198643409743
23599.23486690456; -0.0083266336079; -0.0197983517709
23602.50565490086; -0.00848897960096; -0.019725940258
23605.77644289716; -0.0086453224692; -0.0196460865957
23609.04723089346; -0.00881793644992; -0.0195542219864
23612.31801888976; -0.00897902379195; -0.0194634441196
23615.58880688606; -0.00914049549364; -0.0193758789669
23618.85959488236; -0.00929939873092; -0.019265445962
23622.13038287866; -0.0094598493176; -0.0191490672321
23625.40117087496; -0.00962803962638; -0.0190136583511
23628.67195887127; -0.00978571199873; -0.0188874086692
23631.94274686756; -0.00993747835442; -0.0187591481472
23635.21353486387; -0.0100888822218; -0.0186146567416
23638.48432286017; -0.0102361264863; -0.0184645066411
23641.75511085647; -0.0103846743562; -0.0183071879465
23645.02589885277; -0.0105283443769; -0.0181296283998
23648.29668684907; -0.0106555452851; -0.017956844764
23651.56747484537; -0.0107879115812; -0.0177709021968
23654.83826284167; -0.0109139839405; -0.017583984129
23658.10905083797; -0.0110335443593; -0.0173947303832
23661.37983883427; -0.0111573997573; -0.017176609866
23664.65062683057; -0.0112569791268; -0.0169754839322
23667.92141482688; -0.0113511288412; -0.0167606688101
23671.19220282318; -0.0114244919239; -0.0165304682315
23674.46299081948; -0.0115059564284; -0.0163165778303
23677.73377881578; -0.0115825334243; -0.0160801165368
23681.00456681208; -0.0116445496234; -0.0158371561315
23684.27535480838; -0.0116991954374; -0.0156080065497
23687.54614280468; -0.0117309871835; -0.0153571883386
23690.81693080098; -0.0117600044897; -0.0151208708113
23694.08771879728; -0.0117797395756; -0.014879881965
23697.35850679359; -0.0117959380184; -0.0146414284319
23700.62929478989; -0.0118023006765; -0.0143861559748
23703.90008278619; -0.0117799018573; -0.0141368722149
23707.17087078249; -0.0117492566493; -0.0139008427781
23710.44165877879; -0.0117208626805; -0.0136533343563
23713.71244677509; -0.0116767213998; -0.0134109601682
23716.98323477139; -0.0116263486132; -0.0131805918476
23720.25402276769; -0.0115635997322; -0.0129460309325
23723.52481076399; -0.0114917673148; -0.0127159122549
23726.79559876029; -0.0114179342072; -0.0124993538012
23730.0663867566; -0.0113218880937; -0.0122741082027
23733.3371747529; -0.0112360306082; -0.0120650335144
23736.6079627492; -0.011121935303; -0.0118670517694
23739.8787507455; -0.0110044064098; -0.0116613251142
23743.1495387418; -0.0109037368974; -0.0114670844996
23746.4203267381; -0.0107710081071; -0.0112791255461
23749.6911147344; -0.0106260167256; -0.0111013338643
23752.9619027307; -0.0105029336385; -0.0109198733068
23756.232690727; -0.0103648764956; -0.0107703846622
23759.50347872331; -0.0102233871709; -0.010612083284
23762.77426671961; -0.0100715634616; -0.0104587573824
23766.04505471591; -0.00991755633007; -0.0103152785793
23769.31584271221; -0.00975613732624; -0.0101707480141
23772.58663070851; -0.00960971499042; -0.0100548813541
23775.85741870481; -0.00945744933942; -0.00993870599317
23779.12820670111; -0.00929830417941; -0.00982475095131
23782.39899469741; -0.00915031399661; -0.00972422084029
23785.66978269371; -0.00897523748652; -0.00963413965557
23788.94057069001; -0.00883866298696; -0.00953832689487
23792.21135868631; -0.00866633979896; -0.00945133695579
23795.48214668261; -0.00851434635495; -0.00937874381203
23798.75293467892; -0.00835418652568; -0.00931736993607
23802.02372267522; -0.00819919636287; -0.00925497645214
23805.29451067152; -0.00804278461381; -0.00918706297651
23808.56529866782; -0.00788708607078; -0.00913139675823
23811.83608666412; -0.00772693110762; -0.00907730287597
23815.10687466042; -0.00757834542992; -0.00904262060111
23818.37766265672; -0.00743232960618; -0.0090010610559
23821.64845065303; -0.00729510206128; -0.00897563644589
23824.91923864932; -0.00715071766858; -0.00893059465742
23828.19002664563; -0.00700903051629; -0.00890103270849
23831.46081464193; -0.0068614886462; -0.00888725884222
23834.73160263823; -0.00672781369114; -0.0088778309475
23838.00239063453; -0.00660081282411; -0.00886265660744
23841.27317863083; -0.00645168467347; -0.00885703880555
23844.54396662713; -0.00633076638559; -0.00884803904772
23847.81475462343; -0.00620502493442; -0.00883814540056
23851.08554261973; -0.00609165080889; -0.00883696569092
23854.35633061603; -0.00596744665689; -0.0088439126973
23857.62711861233; -0.00584466425153; -0.00883978076069
23860.89790660864; -0.0057264430556; -0.00885521948387
23864.16869460494; -0.00560276756452; -0.00885881591882
23867.43948260124; -0.00550510368054; -0.00886894238607
23870.71027059754; -0.00538920176101; -0.00888288504777
23873.98105859384; -0.00529256515694; -0.00889175088054
23877.25184659014; -0.00518322026027; -0.00891515948353
23880.52263458644; -0.00507629397686; -0.00892304977561
23883.79342258274; -0.00497108075906; -0.00894651538611
23887.06421057904; -0.00488576875265; -0.00896611978557
23890.33499857534; -0.00478558361328; -0.00898916706127
23893.60578657165; -0.00469741756009; -0.00901013816154
23896.87657456794; -0.00461095644443; -0.00903321843707
23900.14736256425; -0.00451684763003; -0.00905226998963
23903.41815056055; -0.00443321851763; -0.00907716112792
23906.68893855685; -0.0043385203025; -0.00910217160636
23909.95972655315; -0.00427394830062; -0.00913426051933
23913.23051454945; -0.00418020308252; -0.00915731243613
23916.50130254575; -0.00410027507105; -0.00919261693948
23919.77209054205; -0.00402710670194; -0.00922379515794
23923.04287853836; -0.00395329219834; -0.0092566975945
23926.31366653465; -0.00388257677333; -0.00927385572524
23929.58445453096; -0.00381825101776; -0.00931097624839
23932.85524252726; -0.0037406434973; -0.00933815760217
23936.12603052356; -0.00367338953813; -0.00936265815919
23939.39681851986; -0.00362283707906; -0.00939206669352
23942.66760651616; -0.00353752176032; -0.00943528956734
23945.93839451246; -0.00349533691286; -0.00946326352618
23949.20918250876; -0.00342816595831; -0.00949428729069
23952.47997050506; -0.00336971826384; -0.00952186506454
23955.75075850136; -0.00331337957358; -0.00956000086699
23959.02154649766; -0.00325539159084; -0.00957775889453
23962.29233449397; -0.00320863053679; -0.00963209605042
23965.56312249027; -0.00314435711085; -0.00964704690728
23968.83391048657; -0.00308328097525; -0.0096739763511
23972.10469848287; -0.0030420009707; -0.00972170142935
23975.37548647917; -0.00299848827027; -0.00974594296977
23978.64627447547; -0.00294386050267; -0.00977832579534
23981.91706247177; -0.00289280863404; -0.00982083499827
23985.18785046807; -0.0028458230777; -0.00984324218294
23988.45863846437; -0.00280549287285; -0.00987327748552
23991.72942646068; -0.00276495016011; -0.00990397254612
23995.00021445698; -0.00271277549288; -0.00992990769791
23998.27100245328; -0.00267766543606; -0.00997107651988
24001.54179044958; -0.00264647279593; -0.00999285717734
24004.81257844588; -0.00259758832521; -0.0100320739626
24008.08336644218; -0.00255032615788; -0.010058620215
24011.35415443848; -0.0025059972935; -0.0100875546065
24014.62494243478; -0.00247736928269; -0.0101183503228
24017.89573043108; -0.00244037780679; -0.0101579623741
24021.16651842738; -0.00240800948234; -0.0101844284992
24024.43730642369; -0.00236811683356; -0.010213999967
24027.70809441998; -0.00233280671355; -0.010234456653
24030.97888241629; -0.0023015125875; -0.0102672917029
24034.24967041259; -0.00226890645314; -0.0102995611823
24037.52045840889; -0.00222456994777; -0.010325111642
24040.79124640519; -0.00218740832381; -0.0103843672571
24044.06203440149; -0.00216625594997; -0.0103826527334
24047.33282239779; -0.00214355545319; -0.01041685787
24050.60361039409; -0.00211761079955; -0.0104449755823
24053.8743983904; -0.00208336901626; -0.0104714122251
24057.14518638669; -0.00207093784859; -0.0104941111222
24060.415974383; -0.00204495115475; -0.0105385851949
24063.6867623793; -0.00200221805896; -0.0105591098092
24066.9575503756; -0.00197488990604; -0.010579235758
24070.2283383719; -0.0019405348733; -0.0106083176257
24073.4991263682; -0.00193020882884; -0.0106388584421
24076.7699143645; -0.00190273000957; -0.0106615923236
24080.0407023608; -0.00188076144891; -0.0106943517992
24083.3114903571; -0.00185742704241; -0.0107127617351
24086.5822783534; -0.00183183215603; -0.0107363685986
24089.8530663497; -0.00180415120299; -0.0107720244749
24093.12385434601; -0.00178250909015; -0.010795195226
24096.39464234231; -0.00176630924077; -0.0108101057592
24099.66543033861; -0.0017445032021; -0.0108422364845
24102.93621833491; -0.00172780151377; -0.0108667504437
24106.20700633121; -0.00170877053102; -0.0108894439163
24109.47779432751; -0.00166991156999; -0.0109215308201
24112.74858232381; -0.00166659049535; -0.0109482692807
24116.01937032011; -0.00164465908278; -0.0109585732334
24119.29015831641; -0.00161893227656; -0.0109915503738
24122.56094631271; -0.00160455127518; -0.0110199482683
24125.83173430902; -0.00158416445331; -0.0110356789708
24129.10252230531; -0.00156692131598; -0.0110591623247
24132.37331030162; -0.00154316245278; -0.0110782161816
24135.64409829792; -0.00153081287854; -0.0110993834269
24138.91488629422; -0.00153511548574; -0.0110944606698
24142.18567429052; -0.00150489835958; -0.0110670348838
24145.45646228682; -0.00149387457431; -0.011158529195
24148.72725028312; -0.00146159006679; -0.0111964479692
24151.99803827942; -0.00145208229106; -0.0112191994622
24155.26882627573; -0.00143342844992; -0.0112362450631
24158.53961427202; -0.00142785601447; -0.0112549806173
24161.81040226833; -0.0014079829368; -0.0112502150123
24165.08119026463; -0.00140910464721; -0.011302649118
24168.35197826093; -0.00137033896421; -0.011323041248
24171.62276625723; -0.00137010543361; -0.0113448612154
24174.89355425353; -0.00134701071851; -0.0113633105655
24178.16434224983; -0.0013352775935; -0.0113870738508
24181.43513024613; -0.00131773499455; -0.0114013689062
24184.70591824243; -0.00130908513068; -0.011427426718
24187.97670623873; -0.00128967339213; -0.0114494099532
24191.24749423503; -0.00128214513846; -0.011460964756
24194.51828223134; -0.00126760235196; -0.0114839198412
24197.78907022764; -0.00125545188238; -0.0115069060421
24201.05985822394; -0.00123361961723; -0.0115234327559
24204.33064622024; -0.00123517504201; -0.0115418543197
24207.60143421654; -0.00121926234494; -0.0115532074036
24210.87222221284; -0.00119967582917; -0.0115854041273
24214.14301020914; -0.00119578975061; -0.0116073938576
24217.41379820544; -0.00117806441234; -0.0116101380218
24220.68458620174; -0.00117611054735; -0.0116421939948
24223.95537419805; -0.00115990992829; -0.0116506368397
24227.22616219435; -0.0011572829431; -0.0116725989735
24230.49695019065; -0.00114387992238; -0.0116893522579
24233.76773818695; -0.00113221679436; -0.0117118658192
24237.03852618325; -0.00112993477088; -0.0117212408668
24240.30931417955; -0.00112300126929; -0.0117626149629
24243.58010217585; -0.00111995245136; -0.0117715585203
24246.85089017215; -0.00108856432448; -0.01177635722
24250.12167816845; -0.00109358238336; -0.0117886518133
24253.39246616475; -0.00106956986969; -0.0118046653136
24256.66325416106; -0.00106161724512; -0.0118311694661
24259.93404215735; -0.00106312198444; -0.0118439087978
24263.20483015366; -0.00105237249353; -0.0118599046128
24266.47561814996; -0.00103621616316; -0.0118796719794
24269.74640614626; -0.00103515778443; -0.0118791810641
24273.01719414256; -0.00102049484012; -0.0119049727901
24276.28798213886; -0.00102128706364; -0.0119199907164
24279.55877013516; -0.00101044149956; -0.0119390413216
24282.82955813146; -0.000999556661603; -0.0119581379252
24286.10034612777; -0.000994497051114; -0.0119739913788
24289.37113412406; -0.000984835564016; -0.0119876693168
24292.64192212037; -0.000982148592043; -0.0120036178177
24295.91271011667; -0.000974545252736; -0.0120117997983
24299.18349811297; -0.000955424306154; -0.0120333466241
24302.45428610927; -0.00095391745061; -0.0120500550478
24305.72507410557; -0.000956474786912; -0.0120644625884
24308.99586210187; -0.000934394503233; -0.0120750456889
24312.26665009817; -0.000934647258951; -0.0120938709463
24315.53743809447; -0.000930695315015; -0.0121005890068
24318.80822609077; -0.000921071997323; -0.01212640363
24322.07901408707; -0.000907432692266; -0.0121339369178
24325.34980208338; -0.00090409373294; -0.0121501758287
24328.62059007968; -0.000900817237278; -0.0121564063346
24331.89137807598; -0.000888218626302; -0.0121774055119
24335.16216607228; -0.000882154765912; -0.0121932885344
24338.43295406858; -0.000876679329206; -0.0122144298773
24341.70374206488; -0.000879177732733; -0.0122009980522
24344.97453006118; -0.000864521234547; -0.0122329879182
24348.24531805748; -0.000854185681892; -0.0122550037812
24351.51610605378; -0.000851106472178; -0.0122632799751
24354.78689405008; -0.000849908316536; -0.0122681985055
24358.05768204639; -0.000844115771243; -0.0122892902856
24361.32847004269; -0.00083511776761; -0.0122954185897
24364.59925803899; -0.000832495392676; -0.0123212708921
24367.87004603529; -0.000826440924612; -0.0123300275829
24371.14083403159; -0.000824115392807; -0.0123395048455
24374.41162202789; -0.000822391911066; -0.0123474171178
24377.68241002419; -0.00081482323278; -0.0123613899193
24380.95319802049; -0.00080243375371; -0.0123800320351
24384.22398601679; -0.000804963679858; -0.0123892750673
24387.4947740131; -0.00079874550899; -0.0124044728395
24390.76556200939; -0.000792103144992; -0.0124083371851
24394.0363500057; -0.000788614685479; -0.0124237199328
24397.307138002; -0.000786286052695; -0.0124402940042
24400.5779259983; -0.000778061247488; -0.0124499987234
24403.8487139946; -0.000770161254767; -0.0124657564211
24407.1195019909; -0.000770650223338; -0.0124762673307
24410.3902899872; -0.000763180917863; -0.0124872704
24413.6610779835; -0.000757282706051; -0.0125010648259
24416.9318659798; -0.000750700262821; -0.0125081050328
24420.20265397611; -0.000757001838999; -0.0125184402709
24423.4734419724; -0.000749844988716; -0.0125376981097
24426.74422996871; -0.000746188252072; -0.0125437719984
24430.01501796501; -0.000736174892426; -0.012555080542
24433.28580596131; -0.00072893213658; -0.0125675791711
24436.55659395761; -0.000731093416448; -0.0125774565999
24439.82738195391; -0.000724530008006; -0.012590109896
24443.09816995021; -0.000725569737468; -0.0125950609037
24446.36895794651; -0.000720112865237; -0.0126042126027
24449.63974594281; -0.000715221409172; -0.0126201154365
24452.91053393911; -0.000706424627045; -0.0126312380133
24456.18132193542; -0.000706856201954; -0.0126466661418
24459.45210993172; -0.000694301810918; -0.0126646233611
24462.72289792802; -0.000680950960073; -0.012679701054
24465.99368592432; -0.000680943834895; -0.0126632581454
24469.26447392062; -0.000685458743728; -0.0126816240691
24472.53526191692; -0.000687572337418; -0.0126887884182
24475.80604991322; -0.000682141003166; -0.0127024680305
24479.07683790952; -0.000670604373537; -0.0127219506948
24482.34762590582; -0.00067558546534; -0.0127260460172
24485.61841390212; -0.000674550269551; -0.0127357655683
24488.88920189843; -0.000670503992221; -0.0127509539405
24492.15998989472; -0.000666878003545; -0.0127572569049
24495.43077789103; -0.00065967786425; -0.0127675069851
24498.70156588733; -0.000654852682708; -0.0127829423024
24501.97235388363; -0.000658897605046; -0.0127884803164
24505.24314187993; -0.000651829589863; -0.0127946999268
24508.51392987623; -0.00064876624384; -0.0128078326357
24511.78471787253; -0.000648407057392; -0.0128193535503
24515.05550586883; -0.000644305422681; -0.0128394495808
24518.32629386514; -0.000642210907168; -0.0128382637652
24521.59708186144; -0.000641150351802; -0.0128519806893
24524.86786985774; -0.00062436637396; -0.0128612365576
24528.13865785404; -0.000627126911108; -0.0128673949965
24531.40944585034; -0.000628510856959; -0.0128810287395
24534.68023384664; -0.000618790840637; -0.0128827950665
24537.95102184294; -0.000625708320646; -0.0128937717802
24541.22180983924; -0.000617038771034; -0.0129081120348
24544.49259783554; -0.000617073321285; -0.0129078748698
24547.76338583184; -0.000605506235473; -0.0129343273703
24551.03417382814; -0.000618664782598; -0.0129331849362
24554.30496182444; -0.000616135292325; -0.0129482806713
24557.57574982075; -0.000601927954856; -0.0129522054041
24560.84653781705; -0.000600832840661; -0.0129517607911
24564.11732581335; -0.000606626487577; -0.0129606200426
24567.38811380965; -0.000606141587464; -0.0129667339121
24570.65890180595; -0.0005962450324; -0.0129896547624
24573.92968980225; -0.000588024181522; -0.0129967829946
24577.20047779855; -0.000590169241391; -0.013005792723
24580.47126579485; -0.000589019111577; -0.0130130207187
24583.74205379115; -0.000579294868037; -0.0130118945473
24587.01284178745; -0.000576446062451; -0.0130358557206
24590.28362978376; -0.000570725958207; -0.0130374428367
24593.55441778005; -0.000576219902946; -0.0130436189928
24596.82520577636; -0.000579944088341; -0.0130539561698
24600.09599377266; -0.000572169403124; -0.0130630676585
24603.36678176896; -0.000569073986464; -0.0130780417577
24606.63756976526; -0.00056693239271; -0.013084461798
24609.90835776156; -0.000560759066379; -0.0130971326898
24613.17914575786; -0.000568203507205; -0.0130999971486
24616.44993375416; -0.000552102734001; -0.0131041474438
24619.72072175047; -0.000564534865303; -0.0131196016573
24622.99150974677; -0.000549589450549; -0.013122551877
24626.26229774307; -0.000553086578333; -0.0131263417333
24629.53308573937; -0.000549047987747; -0.0131399106316
24632.80387373567; -0.000552585336757; -0.0131447962577
24636.07466173197; -0.000544177888194; -0.0131488295822
24639.34544972827; -0.000542137732747; -0.0131629204943
24642.61623772457; -0.000540446774176; -0.0131682236069
24645.88702572087; -0.000543789684474; -0.0131688458826
24649.15781371717; -0.00054435256421; -0.0131838661995
24652.42860171347; -0.000539275654229; -0.0131939750268
24655.69938970977; -0.000528271479233; -0.0132012033102
24658.97017770608; -0.00052537187617; -0.013191411217
24662.24096570238; -0.000520541811112; -0.01322272086
24665.51175369868; -0.000539638839513; -0.0132152483405
24668.78254169498; -0.000528490725779; -0.0132296912369
24672.05332969128; -0.000518609332853; -0.0132440583963
24675.32411768758; -0.000528419049561; -0.0132409691309
24678.59490568388; -0.000516779923764; -0.0132528675222
24681.86569368019; -0.00052403747624; -0.013263246614
24685.13648167648; -0.000518122638516; -0.013269012192
24688.40726967279; -0.000510854338474; -0.013278131474
24691.67805766909; -0.00051681965889; -0.0132818697037
24694.94884566539; -0.000512200446114; -0.0132919134175
24698.21963366169; -0.000511136522475; -0.0133023783478
24701.49042165799; -0.000514876528669; -0.013305954383
24704.76120965429; -0.00050211549019; -0.0133139531403
24708.03199765059; -0.000501497409719; -0.0133246967835
24711.30278564689; -0.000503061902224; -0.0133278086256
24714.57357364319; -0.000500323940199; -0.0133401637032
24717.84436163949; -0.000503757675008; -0.0133449105302
24721.1151496358; -0.000493904317455; -0.0133470425722
24724.3859376321; -0.000497881828338; -0.0133581385735
24727.6567256284; -0.000496217543683; -0.0133661086833
24730.9275136247; -0.000494836431517; -0.0133724789326
24734.198301621; -0.000486197900026; -0.0133817996806
24737.4690896173; -0.000485609386457; -0.0133805626392
24740.7398776136; -0.000487870560172; -0.0133963825017
24744.0106656099; -0.000489641617569; -0.0134050863636
24747.2814536062; -0.000490664163407; -0.0134062930544
24750.55224160251; -0.000493370295237; -0.0134146769473
24753.82302959881; -0.000485804255948; -0.0134129210499
24757.09381759511; -0.000482705049065; -0.0134253245743
24760.36460559141; -0.000487502498954; -0.01343192704
24763.63539358771; -0.000481859016357; -0.0134369837336
24766.90618158401; -0.000486182873275; -0.0134402454768
24770.17696958031; -0.000479829411051; -0.0134522310998
24773.44775757661; -0.000469777124128; -0.0134649026101
24776.71854557291; -0.000473648202417; -0.0134632418109
24779.98933356921; -0.000472701695028; -0.01347202812
24783.26012156552; -0.000481529606544; -0.0134828770328
24786.53090956181; -0.000459336141665; -0.0134915733824
24789.80169755812; -0.000463392199579; -0.0134927844402
24793.07248555442; -0.000465640551156; -0.0134998660358
24796.34327355072; -0.000462793112248; -0.0135117458281
24799.61406154702; -0.000462353793034; -0.0135127741644
24802.88484954332; -0.000458333508456; -0.0135186623398
24806.15563753962; -0.000456834121096; -0.0135270104958
24809.42642553592; -0.000456206204717; -0.0135346617577
24812.69721353222; -0.000451581190301; -0.0135413083792
24815.96800152852; -0.0004556135614; -0.0135467220853
24819.23878952482; -0.000455704437381; -0.0135523549475
24822.50957752113; -0.000448358249964; -0.0135557425342
24825.78036551743; -0.00045742116082; -0.0135690186495
24829.05115351373; -0.000450874972304; -0.0135701522964
24832.32194151003; -0.000451444329248; -0.0135790059025
24835.59272950633; -0.000451127990716; -0.013582579719
24838.86351750263; -0.000448057332782; -0.013588530805
24842.13430549893; -0.00044483015814; -0.0135990841924
24845.40509349523; -0.000444347450456; -0.0136014374687
24848.67588149153; -0.000443190968627; -0.0136180088348
24851.94666948784; -0.000440779133551; -0.0136094001666
24855.21745748414; -0.000444422284343; -0.0136198578924
24858.48824548044; -0.000437428474597; -0.0136230603872
24861.75903347674; -0.00043580484033; -0.0136353374425
24865.02982147304; -0.000440482128429; -0.01364098721
24868.30060946934; -0.000436285001638; -0.0136412182444
24871.57139746564; -0.000442009668397; -0.0136574524382
24874.84218546194; -0.000435142554838; -0.0136616270142
24878.11297345824; -0.000435061700752; -0.0136639023842
24881.38376145454; -0.000435456770687; -0.0136731464793
24884.65454945085; -0.000436358206029; -0.0136743550262
24887.92533744714; -0.00043241026553; -0.0136762828413
24891.19612544345; -0.000437791063755; -0.0136876779458
24894.46691343975; -0.000427484853352; -0.0136869622156
24897.73770143605; -0.000429369330772; -0.0136978418507
24901.00848943235; -0.000432949798845; -0.0137056476915
24904.27927742865; -0.000430530631594; -0.0137096510046
24907.55006542495; -0.000425031444668; -0.0137152241174
24910.82085342125; -0.000426039001674; -0.0137292467647
24914.09164141756; -0.000423404505284; -0.0137230338957
24917.36242941385; -0.000427610934266; -0.0137301759956
24920.63321741016; -0.000424002058599; -0.0137271998188
24923.90400540646; -0.000415374278527; -0.0137405470981
24927.17479340276; -0.000421854334248; -0.013748659697
24930.44558139906; -0.000420329522664; -0.0137562741081
24933.71636939536; -0.000422865355504; -0.0137715362949
24936.98715739166; -0.000418857064951; -0.0137648837729
24940.25794538796; -0.000412689514773; -0.0137648656267
24943.52873338426; -0.000418199202858; -0.0137812133302
24946.79952138056; -0.00041567227649; -0.013785600878
24950.07030937686; -0.000419210939839; -0.0137892858495
24953.34109737317; -0.000409606692865; -0.013802218381
24956.61188536947; -0.00040988850999; -0.0137991894068
24959.88267336577; -0.000412884012787; -0.0138041865827
24963.15346136207; -0.000419013846839; -0.0138025924135
24966.42424935837; -0.00041601954848; -0.0138167460933
24969.69503735467; -0.00040934192609; -0.0138209550583
24972.96582535097; -0.000407933240535; -0.0138288606249
24976.23661334727; -0.000406365422151; -0.0138224716835
24979.50740134357; -0.00041420123792; -0.0138407139175
24982.77818933988; -0.00039771355594; -0.0138387553375
24986.04897733618; -0.000413159004351; -0.0138520902509
24989.31976533248; -0.000398977964722; -0.013854136989
24992.59055332878; -0.000394501570787; -0.0138549558118
24995.86134132508; -0.000408967599633; -0.0138647288845
24999.13212932138; -0.000401615825904; -0.0138766061376
25002.40291731768; -0.000404527838851; -0.0138701909663
25005.67370531398; -0.000401346030652; -0.0138833876301
25008.94449331028; -0.000395063741263; -0.0138729906592
25012.21528130658; -0.000399467515123; -0.0138917209287
25015.48606930289; -0.000401954566378; -0.0138932881015
25018.75685729918; -0.000398665323295; -0.0138960895459
25022.02764529549; -0.000396642306342; -0.0139007463639
25025.29843329179; -0.000392315889622; -0.0139139054455
25028.56922128809; -0.000378963773918; -0.0139069849204
25031.84000928439; -0.000389757916912; -0.0139141195763
25035.11079728069; -0.000389055359594; -0.0139253981282
25038.38158527699; -0.000394128399288; -0.0139364939338
25041.65237327329; -0.000401476658541; -0.0139382607327
25044.92316126959; -0.000400488426368; -0.0139449354587
25048.19394926589; -0.00039637548986; -0.0139361797301
25051.46473726219; -0.000397142688973; -0.0139561670589
25054.7355252585; -0.000396470599897; -0.0139515867235
25058.0063132548; -0.000387287712615; -0.0139582288764
25061.2771012511; -0.000387211735208; -0.0139628809246
25064.5478892474; -0.000400677533753; -0.0139695781763
25067.8186772437; -0.000386233601388; -0.0139810945735
25071.08946524; -0.000380875859414; -0.0139788678251
25074.3602532363; -0.000388393470567; -0.0139842987526
25077.6310412326; -0.000386843449215; -0.0139945610949
25080.9018292289; -0.000386548984252; -0.0139921105768
25084.17261722521; -0.000377084325348; -0.0140049948049
25087.44340522151; -0.000387381854551; -0.0140090881123
25090.71419321781; -0.00038426323034; -0.0140093174151
25093.98498121411; -0.00038031492831; -0.0140189209645
25097.25576921041; -0.000375905336525; -0.0140244534497
25100.52655720671; -0.000385861895901; -0.0140276764977
25103.79734520301; -0.000381783907352; -0.0140256688047
25107.06813319931; -0.000379057598831; -0.0140382801615
25110.33892119561; -0.000378456232293; -0.0140419637218
25113.60970919191; -0.000381637379966; -0.0140481538474
25116.88049718822; -0.00038300720053; -0.0140471669961
25120.15128518452; -0.000380907941984; -0.0140499990607
25123.42207318082; -0.000377471425829; -0.0140615094418
25126.69286117712; -0.000375570280227; -0.0140595140219
25129.96364917342; -0.000376146248524; -0.0140694587803
25133.23443716972; -0.000382579565156; -0.0140695459337
25136.50522516602; -0.000365254022443; -0.0140733912575
25139.77601316232; -0.000373289088333; -0.0140960313486
25143.04680115862; -0.000371924791299; -0.0140775829074
25146.31758915493; -0.000373977987568; -0.0140872776637
25149.58837715122; -0.000368667520389; -0.0140864951836
25152.85916514753; -0.000377843634326; -0.0141057748665
25156.12995314383; -0.000377357148353; -0.0141082372279
25159.40074114013; -0.000374654326862; -0.0141069474406
25162.67152913643; -0.000369911042846; -0.0141151682483
25165.94231713273; -0.000365754842689; -0.0141144392387
25169.21310512903; -0.000369926434484; -0.0141310462479
25172.48389312533; -0.000364447633483; -0.0141377771528
25175.75468112163; -0.000368359235351; -0.014126758282
25179.02546911793; -0.000369830649873; -0.0141326128022
25182.29625711423; -0.000373811604244; -0.0141449841496
25185.56704511054; -0.000368525560741; -0.0141469382737
25188.83783310684; -0.000366623920459; -0.0141460503891
25192.10862110314; -0.00036797294334; -0.0141561046399
25195.37940909944; -0.000375343566119; -0.0141643761715
25198.65019709574; -0.000370298234829; -0.0141606858471
25201.92098509204; -0.00036838657949; -0.014167943196
25205.19177308834; -0.000365674726831; -0.0141757727216
25208.46256108464; -0.000363144690284; -0.0141803164307
25211.73334908094; -0.000356929288329; -0.0141885864951
25215.00413707725; -0.000364501053918; -0.0141844611666
25218.27492507355; -0.000361215732966; -0.0141870708194
25221.54571306985; -0.000369573417546; -0.014195822488
25224.81650106615; -0.000358575107346; -0.0141993624845
25228.08728906245; -0.000369608052958; -0.0142006586115
25231.35807705875; -0.000362421608669; -0.0142134325626
25234.62886505505; -0.000358429710302; -0.0142090780834
25237.89965305135; -0.000357862510479; -0.0142184286133
25241.17044104765; -0.000353998392766; -0.0142219933326
25244.44122904395; -0.000350382197355; -0.0142300419649
25247.71201704026; -0.000350106135124; -0.0142325015478
25250.98280503655; -0.000365464034055; -0.0142257784748
25254.25359303286; -0.000361811153277; -0.0142427290489
25257.52438102916; -0.000354733560777; -0.0142426453117
25260.79516902546; -0.000355517817575; -0.0142462019891
25264.06595702176; -0.000353945390925; -0.0142537163246
25267.33674501806; -0.0003595527762; -0.0142501620309
25270.60753301436; -0.000363040904269; -0.0142560131654
25273.87832101066; -0.000363517183852; -0.0142615361561
25277.14910900696; -0.000355774324479; -0.0142655373977
25280.41989700327; -0.000348194186384; -0.0142786583081
25283.69068499956; -0.00034787613568; -0.0142794152796
25286.96147299587; -0.000355303930951; -0.0142817814978
25290.23226099217; -0.000351803645373; -0.014282254613
25293.50304898847; -0.000350363765532; -0.0142927613368
25296.77383698477; -0.000353271352843; -0.0142925177953
25300.04462498107; -0.000348937112127; -0.0142909896863
25303.31541297737; -0.000350081716297; -0.0143013319918
25306.58620097367; -0.00034804912787; -0.0143066599782
25309.85698896997; -0.000354339855035; -0.0143100500778
25313.12777696627; -0.000351411863772; -0.0143138779192
25316.39856496258; -0.000348974597758; -0.0143146851953
25319.66935295888; -0.000355010983719; -0.0143189916787
25322.94014095518; -0.000344390488717; -0.0143268758127
25326.21092895148; -0.000350581245204; -0.0143315025239
25329.48171694778; -0.00035138532313; -0.0143327088253
25332.75250494408; -0.000346970960091; -0.0143357126964
25336.02329294038; -0.000349485881867; -0.0143461409668
25339.29408093668; -0.000352571682917; -0.0143509502474
25342.56486893298; -0.000356497002792; -0.0143564872534
25345.83565692928; -0.000341755405027; -0.0143632940518
