% Module: Sweep, ID: c0p1t8p1cfm0
% Devices: DEV646
% Time: 2025/12/17 15:16:29
% Demod 1 Sample X, /dev646/demods/0/sample.X
% Demod 1 Sample Y, /dev646/demods/0/sample.Y
% Frequency (Hz); Demod 1 Sample X  Amplitude (V); Demod 1 Sample Y  Amplitude (V)
23405.62270599572; -0.00144648369566; -0.0689431066509
23407.38403637494; -0.00145724519401; -0.0689806513476
23409.14536675415; -0.00146298624868; -0.0690137244891
23410.90669713336; -0.00146768771463; -0.0690403708049
23412.66802751257; -0.00147288517752; -0.0690833251538
23414.42935789178; -0.00147185072678; -0.069117095485
23416.190688271; -0.00149236710943; -0.0691484977197
23417.9520186502; -0.00149545589028; -0.0691922239988
23419.71334902942; -0.00150263079796; -0.0692209828227
23421.47467940863; -0.00150105450015; -0.0692611345523
23423.23600978784; -0.00150203680137; -0.0692865237088
23424.99734016705; -0.00151007116351; -0.0693405593212
23426.75867054626; -0.00151555717261; -0.0693818063271
23428.52000092548; -0.00152533887707; -0.0694148315372
23430.28133130469; -0.00152090216446; -0.0694533303444
23432.0426616839; -0.00153960306588; -0.0694839383856
23433.80399206311; -0.00153912415487; -0.069535900556
23435.56532244233; -0.00154638610948; -0.0695653181841
23437.32665282154; -0.0015522832347; -0.0696094003926
23439.08798320075; -0.00156671369935; -0.0696500871786
23440.84931357996; -0.00156720746896; -0.0696878760363
23442.61064395917; -0.0015772939941; -0.069729198257
23444.37197433838; -0.00158219801302; -0.0697593809305
23446.13330471759; -0.00159240547574; -0.0698092418798
23447.89463509681; -0.00159590404322; -0.0698502030343
23449.65596547602; -0.00160093647967; -0.0698841799878
23451.41729585523; -0.00160150469297; -0.0699277682097
23453.17862623444; -0.00161322872678; -0.0699667663684
23454.93995661365; -0.0016201104688; -0.0700152977871
23456.70128699287; -0.00163744489288; -0.0700573689915
23458.46261737208; -0.00164254077963; -0.0700969555279
23460.22394775129; -0.00164338596665; -0.0701412796253
23461.9852781305; -0.00165230150541; -0.0701861151501
23463.74660850971; -0.00166417056492; -0.0702193361946
23465.50793888892; -0.00166182349092; -0.0702680354705
23467.26926926814; -0.00167778746884; -0.070306389782
23469.03059964735; -0.00166852137622; -0.0703433524599
23470.79193002656; -0.00168526488777; -0.0703796107648
23472.55326040577; -0.0016943125228; -0.0704336213168
23474.31459078498; -0.00170724519116; -0.0705097442554
23476.0759211642; -0.00171159756356; -0.0705188889843
23477.83725154341; -0.00171791359663; -0.0705669208464
23479.59858192262; -0.00172644138806; -0.070605476416
23481.35991230183; -0.00173420145857; -0.0706488940228
23483.12124268104; -0.00174289471476; -0.0707014835103
23484.88257306025; -0.00174925183879; -0.0707397031736
23486.64390343947; -0.00176194237261; -0.0707906317602
23488.40523381868; -0.00176695098549; -0.0708318206095
23490.16656419789; -0.00177973811899; -0.0708806276835
23491.9278945771; -0.00178199321621; -0.0709261987484
23493.68922495631; -0.00178695136106; -0.07097213112
23495.45055533553; -0.00180431887962; -0.071026052023
23497.21188571474; -0.00181730267809; -0.0710640777719
23498.97321609395; -0.00182909998465; -0.071100528243
23500.73454647316; -0.00183190580406; -0.0711566235349
23502.49587685237; -0.00182789987016; -0.0712109939932
23504.25720723159; -0.00184025963993; -0.07125735006
23506.01853761079; -0.00185279464059; -0.071307007846
23507.77986799001; -0.0018600397218; -0.0713547263546
23509.54119836922; -0.00187056419606; -0.0714037908932
23511.30252874843; -0.00189608473776; -0.0714886829075
23513.06385912764; -0.00190661979332; -0.0714923092555
23514.82518950686; -0.00191554583222; -0.0715589600518
23516.58651988607; -0.00190023625367; -0.0716027109403
23518.34785026528; -0.00191607307223; -0.0716538353364
23520.10918064449; -0.00192230320522; -0.0717028222279
23521.8705110237; -0.00193531074773; -0.0717512683055
23523.63184140292; -0.00195485907706; -0.0718016060707
23525.39317178213; -0.00195268055717; -0.0718543181567
23527.15450216134; -0.0019725790829; -0.0719067045246
23528.91583254055; -0.00197229235325; -0.0719575700398
23530.67716291976; -0.00198472395028; -0.0720095254987
23532.43849329897; -0.0019998990499; -0.0720611897341
23534.19982367818; -0.00201025107446; -0.0721225218686
23535.9611540574; -0.00202136733203; -0.0721777028603
23537.72248443661; -0.00202605066256; -0.0722245059211
23539.48381481582; -0.00203593149922; -0.0722765104853
23541.24514519503; -0.00205257653535; -0.0723345967138
23543.00647557425; -0.00206288243679; -0.0723940627138
23544.76780595346; -0.00206754477748; -0.072447723475
23546.52913633267; -0.00209177814836; -0.0724993104018
23548.29046671188; -0.0020932804651; -0.0725540982601
23550.05179709109; -0.00211109536376; -0.0726074042832
23551.8131274703; -0.00212450609797; -0.0726747479723
23553.57445784951; -0.00213953790208; -0.0727279742113
23555.33578822873; -0.00213878535807; -0.0727809896235
23557.09711860794; -0.00215214134157; -0.0728730315653
23558.85844898715; -0.00217292231401; -0.0728870721924
23560.61977936636; -0.00217994603244; -0.0729558194868
23562.38110974557; -0.00219879492644; -0.0730212544015
23564.14244012479; -0.00221268278371; -0.0730744285442
23565.903770504; -0.00221507249885; -0.0731390125154
23567.66510088321; -0.00223941384797; -0.0732211218199
23569.42643126242; -0.00224773327958; -0.0732556805366
23571.18776164163; -0.00226754492229; -0.0733129047816
23572.94909202084; -0.0022733392165; -0.0733811339321
23574.71042240006; -0.00228243699448; -0.0734429428813
23576.47175277927; -0.00229831690035; -0.0734925165711
23578.23308315848; -0.00231572758422; -0.0735647889023
23579.99441353769; -0.00233434671955; -0.0736230969883
23581.7557439169; -0.00234530328791; -0.0736858210283
23583.51707429612; -0.00235624961483; -0.0737517309771
23585.27840467533; -0.00237661488947; -0.0738370083057
23587.03973505454; -0.00239291677284; -0.0738784903923
23588.80106543375; -0.00240179549961; -0.073951460058
23590.56239581296; -0.00241587825213; -0.0740117856621
23592.32372619217; -0.00243739464479; -0.0740758246148
23594.08505657139; -0.00244755552723; -0.0741480384594
23595.8463869506; -0.00246280369959; -0.0742050557508
23597.60771732981; -0.00247169598201; -0.0742684724484
23599.36904770902; -0.00249281887842; -0.0743422712754
23601.13037808823; -0.0025128503369; -0.074412776943
23602.89170846745; -0.00253087117405; -0.0744979826936
23604.65303884666; -0.00254097983558; -0.0745513204071
23606.41436922587; -0.00255678912821; -0.0746274316727
23608.17569960508; -0.00258008680338; -0.0746881074602
23609.93702998429; -0.00259944646063; -0.0747978209111
23611.69836036351; -0.00260687776535; -0.07483358603
23613.45969074271; -0.00262985540287; -0.0749076549076
23615.22102112193; -0.00264319227917; -0.0749867086896
23616.98235150114; -0.00266180282199; -0.0750594330483
23618.74368188035; -0.00269806633615; -0.0751229284702
23620.50501225956; -0.0027010363863; -0.0751975044549
23622.26634263878; -0.00271899031718; -0.0752739001433
23624.02767301799; -0.00273765546117; -0.0753551634502
23625.7890033972; -0.00275893084677; -0.0754217256404
23627.55033377641; -0.0027796764777; -0.0755126552082
23629.31166415562; -0.00280015856594; -0.0755806551279
23631.07299453484; -0.00281742008245; -0.0756548047885
23632.83432491405; -0.00284107264547; -0.0757301225165
23634.59565529326; -0.00285517312002; -0.0758170158448
23636.35698567247; -0.00288123275928; -0.0758985098187
23638.11831605168; -0.00290150299533; -0.0759769051904
23639.87964643089; -0.00291363955037; -0.0760527777754
23641.6409768101; -0.00293956356423; -0.0761379316164
23643.40230718932; -0.00295941680708; -0.0762260174277
23645.16363756853; -0.00299326858909; -0.0763033742157
23646.92496794774; -0.00300775535762; -0.0763823772151
23648.68629832695; -0.00303109173112; -0.076470582751
23650.44762870616; -0.00305065258171; -0.076556789097
23652.20895908538; -0.00307213864332; -0.0766382057084
23653.97028946459; -0.00309946054643; -0.0767211053158
23655.7316198438; -0.00312529056934; -0.076817046232
23657.49295022301; -0.00314910017284; -0.0768947077594
23659.25428060222; -0.00317795748517; -0.0769910446242
23661.01561098143; -0.00319703209872; -0.0770841439301
23662.77694136065; -0.00323040868184; -0.0771663942851
23664.53827173986; -0.00325060530069; -0.0772597806398
23666.29960211907; -0.00327939041168; -0.0773479106517
23668.06093249828; -0.00330027594231; -0.0774444745074
23669.82226287749; -0.00334311809806; -0.0775396504897
23671.58359325671; -0.00335616573045; -0.0776443297322
23673.34492363592; -0.00337917819793; -0.0777219307722
23675.10625401513; -0.00341085431155; -0.0778185544943
23676.86758439434; -0.00343977830183; -0.0779112027236
23678.62891477355; -0.00347315304332; -0.0780167594076
23680.39024515276; -0.00350257688007; -0.078111274999
23682.15157553198; -0.00352317307671; -0.078214977583
23683.91290591119; -0.00355827978154; -0.0783203358495
23685.6742362904; -0.00358616040219; -0.0784148586575
23687.43556666961; -0.00362041247039; -0.0785176574247
23689.19689704882; -0.00365196087018; -0.078616126994
23690.95822742804; -0.00367525889998; -0.07872464833
23692.71955780725; -0.0037081540316; -0.0788234150342
23694.48088818646; -0.00374687551319; -0.0789336980484
23696.24221856567; -0.00378341744203; -0.0790392938794
23698.00354894488; -0.00380838141422; -0.0791423686757
23699.7648793241; -0.00385268782071; -0.0792655546063
23701.52620970331; -0.00388368713849; -0.079360212312
23703.28754008252; -0.00391385810802; -0.079476425405
23705.04887046173; -0.00395686366981; -0.0795796251207
23706.81020084094; -0.00399179151345; -0.0796908525092
23708.57153122015; -0.00402933059127; -0.0798067411674
23710.33286159937; -0.0040576565613; -0.079929378158
23712.09419197858; -0.00410523665998; -0.0800345124803
23713.85552235779; -0.00414339172754; -0.0801580663962
23715.616852737; -0.00418320930998; -0.0802679270245
23717.37818311621; -0.00422195789942; -0.0803941051368
23719.13951349543; -0.00425948634616; -0.0805125682092
23720.90084387464; -0.00430517887712; -0.0806303001309
23722.66217425385; -0.00433863429922; -0.0807666439781
23724.42350463306; -0.0043796105801; -0.080877982389
23726.18483501227; -0.00443099512304; -0.0810104806715
23727.94616539148; -0.00448684460368; -0.0811406735324
23729.70749577069; -0.0045139988577; -0.0812541458894
23731.46882614991; -0.00456787156211; -0.0813891838915
23733.23015652912; -0.00460589501363; -0.0815179564135
23734.99148690833; -0.00465765140743; -0.0816515685216
23736.75281728754; -0.00470354645521; -0.0818080022808
23738.51414766676; -0.00475356150999; -0.0819173041626
23740.27547804597; -0.00480119606784; -0.082054589559
23742.03680842518; -0.00485900368907; -0.0821926164234
23743.79813880439; -0.00490914305602; -0.0823294706578
23745.5594691836; -0.00496374278007; -0.082470065296
23747.32079956281; -0.00501735635531; -0.0826091011127
23749.08212994202; -0.00507479664874; -0.0827536236943
23750.84346032124; -0.00513050602083; -0.0828929765901
23752.60479070045; -0.0051800473186; -0.0830416830824
23754.36612107966; -0.00524076043874; -0.0831941080623
23756.12745145887; -0.0052829757356; -0.0833424343406
23757.88878183808; -0.00534746665392; -0.083491884304
23759.6501122173; -0.00541243426845; -0.083636944799
23761.41144259651; -0.00547278219074; -0.0837893210067
23763.17277297572; -0.00553805097628; -0.0839408197401
23764.93410335493; -0.00559811997881; -0.0841199595891
23766.69543373414; -0.00567199493582; -0.0842584301654
23768.45676411335; -0.0057470466826; -0.08441988472
23770.21809449257; -0.00580212985843; -0.0845906711689
23771.97942487178; -0.00587124397118; -0.0847568981631
23773.74075525099; -0.00594027159393; -0.0849182308192
23775.5020856302; -0.00601206227302; -0.0850909689424
23777.26341600941; -0.0060945725883; -0.0852781312038
23779.02474638863; -0.00614933632217; -0.0854323864345
23780.78607676784; -0.00623099316839; -0.0856055340567
23782.54740714705; -0.00630933526583; -0.0857824566704
23784.30873752626; -0.0063883030697; -0.0859677644674
23786.07006790547; -0.00646553380492; -0.0861376495855
23787.83139828468; -0.00655007361051; -0.0863227250744
23789.5927286639; -0.00663569504366; -0.0865102943693
23791.35405904311; -0.00672090249665; -0.0866906541347
23793.11538942232; -0.0068097684898; -0.0868844306299
23794.87671980153; -0.00689913965011; -0.0870848457817
23796.63805018074; -0.00698512876076; -0.0872680270697
23798.39938055996; -0.00708775734261; -0.0874693167985
23800.16071093917; -0.00717613066271; -0.087669056625
23801.92204131838; -0.00727493295154; -0.0878685021363
23803.68337169759; -0.0073714236815; -0.0880747796536
23805.4447020768; -0.00747559619708; -0.0882728320607
23807.20603245602; -0.00756991302091; -0.0884772768736
23808.96736283522; -0.00768054204726; -0.0886967393171
23810.72869321444; -0.00778526628928; -0.0889082907341
23812.49002359365; -0.00790443077979; -0.0891278802851
23814.25135397286; -0.00800568437857; -0.0893897158107
23816.01268435207; -0.00812816448171; -0.0895725365075
23817.77401473129; -0.00824195585758; -0.0898010494866
23819.5353451105; -0.00835476006308; -0.0900131375346
23821.29667548971; -0.00848317096161; -0.0902514037416
23823.05800586892; -0.00861068224304; -0.0904935720019
23824.81933624813; -0.00873171718787; -0.0907270263098
23826.58066662735; -0.00886812693557; -0.0909591942091
23828.34199700656; -0.00900970325103; -0.0912046034009
23830.10332738577; -0.00914266186507; -0.0914650884715
23831.86465776498; -0.00928157030271; -0.0917102605761
23833.62598814419; -0.0094333420194; -0.0919659539393
23835.3873185234; -0.00957772921903; -0.0922142454499
23837.14864890261; -0.00972939385881; -0.0924842476575
23838.90997928183; -0.00988708754177; -0.0927473412284
23840.67130966104; -0.0100425802624; -0.0930019073691
23842.43264004025; -0.0102079276978; -0.0932760518012
23844.19397041946; -0.0103806571823; -0.093552289565
23845.95530079868; -0.0105506879462; -0.0938294792512
23847.71663117789; -0.0107206753298; -0.0941110267297
23849.4779615571; -0.0109029211957; -0.0944034169367
23851.23929193631; -0.0110875053284; -0.0946890689294
23853.00062231552; -0.0112757345366; -0.0949839848786
23854.76195269473; -0.0114707063178; -0.0952889811031
23856.52328307394; -0.0116778085911; -0.0955876342547
23858.28461345316; -0.0118737307266; -0.0958886092921
23860.04594383237; -0.0120871847249; -0.0961973398942
23861.80727421158; -0.0123006581418; -0.0965205980528
23863.56860459079; -0.0125415554363; -0.0968272092612
23865.32993497; -0.0127567046606; -0.0971612317076
23867.09126534922; -0.0129939999005; -0.09749783704
23868.85259572843; -0.0132306176446; -0.0978136535466
23870.61392610764; -0.0134805629539; -0.098165916385
23872.37525648685; -0.0137313254434; -0.0985025529451
23874.13658686607; -0.0139996086022; -0.098855561694
23875.89791724527; -0.0142739615083; -0.0992070999873
23877.65924762449; -0.014547553305; -0.0995665223125
23879.4205780037; -0.0148365042532; -0.0999284558461
23881.18190838291; -0.0151252382928; -0.100295012653
23882.94323876212; -0.0154330486317; -0.10067279366
23884.70456914133; -0.0157387200786; -0.101047578874
23886.46589952055; -0.0160585877631; -0.10142955562
23888.22722989976; -0.0163940708547; -0.101846956522
23889.98856027897; -0.016731986386; -0.102211860941
23891.74989065818; -0.0170865941138; -0.10262145486
23893.51122103739; -0.0174511726575; -0.103022502398
23895.2725514166; -0.017821699219; -0.10343835123
23897.03388179582; -0.0182105470741; -0.103851020084
23898.79521217503; -0.0186015758132; -0.10427849583
23900.55654255424; -0.0190152280134; -0.10470002059
23902.31787293345; -0.0194352276861; -0.105140394825
23904.07920331266; -0.0198734289704; -0.105589552447
23905.84053369188; -0.0203236367724; -0.106019155559
23907.60186407109; -0.0207979722609; -0.106478612408
23909.3631944503; -0.0212769604206; -0.106931854412
23911.12452482951; -0.0217772588943; -0.107392858264
23912.88585520872; -0.0222999896422; -0.10786249542
23914.64718558794; -0.0228220210861; -0.108323956788
23916.40851596714; -0.0233807913754; -0.108815902478
23918.16984634636; -0.0239399416151; -0.109288623534
23919.93117672557; -0.0245332872226; -0.1097823261
23921.69250710478; -0.0251486320494; -0.110275614954
23923.45383748399; -0.0257813753912; -0.110765338144
23925.21516786321; -0.0264307790327; -0.11127688368
23926.97649824242; -0.0271068461308; -0.111784570527
23928.73782862163; -0.0278190995992; -0.112293118332
23930.49915900084; -0.0285398140554; -0.112801374827
23932.26048938005; -0.0292929631624; -0.113312928102
23934.02181975927; -0.0300698952673; -0.113841456608
23935.78315013848; -0.0308912510021; -0.11436322687
23937.54448051769; -0.0317275721943; -0.114882799506
23939.3058108969; -0.0325993501077; -0.115407029028
23941.06714127611; -0.0335052571429; -0.115917314539
23942.82847165532; -0.0344340908475; -0.116448512488
23944.58980203453; -0.0354182977585; -0.116978751051
23946.35113241375; -0.0364271642221; -0.117489117846
23948.11246279296; -0.0374743363519; -0.118007239003
23949.87379317217; -0.0385586485938; -0.118513850652
23951.63512355138; -0.0396849289729; -0.119020895947
23953.3964539306; -0.0408596615049; -0.119517915291
23955.15778430981; -0.0420771925901; -0.119983420698
23956.91911468902; -0.0433439417352; -0.120443532356
23958.68044506823; -0.0446678271133; -0.120858391189
23960.44177544744; -0.0460051547354; -0.121286885668
23962.20310582665; -0.0474265186013; -0.121669889555
23963.96443620586; -0.0488768067791; -0.122223836192
23965.72576658508; -0.0504022436211; -0.122609875741
23967.48709696429; -0.0519972003115; -0.122943646387
23969.2484273435; -0.0536177431653; -0.123295546113
23971.00975772271; -0.0553021645458; -0.12357548478
23972.77108810192; -0.057059557064; -0.123832173815
23974.53241848114; -0.0588874546049; -0.124041289002
23976.29374886035; -0.060768798543; -0.124214286583
23978.05507923956; -0.0627118345271; -0.124315214749
23979.81640961877; -0.0647241457748; -0.124362834094
23981.57773999798; -0.0667974227319; -0.124352590489
23983.33907037719; -0.0689422489773; -0.124267317367
23985.10040075641; -0.071146750366; -0.12410866544
23986.86173113562; -0.0734376137896; -0.12390307102
23988.62306151483; -0.0757398939218; -0.123517463215
23990.38439189404; -0.078124622017; -0.123082508502
23992.14572227325; -0.080565960127; -0.122540702464
23993.90705265247; -0.083059500803; -0.121875681194
23995.66838303168; -0.085594825791; -0.121095175906
23997.42971341089; -0.0881880682033; -0.120187277669
23999.1910437901; -0.0908024380689; -0.119122176101
24000.95237416931; -0.0934279819977; -0.117914775383
24002.71370454853; -0.0960854926407; -0.116559190354
24004.47503492774; -0.0987524506643; -0.115023471737
24006.23636530695; -0.101400624321; -0.113325420571
24007.99769568616; -0.104031026808; -0.111448007913
24009.75902606537; -0.106627766983; -0.109394669508
24011.52035644458; -0.109171407945; -0.107144759547
24013.2816868238; -0.11166009676; -0.10472969092
24015.04301720301; -0.114057644771; -0.102115211867
24016.80434758222; -0.116335492622; -0.0992935730887
24018.56567796143; -0.118509038862; -0.0963237328595
24020.32700834064; -0.120544368452; -0.0931652107667
24022.08833871986; -0.122399974419; -0.0898456363153
24023.84966909907; -0.124094252767; -0.0863598349688
24025.61099947828; -0.125590866806; -0.0827565578878
24027.37232985749; -0.126875666494; -0.0790027201082
24029.1336602367; -0.127943406372; -0.075160497748
24030.89499061591; -0.128770844621; -0.0712273191573
24032.65632099513; -0.129344236062; -0.0672199283128
24034.41765137434; -0.129685953413; -0.0631878526516
24036.17898175355; -0.129770887417; -0.0591310374115
24037.94031213276; -0.129593312013; -0.0550740579959
24039.70164251197; -0.129165687853; -0.0510797374747
24041.46297289119; -0.12850770572; -0.0470836393873
24043.2243032704; -0.127572514971; -0.0432200192267
24044.98563364961; -0.126407058646; -0.0394176743381
24046.74696402882; -0.12505347573; -0.0357409326739
24048.50829440803; -0.123482651432; -0.0321917634551
24050.26962478724; -0.121742470691; -0.0287922797815
24052.03095516645; -0.119826637211; -0.0255594325281
24053.79228554567; -0.117761813688; -0.0224887628398
24055.55361592488; -0.115576696049; -0.0195880213559
24057.31494630409; -0.113262779765; -0.0168763895259
24059.0762766833; -0.11087832; -0.0143536117573
24060.83760706251; -0.108391340174; -0.0120209631264
24062.59893744173; -0.105858024209; -0.00986622891306
24064.36026782094; -0.103282872754; -0.00788127479464
24066.12159820015; -0.100683350064; -0.00609132076458
24067.88292857936; -0.0980824119631; -0.00445574580794
24069.64425895857; -0.0954634469612; -0.00300037098072
24071.40558933778; -0.0928400237793; -0.0016995398055
24073.166919717; -0.0902560652308; -0.000539174121911
24074.92825009621; -0.08770106474; 0.000470358538892
24076.68958047542; -0.0851657959234; 0.00133808349362
24078.45091085463; -0.0826865556155; 0.00208325055885
24080.21224123384; -0.0802621335679; 0.00271122087623
24081.97357161306; -0.0778583279021; 0.00323806021519
24083.73490199227; -0.0755310236879; 0.00365169300619
24085.49623237148; -0.0732618357263; 0.00398013184563
24087.25756275069; -0.0710670730201; 0.00419820563327
24089.0188931299; -0.0689076326154; 0.00434537022907
24090.78022350911; -0.0668295699706; 0.00443122736728
24092.54155388833; -0.0648091209416; 0.00445507293638
24094.30288426754; -0.0628442794435; 0.00440685597566
24096.06421464675; -0.0609547673482; 0.00429897119491
24097.82554502596; -0.0591460982771; 0.0041298011146
24099.58687540517; -0.0573303101993; 0.00397335614845
24101.34820578439; -0.0556398931633; 0.00370087966627
24103.1095361636; -0.0539805754615; 0.00342938417852
24104.87086654281; -0.0523822424368; 0.00312684013006
24106.63219692202; -0.0508474594643; 0.00278494121718
24108.39352730123; -0.0493635334104; 0.00242045057153
24110.15485768045; -0.0479355302412; 0.00203484943072
24111.91618805966; -0.0465332341838; 0.0016270255119
24113.67751843887; -0.0452044019846; 0.00120053208141
24115.43884881808; -0.0439177732568; 0.000758755215136
24117.20017919729; -0.0426742232568; 0.000307789047569
24118.9615095765; -0.0415018847572; -0.000155263627314
24120.72283995572; -0.0403523995425; -0.000624976504345
24122.48417033493; -0.0392311407174; -0.00111676133692
24124.24550071414; -0.0381834527808; -0.00159181411296
24126.00683109335; -0.0371417864733; -0.00209139630081
24127.76816147256; -0.0361488746445; -0.00257235963757
24129.52949185178; -0.035185516959; -0.00307271108929
24131.29082223099; -0.0342864665328; -0.00358828983953
24133.0521526102; -0.033379061826; -0.00407529592544
24134.81348298941; -0.0325430092386; -0.00458822079076
24136.57481336862; -0.0316976560502; -0.00509494292278
24138.33614374783; -0.0309023115047; -0.00559627240127
24140.09747412704; -0.0301370979311; -0.00613537064633
24141.85880450626; -0.029281978599; -0.0066195764086
24143.62013488547; -0.0286319336979; -0.00705325530629
24145.38146526468; -0.0279706769717; -0.00757525563749
24147.14279564389; -0.0273148772064; -0.00805874324386
24148.90412602311; -0.0266523689376; -0.00852738591749
24150.66545640232; -0.0260228097637; -0.00901339705423
24152.42678678153; -0.0254286967274; -0.00948449840522
24154.18811716074; -0.0248525832315; -0.00997731198707
24155.94944753995; -0.0242903143683; -0.0104444827603
24157.71077791916; -0.0237360684717; -0.0108832317698
24159.47210829837; -0.023202040207; -0.0113384562659
24161.23343867759; -0.0226942626382; -0.011789089303
24162.9947690568; -0.0222014887684; -0.012246881368
24164.75609943601; -0.021735586449; -0.0126968363301
24166.51742981522; -0.0212552880743; -0.0131353473988
24168.27876019443; -0.0208115994351; -0.0135533728727
24170.04009057365; -0.0203832703099; -0.0139805884842
24171.80142095286; -0.019964336648; -0.0143958283348
24173.56275133207; -0.0195633881913; -0.0148136636089
24175.32408171128; -0.019162186081; -0.0152174206538
24177.0854120905; -0.0187846089512; -0.0156245444537
24178.8467424697; -0.0184198376772; -0.0160257813775
24180.60807284892; -0.0180599893336; -0.0164157413605
24182.36940322813; -0.0177137474621; -0.016801530783
24184.13073360734; -0.0173748876252; -0.0171784136931
24185.89206398655; -0.0170414557293; -0.0175571424809
24187.65339436576; -0.0167455155415; -0.0179287626608
24189.41472474498; -0.0164348857449; -0.0182895710864
24191.17605512419; -0.0161362298738; -0.0186409360333
24192.9373855034; -0.0158351841621; -0.0189906975746
24194.69871588261; -0.0155482899139; -0.0193449242187
24196.46004626182; -0.0152722668511; -0.0196703875517
24198.22137664104; -0.0150114673796; -0.0200082716964
24199.98270702025; -0.0147404103998; -0.0203431073681
24201.74403739946; -0.0144806095186; -0.0206576628068
24203.50536777867; -0.0142365143852; -0.0209772475674
24205.26669815788; -0.0139900348283; -0.0212960031666
24207.02802853709; -0.0137470921937; -0.0216085038633
24208.78935891631; -0.0135119106652; -0.021913828899
24210.55068929552; -0.0132773422227; -0.0222261862297
24212.31201967473; -0.0130581564861; -0.0225210725015
24214.07335005394; -0.0128421074559; -0.0228181773391
24215.83468043315; -0.0126284807049; -0.0231076383697
24217.59601081237; -0.0124227422549; -0.0234068946454
24219.35734119157; -0.0122205249407; -0.0236922091564
24221.11867157079; -0.0120175040541; -0.0239686761954
24222.88000195; -0.0118291175293; -0.0242598745894
24224.64133232921; -0.0116366499544; -0.0245233748608
24226.40266270842; -0.011466996707; -0.0248122908203
24228.16399308764; -0.0112727876018; -0.0250787906417
24229.92532346685; -0.0111031835703; -0.0253400726317
24231.68665384606; -0.0109392730412; -0.0256008646338
24233.44798422527; -0.0107648960703; -0.0258744471924
24235.20931460448; -0.0106104409717; -0.0261212687084
24236.9706449837; -0.010449158242; -0.0263803882835
24238.73197536291; -0.0102919368782; -0.0266219722405
24240.49330574212; -0.0101437704528; -0.0268458349104
24242.25463612133; -0.00997999386878; -0.0270893363272
24244.01596650054; -0.00984507255332; -0.027363729394
24245.77729687975; -0.00972550010643; -0.0276055231965
24247.53862725896; -0.00957414531202; -0.0278309417189
24249.29995763818; -0.00945020702269; -0.0280610664589
24251.06128801739; -0.0093187948104; -0.0282963361024
24252.8226183966; -0.00919103182707; -0.0285205294515
24254.58394877581; -0.00907149544885; -0.0287433943458
24256.34527915503; -0.00895010263089; -0.0289759598985
24258.10660953424; -0.00883911777299; -0.029166781061
24259.86793991345; -0.00870196887278; -0.0293821914605
24261.62927029266; -0.0086115372719; -0.0296116133078
24263.39060067187; -0.00847965588912; -0.0298119166751
24265.15193105108; -0.00837123451216; -0.0300288126494
24266.91326143029; -0.0082637060259; -0.0302470630371
24268.67459180951; -0.00815102112095; -0.030413313798
24270.43592218872; -0.00805059393647; -0.0306212071929
24272.19725256793; -0.00795585843557; -0.0308265833525
24273.95858294714; -0.00786292695897; -0.0310178554934
24275.71991332635; -0.00775854822266; -0.031202007838
24277.48124370557; -0.00766768830034; -0.0313970716582
24279.24257408478; -0.00757760247603; -0.0315832407296
24281.00390446399; -0.00748473037866; -0.0317763696163
24282.7652348432; -0.00740154100826; -0.031958050373
24284.52656522241; -0.00730888065031; -0.0321392229541
24286.28789560162; -0.00722710218865; -0.0323156712149
24288.04922598084; -0.00714448916835; -0.0325061093421
24289.81055636005; -0.00706095414916; -0.0326731483715
24291.57188673926; -0.00698074292787; -0.0328431284379
24293.33321711847; -0.00690365997661; -0.0330321000553
24295.09454749768; -0.00682935282626; -0.0331832801594
24296.8558778769; -0.00674714992991; -0.0333518102541
24298.61720825611; -0.0066762879442; -0.0335163211518
24300.37853863532; -0.00659593153068; -0.033678759278
24302.13986901453; -0.00652074234839; -0.0338310772239
24303.90119939374; -0.00646159811325; -0.0339950630905
24305.66252977296; -0.00638278997744; -0.034160132856
24307.42386015217; -0.00631250078986; -0.0343138248629
24309.18519053138; -0.0062518227393; -0.034466807026
24310.94652091059; -0.0061837156952; -0.0346205548617
24312.7078512898; -0.00612212512764; -0.0347789459502
24314.46918166901; -0.00606233171083; -0.034922986777
24316.23051204823; -0.00600076206227; -0.0350697905247
24317.99184242744; -0.00593116373435; -0.0352095976695
24319.75317280665; -0.00587962318826; -0.0353670777069
24321.51450318586; -0.00581249112804; -0.0355040745318
24323.27583356507; -0.0057579902484; -0.0356618266518
24325.03716394429; -0.00570216396139; -0.0357800425791
24326.7984943235; -0.00565019076888; -0.0359321232676
24328.55982470271; -0.00559794878897; -0.0360719629314
24330.32115508192; -0.0055338162314; -0.0362111404732
24332.08248546113; -0.00548116699289; -0.0363259729462
24333.84381584034; -0.00543417003472; -0.0364599200041
24335.60514621956; -0.00537862031306; -0.0365968879246
24337.36647659877; -0.00533552277226; -0.0367261870479
24339.12780697798; -0.00528217567376; -0.0368578382762
24340.88913735719; -0.00521574981911; -0.036994925033
24342.6504677364; -0.00519901912421; -0.0371267338811
24344.41179811562; -0.00514276585956; -0.0372388718607
24346.17312849483; -0.00509085334314; -0.0373603718593
24347.93445887404; -0.00504715754231; -0.0374929257408
24349.69578925325; -0.00500927899794; -0.0376117708573
24351.45711963246; -0.00496056673797; -0.0377354602073
24353.21845001167; -0.0049114214208; -0.0378486916415
24354.97978039088; -0.00487543667301; -0.0379772510143
24356.7411107701; -0.00482543695183; -0.0380992095187
24358.50244114931; -0.00479279028231; -0.0382043389331
24360.26377152852; -0.00475019169581; -0.0383144724959
24362.02510190773; -0.00470986805743; -0.0384278147573
24363.78643228694; -0.00466909033362; -0.0385460746877
24365.54776266616; -0.00462832845304; -0.038662659078
24367.30909304537; -0.0045899770806; -0.0387636022315
24369.07042342458; -0.0045493142229; -0.0388699487336
24370.83175380379; -0.00452114614767; -0.0389884110969
24372.593084183; -0.00448250331813; -0.0390980107535
24374.35441456221; -0.0044493720439; -0.0391976837794
24376.11574494143; -0.00440395176022; -0.0393184282565
24377.87707532064; -0.00436766234861; -0.0394100840613
24379.63840569985; -0.00434068236532; -0.0395155088215
24381.39973607906; -0.00430030860976; -0.0396171462417
24383.16106645827; -0.00427097132501; -0.0397224284493
24384.92239683749; -0.00423690120988; -0.039830971817
24386.6837272167; -0.00420503066494; -0.0399238392879
24388.44505759591; -0.00417117891962; -0.0400246506643
24390.20638797512; -0.0041422539207; -0.0401149654459
24391.96771835433; -0.00411135874557; -0.0402094035933
24393.72904873354; -0.00407299413748; -0.0403126594454
24395.49037911276; -0.00405048749794; -0.0403996252595
24397.25170949197; -0.00400263468935; -0.040512088222
24399.01303987118; -0.00405089050733; -0.040627268813
24400.77437025039; -0.00398965415108; -0.040671106707
24402.5357006296; -0.00392916468583; -0.0407883599636
24404.29703100882; -0.00389951281535; -0.0408653952821
24406.05836138803; -0.00387602657686; -0.0409656657652
24407.81969176724; -0.00384939640996; -0.0410566774558
24409.58102214645; -0.00381979075745; -0.0411437193849
24411.34235252566; -0.00379920953549; -0.0412307532848
24413.10368290488; -0.00377030902546; -0.0413410021055
24414.86501328409; -0.00374057162876; -0.0414100724718
24416.6263436633; -0.00372226553584; -0.0414975841277
24418.38767404251; -0.0036798948016; -0.0415783438427
24420.14900442172; -0.00366311225257; -0.0416646897432
24421.91033480093; -0.00363754342195; -0.0417494505013
24423.67166518015; -0.0036226817122; -0.0418422727483
24425.43299555936; -0.00359141730763; -0.0419131765854
24427.19432593857; -0.00357153361065; -0.0419972272725
24428.95565631778; -0.00354881413168; -0.042082683917
24430.71698669699; -0.00351876456158; -0.0421617192926
24432.47831707621; -0.0034960529178; -0.0422512369133
24434.23964745542; -0.00348112969278; -0.0423187598174
24436.00097783463; -0.00345767562998; -0.0424031574522
24437.76230821384; -0.00343231217168; -0.0424779639812
24439.52363859305; -0.00340670344611; -0.0425644769293
24441.28496897226; -0.0033746982977; -0.0426387057819
24443.04629935147; -0.00336771225857; -0.0427156721059
24444.80762973069; -0.00335295031656; -0.0428091213407
24446.5689601099; -0.00333314017448; -0.0428529423111
24448.33029048911; -0.00330308867843; -0.0429537462175
24450.09162086832; -0.00327148421561; -0.0430104311241
24451.85295124754; -0.00326755842139; -0.0430824670361
24453.61428162675; -0.00324635979081; -0.0431525424753
24455.37561200596; -0.00323075974872; -0.0432281136376
24457.13694238517; -0.00321208697324; -0.0433029595499
24458.89827276438; -0.00318440199215; -0.0434012114223
24460.65960314359; -0.00317437184036; -0.0434479942486
24462.4209335228; -0.00314223067393; -0.0435147879611
24464.18226390202; -0.00313327302157; -0.0435886218792
24465.94359428123; -0.00311644434519; -0.0436599758043
24467.70492466044; -0.00309568144332; -0.0437300178577
24469.46625503965; -0.00308085837796; -0.043794882381
24471.22758541886; -0.00306425617544; -0.0438648429744
24472.98891579808; -0.00304746527514; -0.0439300618958
24474.75024617729; -0.00303423222748; -0.0439956453508
24476.5115765565; -0.00300650159828; -0.0440603294771
24478.27290693571; -0.00299417785534; -0.0441335173689
24480.03423731493; -0.00297929326095; -0.0441890325292
24481.79556769413; -0.00296414886054; -0.0442609997162
24483.55689807335; -0.00293981979067; -0.0443231208537
24485.31822845256; -0.00293017294475; -0.0443919771801
24487.07955883177; -0.00292043207949; -0.0444591724209
24488.84088921098; -0.00290510597224; -0.0445220047751
24490.60221959019; -0.00288670557681; -0.044585180077
24492.36354996941; -0.00286489139857; -0.044641077906
24494.12488034862; -0.00285267129165; -0.0447097628914
24495.88621072783; -0.00283864867568; -0.0447720577168
24497.64754110704; -0.0028254261991; -0.0448389446663
24499.40887148625; -0.00281372183902; -0.0448734603386
24501.17020186547; -0.00279463422922; -0.044951313643
24502.93153224468; -0.0027839841587; -0.0450088973085
24504.69286262389; -0.00277035927897; -0.0450790205533
24506.4541930031; -0.002758603487; -0.0451359597692
24508.21552338231; -0.00273761446343; -0.0451852350255
24509.97685376152; -0.00273363847387; -0.0452507967047
24511.73818414074; -0.0027109960447; -0.0453027867186
24513.49951451995; -0.00270465712915; -0.045364784387
24515.26084489916; -0.00268526787195; -0.0454464281567
24517.02217527837; -0.00267591029086; -0.0454862994757
24518.78350565758; -0.00267362625077; -0.0455313452199
24520.5448360368; -0.0026568694515; -0.0455875800561
24522.306166416; -0.00262991706906; -0.0456511383069
24524.06749679522; -0.00262342297283; -0.0456943384778
24525.82882717443; -0.00261129220119; -0.0457502950492
24527.59015755364; -0.00260151550633; -0.0458139333417
24529.35148793285; -0.00258680662015; -0.0458634192706
24531.11281831207; -0.00257950898211; -0.0459172094717
24532.87414869128; -0.00256856436707; -0.0459730469511
24534.63547907049; -0.00255253940512; -0.0460291707338
24536.3968094497; -0.00254785823747; -0.0460836581258
24538.15813982891; -0.00252465733314; -0.0461345101107
24539.91947020813; -0.00252054140589; -0.0461839838247
24541.68080058734; -0.00250794474011; -0.0462374396975
24543.44213096655; -0.00250645340929; -0.0462875102958
24545.20346134576; -0.00248563918168; -0.0463464895442
24546.96479172497; -0.00248090709361; -0.0463911166965
24548.72612210418; -0.00246564815555; -0.0464377066045
24550.48745248339; -0.00246081608189; -0.0465024685858
24552.24878286261; -0.00244807838302; -0.0465496031821
24554.01011324182; -0.00243773238548; -0.0465821514185
24555.77144362103; -0.00243061085926; -0.0466440196732
24557.53277400024; -0.00241982090728; -0.0466975805814
24559.29410437946; -0.00239548364937; -0.0467417902618
24561.05543475867; -0.00239483130018; -0.0467917455364
24562.81676513788; -0.00237372462739; -0.0468392561112
24564.57809551709; -0.00237415724235; -0.0468837107708
24566.3394258963; -0.00236428282063; -0.0469464781545
24568.10075627551; -0.00235743968833; -0.0469778820753
24569.86208665472; -0.00234953095915; -0.0470345793582
24571.62341703394; -0.00233448426052; -0.0470953071781
24573.38474741315; -0.00233672019554; -0.0471239834409
24575.14607779236; -0.00231416368836; -0.0471667512892
24576.90740817157; -0.00230990974452; -0.0472186223637
24578.66873855078; -0.00229991245258; -0.047264020006
24580.43006893; -0.0022829454183; -0.0473103614452
24582.19139930921; -0.00228664200208; -0.0473537686993
24583.95272968842; -0.00227421535105; -0.0474101398978
24585.71406006763; -0.00226899102685; -0.0474372263757
24587.47539044685; -0.00225405522803; -0.0474902093516
24589.23672082605; -0.00223993772402; -0.0475318582791
24590.99805120527; -0.00224094203455; -0.0475850928658
24592.75938158448; -0.00223130051671; -0.0476315911299
24594.52071196369; -0.0022197752332; -0.0476597160351
24596.2820423429; -0.00220693017148; -0.0477138756304
24598.04337272211; -0.00221157382852; -0.0477680956858
24599.80470310133; -0.00218886233966; -0.0477987254244
24601.56603348054; -0.00219029499618; -0.0478498893762
24603.32736385975; -0.00217888061641; -0.0478831980204
24605.08869423896; -0.00217385916689; -0.0479278592527
24606.85002461817; -0.00217145957468; -0.0479677640998
24608.61135499739; -0.00215770488632; -0.0480088254673
24610.3726853766; -0.00214753580646; -0.0480511253598
24612.13401575581; -0.00214298141631; -0.0480899061693
24613.89534613502; -0.00213536581994; -0.0481420419998
24615.65667651423; -0.00212898971717; -0.0481732900394
24617.41800689344; -0.00211836379647; -0.0482217208898
24619.17933727266; -0.00211479664823; -0.0482545391568
24620.94066765187; -0.00210036158828; -0.0483018289148
24622.70199803108; -0.00209936247489; -0.0483434147322
24624.46332841029; -0.00209706727172; -0.0483859692901
24626.2246587895; -0.00208306701492; -0.0484151993029
24627.98598916872; -0.00207369778728; -0.048459020969
24629.74731954793; -0.00207255902405; -0.0484977398076
24631.50864992714; -0.00206660643642; -0.0485382273566
24633.26998030635; -0.00205732095268; -0.0485975353594
24635.03131068556; -0.00204537167187; -0.0486261334134
24636.79264106477; -0.0020441785844; -0.0486553953516
24638.55397144399; -0.00204428679064; -0.0486921099457
24640.3153018232; -0.00203245944626; -0.0487320442721
24642.07663220241; -0.00201968635304; -0.0487689439345
24643.83796258162; -0.00201356777349; -0.0488035448678
24645.59929296083; -0.0020154847381; -0.0488330732301
24647.36062334005; -0.00200204829814; -0.0488904836373
24649.12195371926; -0.00200037350585; -0.0489150851887
24650.88328409847; -0.00199783912671; -0.0489467822599
24652.64461447768; -0.00197764598861; -0.0489847129966
24654.40594485689; -0.00198294060428; -0.0490425974823
24656.1672752361; -0.00196997271126; -0.0490667956334
24657.92860561531; -0.00196941464519; -0.0491029024537
24659.68993599453; -0.00196842052242; -0.0491373187074
24661.45126637374; -0.00196221312291; -0.04916717998
24663.21259675295; -0.00195069558497; -0.0492179003124
24664.97392713216; -0.00194649633499; -0.0492546424918
24666.73525751138; -0.00194013200793; -0.0492835732744
24668.49658789059; -0.00193330034063; -0.0493105989509
24670.2579182698; -0.00192883868358; -0.0493534137341
24672.01924864901; -0.00192921840487; -0.0493905739193
24673.78057902822; -0.00192158633388; -0.049410214474
24675.54190940744; -0.00191296617136; -0.049452629345
24677.30323978664; -0.00189902422393; -0.0494892493003
24679.06457016586; -0.00190325028007; -0.0495232079112
24680.82590054507; -0.00189793760291; -0.0495528700685
24682.58723092428; -0.00189524092444; -0.0495890563167
24684.34856130349; -0.00188742352842; -0.0496201577849
24686.1098916827; -0.00188190607748; -0.0496573714955
24687.87122206192; -0.00187938162048; -0.0496873745078
24689.63255244113; -0.00186724255503; -0.0497252558782
24691.39388282034; -0.00187338883759; -0.0497659192555
24693.15521319955; -0.00186095501283; -0.0497963771315
24694.91654357876; -0.00184553732427; -0.0498183877919
24696.67787395797; -0.00183789197133; -0.0498459539362
24698.43920433719; -0.00187995393199; -0.049857700704
24700.2005347164; -0.00175661244012; -0.0500059099292
24701.96186509561; -0.00186452837547; -0.0499174233852
24703.72319547482; -0.00182789711866; -0.049999421317
24705.48452585403; -0.00182303867693; -0.0500151127914
24707.24585623325; -0.00182076348073; -0.0500483869895
24709.00718661246; -0.00182067377437; -0.0500811388337
24710.76851699167; -0.00181243853943; -0.0501099771198
24712.52984737088; -0.0018081392021; -0.0501417685913
24714.29117775009; -0.00180248905741; -0.0501755458852
24716.05250812931; -0.00179716716789; -0.0501981109194
24717.81383850852; -0.00178100185378; -0.0502240864149
24719.57516888773; -0.00179908641945; -0.0502625360345
24721.33649926694; -0.00178340391133; -0.0503083428076
24723.09782964615; -0.00178427624575; -0.0503470107601
24724.85916002536; -0.00177186811506; -0.0503592176633
