% Module: Sweep, ID: c0p1t8p1cfm0
% Devices: DEV646
% Time: 2025/12/08 15:00:20
% Demod 1 Sample X, /dev646/demods/0/sample.X
% Demod 1 Sample Y, /dev646/demods/0/sample.Y
% Frequency (Hz); Demod 1 Sample X  Amplitude (V); Demod 1 Sample Y  Amplitude (V)
24563.47359456698; -0.000148619535859; -0.0327959317918
24566.50593341668; -0.000148187923755; -0.0328060017671
24569.53864660594; -0.00014805170342; -0.0328111688104
24572.57173418089; -0.000148362334253; -0.0328212213805
24575.60519618779; -0.00015008110802; -0.0328300215121
24578.63903267286; -0.000149960030363; -0.0328385639829
24581.67324368238; -0.000150319099352; -0.0328465940882
24584.70782926249; -0.000150763662333; -0.03285631924
24587.74278945948; -0.000149570203473; -0.0328640661782
24590.77812431958; -0.00014958042085; -0.0328718123408
24593.81383388911; -0.000150217101583; -0.0328796057187
24596.84991821423; -0.00015093413739; -0.0328884940691
24599.88637734123; -0.000150720498638; -0.0328972623981
24602.9232113164; -0.000149878881355; -0.032906808572
24605.96042018606; -0.000151109340668; -0.0329142310461
24608.99800399639; -0.000150661916184; -0.0329231766869
24612.03596279373; -0.000149239426429; -0.0329321154623
24615.07429662435; -0.000150488762627; -0.0329416746836
24618.11300553463; -0.000151103297505; -0.0329489988728
24621.15208957075; -0.000151906643548; -0.0329583271107
24624.19154877908; -0.00015112093045; -0.0329661822
24627.23138320593; -0.000151460922934; -0.0329724826421
24630.27159289767; -0.000151803353453; -0.0329817877277
24633.31217790053; -0.000152495769984; -0.0329913329646
24636.35313826089; -0.000152492075624; -0.0329994459402
24639.39447402509; -0.000150839488342; -0.0330078698527
24642.43618523952; -0.000152025349709; -0.0330173710735
24645.47827195042; -0.000151392705419; -0.0330253457502
24648.52073420421; -0.000151989392579; -0.0330347009774
24651.56357204725; -0.000152273343261; -0.0330418625708
24654.60678552594; -0.000151803303452; -0.0330504787888
24657.65037468657; -0.000152453501379; -0.0330582146113
24660.69433957556; -0.000150649985398; -0.0330687413003
24663.73868023929; -0.000153968756001; -0.0330773929977
24666.78339672421; -0.000151462287338; -0.0330850632658
24669.8284890766; -0.000151931715138; -0.0330943403997
24672.87395734292; -0.000151506099812; -0.0331020822355
24675.91980156957; -0.000152604457233; -0.0331111235478
24678.96602180302; -0.000153053439663; -0.0331182538816
24682.01261808959; -0.000154180342416; -0.0331275065491
24685.05959047574; -0.000152931013602; -0.0331388226616
24688.10693900791; -0.000154351433636; -0.0331481207644
24691.15466373257; -0.000152840874465; -0.0331572535361
24694.20276469609; -0.0001536538638; -0.0331670350054
24697.25124194493; -0.00015371204771; -0.033175014714
24700.30009552557; -0.000154088596872; -0.0331855655036
24703.34932548451; -0.000155057899599; -0.0331938659099
24706.39893186811; -0.000152476891868; -0.033204742622
24709.44891472289; -0.00015417192968; -0.0332127872715
24712.49927409532; -0.00015527674881; -0.033222577215
24715.55001003195; -0.000153858131494; -0.0332315387432
24718.60112257914; -0.000152966083643; -0.0332385864427
24721.65261178345; -0.000154427574111; -0.0332511591261
24724.70447769138; -0.000155881502009; -0.0332604907239
24727.75672034947; -0.000156078203056; -0.0332696813167
24730.80933980414; -0.000156469265733; -0.0332801529133
24733.86233610195; -0.000154679025942; -0.0332872250347
24736.91570928943; -0.000155481389279; -0.0332983440246
24739.96945941314; -0.000155050574494; -0.0333088551078
24743.02358651952; -0.000155998596608; -0.0333165802062
24746.07809065517; -0.000156590583855; -0.0333247047684
24749.13297186662; -0.000156131106583; -0.033335393892
24752.18823020047; -0.00015714610358; -0.0333456078209
24755.24386570319; -0.000156080014005; -0.0333536674508
24758.29987842137; -0.000156607369711; -0.0333647802333
24761.35626840159; -0.000155992857449; -0.0333722244813
24764.41303569047; -0.00015660725971; -0.0333842473904
24767.47018033449; -0.000157812140426; -0.0333926594191
24770.52770238028; -0.000155672514862; -0.0334042541713
24773.58560187443; -0.000156736563869; -0.0334131695708
24776.64387886359; -0.000158271045844; -0.0334243614237
24779.70253339427; -0.000155857372663; -0.0334349949009
24782.7615655131; -0.000158055029519; -0.0334436652923
24785.82097526672; -0.000157709535495; -0.0334547332382
24788.88076270178; -0.000158245278475; -0.0334623958087
24791.94092786482; -0.000157233233443; -0.0334736820387
24795.00147080252; -0.00015811376213; -0.033484425754
24798.06239156149; -0.000158782938482; -0.0334929051918
24801.12369018845; -0.000159723428258; -0.0335053691943
24804.18536672994; -0.000160443465877; -0.033512635425
24807.24742123266; -0.000158853976115; -0.0335234914905
24810.30985374327; -0.000159432835327; -0.0335358195461
24813.37266430848; -0.000158012011519; -0.0335469632912
24816.43585297488; -0.000159314090858; -0.0335528317611
24819.49941978917; -0.000161966935386; -0.0335653293186
24822.56336479804; -0.000159646824546; -0.0335759400603
24825.62768804824; -0.000159634097286; -0.0335862514964
24828.69238958635; -0.000160274865924; -0.0335975864617
24831.75746945913; -0.000162049593185; -0.0336076319444
24834.82292771327; -0.000160636529565; -0.0336179919023
24837.88876439555; -0.000162399402041; -0.0336277541942
24840.95497955257; -0.000159574989132; -0.0336375998178
24844.02157323111; -0.000161380669068; -0.0336488551956
24847.0885454779; -0.00016255167176; -0.0336609910916
24850.15589633972; -0.000162691377761; -0.0336725074743
24853.22362586321; -0.000162346500514; -0.0336824764624
24856.29173409517; -0.000161596025459; -0.0336899222017
24859.36022108234; -0.000159397316972; -0.0337021888521
24862.42908687155; -0.000163760049757; -0.0337124968864
24865.49833150943; -0.000159721695233; -0.033721345024
24868.56795504282; -0.000163908069723; -0.03373279771
24871.6379575185; -0.000163059886192; -0.0337469407999
24874.70833898328; -0.000162430642027; -0.0337570076394
24877.77909948387; -0.000163255013755; -0.0337673963129
24880.85023906708; -0.000162949135606; -0.0337787222913
24883.92175777974; -0.00016330738589; -0.0337913359747
24886.99365566868; -0.000162117635852; -0.0338016543933
24890.06593278062; -0.000163457396423; -0.0338091503268
24893.13858916242; -0.000163876588349; -0.0338209104046
24896.2116248609; -0.00016408649097; -0.0338324358383
24899.28503992294; -0.000163331286771; -0.0338431962302
24902.35883439528; -0.000165345043917; -0.0338543855301
24905.43300832479; -0.00016514134823; -0.0338648842037
24908.50756175832; -0.000164789015262; -0.0338770722861
24911.58249474278; -0.000164783744494; -0.0338896851655
24914.65780732491; -0.000165431686388; -0.0339001163689
24917.73349955164; -0.000165984242994; -0.0339124470407
24920.80957146981; -0.000164594626863; -0.0339245024474
24923.88602312637; -0.000165733402094; -0.0339362191098
24926.96285456808; -0.000166087257392; -0.0339483008999
24930.04006584188; -0.000164508619169; -0.033959190102
24933.11765699466; -0.000166490038852; -0.0339727456324
24936.19562807337; -0.00016572058591; -0.0339835732701
24939.2739791248; -0.000165269400526; -0.0339949739177
24942.35271019592; -0.000165902340051; -0.034005383736
24945.43182133369; -0.000165633464201; -0.0340158693033
24948.51131258492; -0.000165707749726; -0.0340298185293
24951.5911839966; -0.000165181985197; -0.0340408519673
24954.67143561564; -0.000168717336133; -0.0340512239426
24957.75206748904; -0.000167143906754; -0.0340621258495
24960.83307966365; -0.00016628563031; -0.0340743701533
24963.91447218645; -0.000167802275029; -0.0340842434655
24966.9962451044; -0.000166464924108; -0.0340975798739
24970.07839846452; -0.00016743518908; -0.0341094953857
24973.16093231365; -0.000167799058137; -0.0341199764104
24976.24384669884; -0.00016842706813; -0.0341349857696
24979.32714166705; -0.000166555125861; -0.0341479785121
24982.41081726532; -0.000167918462231; -0.0341570862888
24985.49487354053; -0.000167857195354; -0.0341718076303
24988.57931053974; -0.000169174687836; -0.034183689007
24991.66412830992; -0.000169255867307; -0.0341932744358
24994.74932689816; -0.000169052612781; -0.0342076665199
24997.83490635136; -0.000167599464048; -0.0342220000924
25000.92086671657; -0.000169919932586; -0.0342334181179
25004.00720804084; -0.000169919575658; -0.0342455312862
25007.09393037123; -0.000168950675398; -0.0342599475095
25010.18103375468; -0.000168778471624; -0.0342708298596
25013.26851823828; -0.000170802105527; -0.0342842888414
25016.35638386909; -0.000169080597104; -0.0342968214001
25019.44463069419; -0.000170806645899; -0.034308488626
25022.53325876056; -0.000169792299681; -0.034323231641
25025.62226811529; -0.00017127912805; -0.0343352814403
25028.71165880547; -0.00017136916734; -0.0343488786332
25031.80143087822; -0.000171113894915; -0.034360059039
25034.89158438052; -0.000172124447386; -0.0343747746977
25037.9821193595; -0.000170847620409; -0.0343858541849
25041.07303586226; -0.000172663310411; -0.034397872126
25044.16433393595; -0.000171279886676; -0.0344111025667
25047.25601362758; -0.000172323351619; -0.0344275081997
25050.34807498429; -0.000172098948714; -0.0344392243022
25053.44051805322; -0.000171688302371; -0.0344524429006
25056.53334288152; -0.000171114455769; -0.0344666400788
25059.62654951624; -0.000172405411102; -0.0344798791429
25062.72013800455; -0.00017243085739; -0.0344918268114
25065.81410839359; -0.000172071888941; -0.0345080730376
25068.90846073056; -0.000173300059376; -0.0345210803519
25072.00319506251; -0.000174396239689; -0.034534710576
25075.09831143665; -0.000171185142089; -0.0345481848218
25078.19380990013; -0.000174435620638; -0.034561932314
25081.28969050018; -0.000174192879931; -0.034575475992
25084.38595328387; -0.000174656317029; -0.0345900791328
25087.48259829844; -0.000173154535215; -0.0346046874094
25090.57962559106; -0.000174394111889; -0.0346202305118
25093.67703520898; -0.000173463159327; -0.0346326533101
25096.7748271993; -0.000173902078997; -0.0346484490686
25099.87300160927; -0.000174235969086; -0.034662512959
25102.9715584861; -0.000176281079527; -0.0346749905913
25106.07049787706; -0.000175995084201; -0.0346911281328
25109.16981982926; -0.000177054146137; -0.0347032809938
25112.26952438999; -0.00017486440047; -0.0347183408338
25115.36961160647; -0.000176626051314; -0.0347337974524
25118.470081526; -0.000175399223976; -0.0347475541387
25121.57093419572; -0.000178265500561; -0.0347626778652
25124.67216966292; -0.00017709686721; -0.0347764807817
25127.77378797487; -0.000176284832196; -0.0347913992035
25130.87578917888; -0.000176220312119; -0.0348067521076
25133.97817332211; -0.000176160788189; -0.0348223851887
25137.08094045189; -0.000177850337154; -0.0348349954866
25140.1840906155; -0.000177326492344; -0.034851645799
25143.28762386027; -0.000176412663566; -0.0348662503821
25146.3915402334; -0.000177761806271; -0.0348795270735
25149.49583978222; -0.000177788438267; -0.0348948974609
25152.60052255405; -0.000179334995954; -0.0349119625649
25155.70558859624; -0.000179039784111; -0.0349274761792
25158.81103795601; -0.000179712542283; -0.0349406683214
25161.91687068072; -0.000178308900798; -0.0349551213352
25165.02308681771; -0.000178809942204; -0.0349706792855
25168.12968641435; -0.000177665056193; -0.0349889010605
25171.23666951788; -0.000177524703414; -0.0350032024809
25174.3440361757; -0.000178952527938; -0.0350175892844
25177.45178643515; -0.000179523710041; -0.0350342511162
25180.55992034365; -0.000179126868204; -0.0350514112781
25183.66843794844; -0.000180177385248; -0.03506754554
25186.77733929695; -0.000178105102571; -0.0350806548565
25189.88662443656; -0.000178819490725; -0.0350982770848
25192.99629341469; -0.000180144776858; -0.0351124174676
25196.10634627862; -0.000181514005697; -0.0351294425154
25199.21678307579; -0.000180832414936; -0.0351446784308
25202.32760385361; -0.000181792599071; -0.0351629597197
25205.43880865952; -0.000181796656437; -0.0351780650264
25208.55039754082; -0.000182347067857; -0.0351942575228
25211.662370545; -0.000180431921431; -0.0352141277437
25214.77472771946; -0.000180451546251; -0.0352256219342
25217.88746911168; -0.000180488345239; -0.0352420457711
25221.00059476899; -0.000181167594428; -0.0352611387069
25224.11410473888; -0.000182413543348; -0.0352765462137
25227.22799906879; -0.00018260044064; -0.0352945940301
25230.34227780623; -0.000182196435777; -0.0353118598587
25233.45694099853; -0.000183320599568; -0.0353289857833
25236.57198869322; -0.000183160552738; -0.0353467510672
25239.68742093777; -0.000181740992409; -0.0353626482282
25242.80323777969; -0.000183279572365; -0.0353813568339
25245.91943926636; -0.000184492790509; -0.035396944976
25249.03602544532; -0.000183684071081; -0.0354146604084
25252.15299636406; -0.000181584394551; -0.0354302014258
25255.27035207012; -0.00018300814994; -0.0354484074234
25258.3880926109; -0.000183892342064; -0.0354667661127
25261.50621803397; -0.000184376850617; -0.0354829672852
25264.62472838683; -0.000185271620739; -0.0355009552912
25267.74362371705; -0.000184495289314; -0.0355196799296
25270.86290407207; -0.00018526846254; -0.035536282874
25273.98256949945; -0.000185068457983; -0.0355566273128
25277.10262004674; -0.00018388155314; -0.0355727698429
25280.22305576154; -0.000186201006279; -0.0355911606108
25283.34387669128; -0.000185675454137; -0.0356104404013
25286.46508288357; -0.000184977586605; -0.035624818673
25289.58667438597; -0.000184470741424; -0.0356443141378
25292.70865124611; -0.000186317915645; -0.0356652206694
25295.83101351145; -0.000186649924246; -0.0356845424611
25298.95376122962; -0.000186059536638; -0.0357024147974
25302.0768944482; -0.000185520633228; -0.0357205712693
25305.20041321483; -0.000185156104315; -0.0357397755189
25308.32431757701; -0.000185787840208; -0.0357605672715
25311.4486075824; -0.000186903139257; -0.0357790954299
25314.57328327859; -0.000187402608717; -0.035797396514
25317.69834471325; -0.000187086315957; -0.035817820989
25320.8237919339; -0.000187421723376; -0.0358373033026
25323.94962498821; -0.000187257877106; -0.0358551007845
25327.07584392387; -0.000187713852636; -0.0358733079449
25330.20244878841; -0.000187673947295; -0.0358945056855
25333.32943962953; -0.000187690907923; -0.0359137953789
25336.45681649487; -0.000188859587582; -0.0359347822179
25339.58457943214; -0.000188908471128; -0.0359547823003
25342.71272848889; -0.00018799965596; -0.0359744639213
25345.84126371285; -0.000190359570524; -0.0359974895311
25348.97018515168; -0.000188792309465; -0.0360147192792
25352.09949285312; -0.000190082253091; -0.036036330345
25355.22918686474; -0.000188056049998; -0.0360561705357
25358.3592672343; -0.000189850812392; -0.0360781568175
25361.48973400947; -0.000189329228615; -0.0360985450869
25364.62058723802; -0.000190633944454; -0.0361185668348
25367.75182696755; -0.000189288291183; -0.0361385236426
25370.88345324582; -0.000188954016088; -0.0361589778371
25374.01546612056; -0.000188627826494; -0.0361810803698
25377.14786563954; -0.000191286637416; -0.0362025968353
25380.28065185039; -0.000190555102017; -0.0362245398883
25383.41382480089; -0.00019099746589; -0.0362457410627
25386.54738453879; -0.000192283162917; -0.0362693650607
25389.68133111189; -0.000189984154456; -0.0362819356168
25392.81566456784; -0.000192463667502; -0.0363028306629
25395.95038495445; -0.000191777111824; -0.0363210636618
25399.08549231949; -0.00019030288802; -0.0363583198966
25402.22098671079; -0.000190888752179; -0.0363779402455
25405.35686817601; -0.000191527508788; -0.0364010355743
25408.49313676299; -0.000190697630289; -0.0364223267399
25411.62979251953; -0.000192192916317; -0.0364340240452
25414.76683549346; -0.000190878982886; -0.0364613242803
25417.9042657325; -0.000192605752537; -0.036493038623
25421.04208328449; -0.000192442248273; -0.0365154642064
25424.18028819725; -0.000191422690057; -0.0365379997881
25427.31888051865; -0.000192228074513; -0.0365613598904
25430.45786029642; -0.000193475596994; -0.0365844228273
25433.59722757844; -0.000193604496994; -0.0366120727719
25436.73698241253; -0.000193145596191; -0.0366352123385
25439.87712484661; -0.000193521219186; -0.0366600323456
25443.01765492841; -0.000194274080506; -0.0366818781156
25446.15857270584; -0.000192543457337; -0.036709358763
25449.29987822676; -0.000193974175595; -0.0367350912741
25452.4415715391; -0.000194088216921; -0.0367601574661
25455.5836526906; -0.000196064608378; -0.036784053646
25458.72612172922; -0.000195067466637; -0.036809184985
25461.86897870283; -0.000194659291099; -0.0368339837593
25465.01222365937; -0.000194982964811; -0.0368618446193
25468.15585664665; -0.000194638812036; -0.036888364427
25471.2998777126; -0.000194030769867; -0.0369147740154
25474.44428690514; -0.000195033384841; -0.0369419081133
25477.58908427224; -0.000195261231719; -0.0369695459499
25480.73426986171; -0.000195840560246; -0.0369937547392
25483.87984372152; -0.000195490333923; -0.0370219640259
25487.02580589962; -0.000196219401748; -0.0370483866001
25490.17215644399; -0.000196799020203; -0.0370775829909
25493.31889540246; -0.00019529247709; -0.0371043084668
25496.46602282305; -0.000196925405089; -0.037132483948
25499.6135387537; -0.000196830723657; -0.0371610684293
25502.76144324243; -0.000198293509528; -0.0371904945509
25505.9097363371; -0.000198515814788; -0.0372200264237
25509.05841808574; -0.000198490034188; -0.0372477950834
25512.20748853633; -0.000197867288039; -0.0372764934124
25515.3569477369; -0.000198273220391; -0.037305595166
25518.50679573533; -0.000199160229632; -0.0373346680519
25521.65703257969; -0.000198312818189; -0.0373664729921
25524.80765831797; -0.000199315698397; -0.0373966415236
25527.95867299824; -0.000200265593; -0.0374279260524
25531.11007666839; -0.000199173725287; -0.0374572785125
25534.26186937651; -0.000200994163972; -0.0374879828719
25537.41405117062; -0.000199766061154; -0.0375185678235
25540.5666220988; -0.000199972323723; -0.0375516328087
25543.719582209; -0.000200402589962; -0.0375805821712
25546.8729315493; -0.000200936083909; -0.0376136933137
25550.02667016776; -0.000203223574514; -0.0376444875466
25553.18079811248; -0.000201972939758; -0.0376766878525
25556.33531543142; -0.000200874028713; -0.0377083157131
25559.49022217271; -0.000202687272449; -0.0377423506308
25562.64551838442; -0.000201486666948; -0.0377726507768
25565.80120411466; -0.000202859460992; -0.0378051916825
25568.95727941145; -0.000203582890967; -0.0378393428034
25572.1137443229; -0.000203014089206; -0.0378716663327
25575.27059889712; -0.000204322138169; -0.0379040436362
25578.42784318227; -0.000203609018034; -0.0379405197716
25581.58547722636; -0.000202128858683; -0.0379748275771
25584.74350107754; -0.000203501737882; -0.038008918269
25587.90191478394; -0.000205132530543; -0.03804304518
25591.06071839374; -0.000205186484701; -0.0380782488494
25594.21991195497; -0.000206849312744; -0.0381157543467
25597.37949551582; -0.000205881028724; -0.0381506949668
25600.53946912443; -0.000205745084239; -0.0381859826116
25603.69983282901; -0.00020625742296; -0.0382245134015
25606.86058667762; -0.000206604859705; -0.038262142177
25610.02173071846; -0.000205914035966; -0.0382986071792
25613.1832649997; -0.00020747957277; -0.0383371954382
25616.34518956958; -0.000208579930528; -0.0383734411358
25619.50750447617; -0.000206539630309; -0.0384115684444
25622.6702097677; -0.000207564547141; -0.0384496698355
25625.83330549238; -0.000207147466322; -0.0384883602822
25628.99679169844; -0.000209169182889; -0.0385274822673
25632.160668434; -0.000209170933145; -0.0385679248204
25635.3249357473; -0.000210085632859; -0.0386059925217
25638.48959368658; -0.000209926566274; -0.038645947858
25641.65464230011; -0.000210209795638; -0.0386877644178
25644.820081636; -0.000211431039588; -0.0387285113076
25647.98591174255; -0.000209938395905; -0.0387700966336
25651.15213266799; -0.000211734882555; -0.0388117536796
25654.31874446063; -0.000211808235067; -0.0388528463774
25657.48574716861; -0.000211865457732; -0.0388977693137
25660.65314084024; -0.000211458678676; -0.0389405281292
25663.82092552379; -0.000213532864149; -0.0389840633935
25666.98910126758; -0.000212843608509; -0.0390278192478
25670.15766811978; -0.000213220043823; -0.0390738309912
25673.32662612872; -0.000213726812696; -0.0391193762601
25676.4959753427; -0.000212494589973; -0.039166262322
25679.66571581005; -0.000214538315086; -0.0392111819619
25682.83584757898; -0.000215477294917; -0.0392591493982
25686.00637069783; -0.000215926386041; -0.0393066679999
25689.17728521494; -0.000214598552718; -0.0393532752637
25692.34859117865; -0.000215817201093; -0.0394015354665
25695.5202886372; -0.000215803664053; -0.0394488337501
25698.69237763897; -0.000215946603715; -0.0394992003299
25701.86485823228; -0.000217888701989; -0.0395491920486
25705.03773046554; -0.000218783410725; -0.0395960766549
25708.21099438699; -0.000218255728475; -0.0396469875586
25711.38465004503; -0.000219079301885; -0.0396958124057
25714.55869748808; -0.000218811102352; -0.0397483876434
25717.73313676439; -0.000217706776076; -0.0398020085272
25720.90796792239; -0.000219478390908; -0.0398536395846
25724.08319101046; -0.000219324296086; -0.0399062602553
25727.25880607704; -0.000220237777552; -0.0399595074006
25730.4348131704; -0.00022085001755; -0.0400120507719
25733.61121233899; -0.000221721313412; -0.0400670122996
25736.78800363123; -0.000220986567198; -0.0401219958616
25739.96518709556; -0.000222056617522; -0.0401780348823
25743.14276278029; -0.000224490585762; -0.0402332889363
25746.3207307339; -0.000221232111176; -0.0402916570303
25749.49909100482; -0.000223260069294; -0.0403489996525
25752.67784364152; -0.000224115100462; -0.0404068804268
25755.85698869234; -0.000224043310665; -0.0404664012263
25759.03652620577; -0.000224180927943; -0.0405251168272
25762.21645623026; -0.000224896716117; -0.0405884854127
25765.39677881433; -0.000226305746141; -0.040650758454
25768.57749400632; -0.00022600735133; -0.040713975369
25771.75860185476; -0.000226278029898; -0.0407785413792
25774.94010240811; -0.000227372189106; -0.0408429109505
25778.12199571492; -0.000229284474952; -0.0409098520838
25781.30428182356; -0.000228511704193; -0.0409755917215
25784.48696078257; -0.000229461706413; -0.0410428962715
25787.67003264045; -0.000230460801413; -0.041111835095
25790.85349744576; -0.000230978557597; -0.0411819788287
25794.0373552469; -0.000231350644464; -0.0412526979899
25797.22160609244; -0.000232134221378; -0.0413238154246
25800.4062500309; -0.000233677988024; -0.0413952627751
25803.59128711086; -0.000234312846115; -0.0414676284481
25806.77671738075; -0.000234177641794; -0.041541064431
25809.96254088915; -0.000234484651653; -0.0416181609118
25813.14875768462; -0.000236636629701; -0.0416952305831
25816.33536781575; -0.00023602788106; -0.0417706073477
25819.522371331; -0.000238221654476; -0.041848916574
25822.70976827899; -0.000238457296543; -0.0419261075464
25825.89755870828; -0.000239648509448; -0.0420068297945
25829.0857426675; -0.000239866999731; -0.0420891303223
25832.27432020512; -0.000240927646766; -0.0421702924819
25835.4632913698; -0.000242890537953; -0.0422532022941
25838.65265621011; -0.000244621663975; -0.0423371503179
25841.84241477471; -0.000243137746109; -0.0424241159997
25845.0325671121; -0.000246834282584; -0.0425094022683
25848.22311327094; -0.000244266735815; -0.0425988056405
25851.41405329985; -0.000248362926398; -0.0426921053723
25854.60538724751; -0.000246976163923; -0.0427853924902
25857.79711516244; -0.000247529957546; -0.0428774923479
25860.98923709332; -0.000250966332988; -0.0429730654297
25864.18175308881; -0.000251583183437; -0.0430699979869
25867.37466319759; -0.000253233343837; -0.0431658778415
25870.56796746821; -0.000252574893639; -0.0432646674223
25873.7616659494; -0.000253480078448; -0.0433674514239
25876.9557586898; -0.000255443264716; -0.0434700388511
25880.15024573815; -0.000256756308365; -0.0435760795492
25883.34512714302; -0.000258370425634; -0.0436771877103
25886.54040295313; -0.00025815941692; -0.0437850379048
25889.73607321719; -0.000261050872097; -0.04389465819
25892.93213798394; -0.00026057574537; -0.0440053364061
25896.12859730198; -0.000262642651354; -0.0441195590316
25899.32545122005; -0.000263725594631; -0.0442311654528
25902.52269978689; -0.000265830948396; -0.0443500991598
25905.72034305126; -0.000267743419015; -0.0444671588631
25908.91838106177; -0.000267369933974; -0.0445881428844
25912.11681386721; -0.00027033000898; -0.0447124725516
25915.31564151633; -0.00027032512914; -0.0448406053329
25918.51486405791; -0.000273034861868; -0.044971181234
25921.7144815406; -0.000275678571113; -0.0451034390304
25924.91449401321; -0.000277954843479; -0.0452397705577
25928.1149015245; -0.000279566788102; -0.045378276731
25931.31570412328; -0.000280672858018; -0.0455163602927
25934.51690185823; -0.000282501707132; -0.0456571779359
25937.71849477818; -0.000285245358345; -0.0458018927511
25940.92048293191; -0.000285430786155; -0.0459508526704
25944.12286636827; -0.000287741131856; -0.046099868507
25947.32564513594; -0.000290728650562; -0.046254692856
25950.52881928379; -0.000292659774755; -0.0464112568869
25953.73238886063; -0.000295472237954; -0.0465727423213
25956.93635391532; -0.000297274618689; -0.0467338568771
25960.14071449657; -0.000300758226037; -0.04690013963
25963.34547065328; -0.000302301609601; -0.047070245962
25966.55062243426; -0.000304609267725; -0.0472437391905
25969.75616988842; -0.000308261862109; -0.0474216403661
25972.9621130645; -0.000311476755149; -0.0476030919901
25976.16845201138; -0.00031312843534; -0.0477890078827
25979.37518677795; -0.000315993001132; -0.047980715371
25982.58231741311; -0.00031978829379; -0.0481750467397
25985.78984396563; -0.000322237441094; -0.0483733006885
25988.99776648443; -0.000325796197981; -0.048576849127
25992.2060850184; -0.000329326542384; -0.0487867515758
25995.41479961647; -0.000333658592498; -0.0490024309479
25998.62391032744; -0.000336611189935; -0.0492271634106
26001.83341720025; -0.000342332897565; -0.049455011783
26005.04332028382; -0.000345640511009; -0.0496872380508
26008.25361962711; -0.000348963412134; -0.0499282653051
26011.46431527893; -0.000353781637826; -0.0501727262
26014.67540728825; -0.000359228798909; -0.0504274448455
26017.88689570402; -0.000364390470366; -0.0506841982435
26021.0987805752; -0.000369609593876; -0.0509487573362
26024.31106195066; -0.000374920874706; -0.051221898826
26027.52373987937; -0.000379607647901; -0.0515026086658
26030.7368144103; -0.000385399173377; -0.051793207482
26033.95028559246; -0.000392165221733; -0.0520923379502
26037.16415347471; -0.000398197734276; -0.0524004326478
26040.37841810608; -0.000405996409419; -0.0527184283361
26043.59307953555; -0.000413188195256; -0.0530433661608
26046.80813781214; -0.000420596271574; -0.0533839012973
26050.02359298475; -0.000426603177366; -0.0537347236233
26053.23944510243; -0.000435936206098; -0.0540929349401
26056.45569421417; -0.00044448344273; -0.0544629505674
26059.67234036905; -0.000453307680791; -0.0548465188469
26062.88938361596; -0.000462463931452; -0.0552376861206
26066.10682400399; -0.000473559913815; -0.0556484113004
26069.32466158215; -0.00048273806079; -0.05606939037
26072.54289639954; -0.000494466481902; -0.0565097694665
26075.76152850509; -0.000506126296723; -0.0569626872682
26078.98055794789; -0.000518822050611; -0.0574346048589
26082.19998477699; -0.000532395545453; -0.0579238899996
26085.41980904152; -0.000546490635303; -0.0584293370183
26088.64003079041; -0.000562403962884; -0.058954107347
26091.8606500728; -0.000576006931071; -0.0595013366771
26095.08166693776; -0.000592815453395; -0.0600762522399
26098.30308143443; -0.000611274427277; -0.0606692928918
26101.52489361179; -0.000631665574982; -0.0612894033433
26104.74710351897; -0.000652310372243; -0.0619361509805
26107.96971120514; -0.000674682861631; -0.0626167848557
26111.19271671929; -0.000698043205473; -0.0633345611485
26114.4161201106; -0.000724680482473; -0.0640815082516
26117.63992142816; -0.000750747293765; -0.0648596516073
26120.86412072117; -0.000782450728316; -0.0656738165199
26124.08871803865; -0.000812584174768; -0.0665282608389
26127.31371342978; -0.00084705192829; -0.0674248010015
26130.53910694371; -0.000883498314224; -0.0683694106163
26133.76489862964; -0.000924875561078; -0.0693635390633
26136.99108853662; -0.000968010317871; -0.070410529767
26140.21767671385; -0.00101487640487; -0.0715195151943
26143.44466321051; -0.00106758166087; -0.0727014971392
26146.67204807582; -0.00112403748897; -0.0739516339213
26149.89983135885; -0.00118711331156; -0.0752806323459
26153.12801310884; -0.00125588296615; -0.0767005516869
26156.35659337498; -0.00133336723492; -0.0782195181836
26159.58557220652; -0.00141900147295; -0.0798339142047
26162.81494965256; -0.00151344627684; -0.0815627781878
26166.04472576235; -0.00161821502458; -0.0834225437278
26169.27490058512; -0.00173782530708; -0.0854248385784
26172.50547417014; -0.00187038491426; -0.0876034072513
26175.73644656652; -0.00202336175967; -0.0899752983606
26178.96781782355; -0.00219788054596; -0.0925783685256
26182.19958799048; -0.00240034108816; -0.0954066148647
26185.4317571166; -0.00262875650644; -0.0985161847332
26188.66432525105; -0.0028955510691; -0.101929947352
26191.89729244314; -0.00320779882106; -0.105694078327
26195.13065874215; -0.00357466377847; -0.10990152349
26198.36442419739; -0.0040152613591; -0.114649765815
26201.59858885803; -0.00454414956671; -0.119984990593
26204.8331527734; -0.00518548854499; -0.126038624077
26208.0681159928; -0.005978564821; -0.133003770191
26211.30347856556; -0.00697476644313; -0.141090881242
26214.53924054089; -0.00824286638262; -0.150550002025
26217.77540196815; -0.00991160720144; -0.161904561061
26221.01196289663; -0.0121379259664; -0.175608158275
26224.24892337572; -0.0152042647567; -0.192476312243
26227.48628345464; -0.0196245076379; -0.213916230537
26230.72404318276; -0.0263248152474; -0.242059644083
26233.96220260942; -0.0369073748554; -0.27962322712
26237.20076178403; -0.055430688027; -0.333282124452
26240.43972075581; -0.0915688783297; -0.41420546265
26243.67907957418; -0.176779520789; -0.546836222088
26246.91883828851; -0.436026777758; -0.752658793706
26250.1589969482; -0.939101044096; -0.411814758498
26253.39955560253; -0.782704714308; 0.612752569609
26256.64051430092; -0.320554542266; 0.619520296515
26259.88187309277; -0.142810291202; 0.430320219133
26263.12363202752; -0.0791356249518; 0.318175166618
26266.36579115445; -0.0501712567303; 0.24840885237
26269.60835052303; -0.0346844380622; 0.201440252965
26272.85131018266; -0.025396904571; 0.167594226402
26276.09467018283; -0.019411659965; 0.142124132138
26279.33843057282; -0.0153534795203; 0.122426074437
26282.58259140213; -0.0124689345029; 0.106665881911
26285.82715272021; -0.0103366288827; 0.093767180904
26289.07211457652; -0.00872389243027; 0.0830494385
26292.31747702042; -0.00747290978469; 0.0739992250321
26295.56324010141; -0.00648086653096; 0.0662571030029
26298.80940386896; -0.00568820441333; 0.0595709855411
26302.05596837257; -0.00503621233111; 0.0537504002809
26305.30293366161; -0.00449632358327; 0.0485789153941
26308.55029978561; -0.00404287327044; 0.0439797987294
26311.79806679406; -0.00366114681558; 0.0398888093168
26315.04623473649; -0.00333594391309; 0.0362163224895
26318.2948036623; -0.00305545174436; 0.0328804554681
26321.54377362104; -0.00281249054408; 0.0298742722859
26324.79314466221; -0.00259931883964; 0.0271255624674
26328.04291683539; -0.00241279050037; 0.0245739911177
26331.29309018998; -0.00224851979145; 0.0222544333126
26334.54366477556; -0.00210447262407; 0.0201229337534
26337.79464064167; -0.00197265744917; 0.0181623209696
26341.0460178379; -0.00185931100137; 0.0163393498524
26344.29779641368; -0.0017553288682; 0.0146391728654
26347.54997641862; -0.00166111417469; 0.0130640037453
26350.80255790228; -0.00157743022044; 0.0115943989489
26354.05554091426; -0.00150199609294; 0.0102142779744
26357.30892550403; -0.00143109159601; 0.00891786757458
26360.56271172122; -0.00136722854145; 0.00769470154888
26363.81689961541; -0.00130568269577; 0.00654227529421
26367.07148923624; -0.00125422836907; 0.00545487518992
26370.32648063319; -0.00120323652922; 0.00442440078968
26373.58187385592; -0.0011603207871; 0.00344936507705
26376.83766895403; -0.00111622234505; 0.00251806001989
26380.0938659772; -0.0010749306465; 0.00163280658846
26383.35046497491; -0.00103864142812; 0.00079180823609
26386.60746599686; -0.00100462357666; -8.37243089821e-06
26389.86486909268; -0.000970766744267; -0.000772184258909
26393.12267431205; -0.000942965217902; -0.00150127789943
26396.3808817045; -0.00091333387341; -0.00219581233388
26399.63949131974; -0.00088880965767; -0.00285536138663
26402.89850320743; -0.000863615307795; -0.00349086133168
26406.15791741728; -0.000841832730778; -0.004105291486
26409.41773399883; -0.000818567466067; -0.00469710893733
26412.67795300184; -0.000799386987315; -0.00526359687393
26415.93857447596; -0.000780019692656; -0.00581333052644
26419.19959847094; -0.000760606023717; -0.00633685346837
26422.46102503636; -0.00074251328608; -0.00684020256848
26425.72285422198; -0.000726744449722; -0.00732607546116
26428.98508607749; -0.000712087264361; -0.00779201576417
26432.24772065266; -0.000697309004189; -0.00824473370982
26435.5107579971; -0.000683016180969; -0.00867903737085
26438.77419816058; -0.000670561292992; -0.00909741682744
26442.03804119283; -0.000658042316867; -0.00950237462384
26445.30228714364; -0.000644787942287; -0.00989261122695
26448.56693606264; -0.000633630189117; -0.0102705695511
26451.83198799963; -0.000623397029879; -0.010637481045
26455.09744300436; -0.000614966459302; -0.0109925449876
26458.36330112664; -0.000601590406057; -0.0113355348601
26461.62956241614; -0.000593569928814; -0.0116709931287
26464.89622692266; -0.000587255692545; -0.011995004785
26468.16329469601; -0.000576887311832; -0.0123076291509
26471.430765786; -0.000568335480057; -0.0126125602256
26474.69864024232; -0.000560679667037; -0.0129062898777
26477.96691811482; -0.000552623281126; -0.0131959675751
26481.2355994533; -0.00054575962745; -0.013477190862
26484.50468430763; -0.000539085847801; -0.0137522264589
26487.7741727275; -0.000530837288369; -0.0140176781115
26491.04406476279; -0.000526479568425; -0.0142746906951
26494.31436046333; -0.00051823690477; -0.0145230186211
26497.58505987901; -0.000513016451394; -0.0147688114034
26500.85616305955; -0.00050804367672; -0.015009190439
26504.12767005485; -0.000500707762742; -0.0152392811381
26507.39958091482; -0.000496831304998; -0.015463765189
26510.6718956892; -0.000489712181586; -0.0156834610707
26513.94461442792; -0.000486050013834; -0.0158966645353
26517.21773718084; -0.000482322638302; -0.0161118623386
26520.49126399789; -0.00047965332223; -0.0163186428837
26523.76519492884; -0.000473039756212; -0.0165166148378
26527.03953002364; -0.000469320226561; -0.016710756309
26530.31426933218; -0.000463878690635; -0.0169006622903
26533.58941290441; -0.000459343651229; -0.0170858999015
26536.86496079014; -0.000457841589257; -0.0172683359716
26540.14091303932; -0.000453739969135; -0.0174446681923
26543.41726970187; -0.000448955571004; -0.0176174402157
26546.69403082778; -0.000446374546042; -0.0177864706312
26549.97119646687; -0.000442981322911; -0.0179534129451
26553.24876666913; -0.000440257417826; -0.0181152469818
26556.52674148449; -0.000437420082194; -0.0182743226778
26559.80512096297; -0.000435658821895; -0.0184315523593
26563.08390515441; -0.000430086633867; -0.0185819596385
26566.36309410883; -0.000428050600402; -0.0187320201349
26569.64268787619; -0.00042521031142; -0.0188777631522
26572.92268650652; -0.000422551072184; -0.0190213121606
26576.2030900497; -0.000420708257947; -0.0191615773285
26579.48389855576; -0.000418005685476; -0.0192987216248
26582.7651120747; -0.000415241654893; -0.0194339442873
26586.04673065657; -0.000412722700436; -0.0195682678778
26589.32875435126; -0.000411112993461; -0.0196988821778
26592.61118320884; -0.000408722982311; -0.0198280065371
26595.89401727933; -0.000406368014817; -0.0199545990535
26599.1772566128; -0.000403542329121; -0.0200784553789
26602.46090125918; -0.000404032400062; -0.0202023547743
26605.74495126855; -0.000400714524241; -0.020320131644
26609.02940669096; -0.00039866733177; -0.0204386573647
26612.31426757651; -0.00039675111179; -0.0205552625762
26615.59953397514; -0.000393507993423; -0.0206658649337
26618.88520593698; -0.000393038585855; -0.0207788860141
26622.17128351208; -0.000389233907524; -0.0208862244581
26625.45776675057; -0.00039049956211; -0.0209938588274
26628.74465570242; -0.000385923453193; -0.0211020387417
26632.03195041778; -0.000384698865194; -0.0212060374849
26635.31965094673; -0.000384045268604; -0.0213080139786
26638.60775733942; -0.000383707439151; -0.0214102901669
26641.89626964585; -0.000381226941628; -0.0215091059472
26645.18518791619; -0.000380473541839; -0.0216071468496
26648.47451220054; -0.000377801018182; -0.0217051614013
26651.7642425491; -0.000378899203986; -0.0217991825558
26655.05437901186; -0.000375517749331; -0.0218920393612
26658.34492163904; -0.000374940616297; -0.0219828867978
26661.63587048075; -0.000372814753238; -0.0220720493189
26664.92722558721; -0.000372274682504; -0.0221618317307
26668.21898700847; -0.000370379614442; -0.022249515002
26671.51115479472; -0.000369781320643; -0.0223366381476
26674.80372899615; -0.000368147144702; -0.022422724127
26678.09670966297; -0.000367443425625; -0.022508098988
26681.39009684525; -0.000366245267082; -0.0225904224597
26684.68389059324; -0.000366565215279; -0.0226719480097
26687.97809095712; -0.000364672535405; -0.022751209804
26691.27269798714; -0.000363767030284; -0.0228318125992
26694.56771173341; -0.000361594171706; -0.0229084305603
26697.86313224617; -0.000361273154263; -0.022985694477
26701.15895957564; -0.000359629568341; -0.0230624836144
26704.45519377211; -0.000358368603976; -0.0231367497309
26707.75183488569; -0.000358655943629; -0.023208917875
26711.04888296666; -0.00035803109145; -0.0232811251359
26714.34633806528; -0.000355901767803; -0.0233541850312
26717.64420023183; -0.000355676440884; -0.0234240541328
26720.94246951646; -0.000356932557334; -0.0234951222363
26724.24114596948; -0.000354132239385; -0.0235613160842
26727.54022964116; -0.000353060833273; -0.0236299572208
26730.83972058183; -0.000352537650165; -0.0236973048509
26734.13961884165; -0.000352215441936; -0.0237614630781
26737.43992447096; -0.000352208906765; -0.0238280823901
26740.74063752004; -0.000351237166926; -0.0238919761704
26744.04175803926; -0.000349591762594; -0.023954486528
26747.34328607879; -0.000349283577257; -0.0240182466386
26750.64522168901; -0.000349100540636; -0.0240823470941
26753.94756492023; -0.000347293423834; -0.0241441919455
26757.25031582282; -0.000347552283618; -0.0242054886301
26760.55347444701; -0.00034625966003; -0.0242658125969
26763.85704084317; -0.000346454134199; -0.0243254451069
26767.16101506165; -0.000345196111799; -0.0243845407966
26770.46539715285; -0.000345748626096; -0.0244425680662
26773.770187167; -0.000344345136843; -0.0244999707873
26777.07538515453; -0.000343268415578; -0.0245583819627
26780.38099116579; -0.000342968148893; -0.024613115676
26783.68700525122; -0.000342694965827; -0.0246682330308
26786.99342746107; -0.000341663831676; -0.0247231946568
26790.30025784579; -0.000342456279486; -0.0247775693447
26793.60749645576; -0.000342051785617; -0.024832110104
26796.91514334143; -0.000341690889756; -0.0248854051213
26800.2231985531; -0.000339855574858; -0.0249384620624
26803.53166214123; -0.000338844494071; -0.024988093342
26806.84053415623; -0.000337602016355; -0.0250396010352
26810.14981464858; -0.000340452628793; -0.0250916680493
26813.45950366859; -0.000339171634602; -0.0251408522619
26816.76960126674; -0.000339750623432; -0.0251911743157
26820.08010749349; -0.000338457184371; -0.0252419407147
26823.39102239933; -0.000336595636174; -0.0252883182021
26826.70234603459; -0.000337686826723; -0.0253380023342
26830.0140784498; -0.00033607217337; -0.025384316206
26833.32621969541; -0.000337901926188; -0.0254333905721
26836.63876982195; -0.00033749569214; -0.0254783994191
26839.95172887979; -0.000334283427754; -0.0255243710056
26843.26509691946; -0.000335371287179; -0.0255713555661
26846.57887399145; -0.000335842210307; -0.0256172360655
26849.89306014631; -0.000336149482554; -0.0256616458313
26853.20765543444; -0.0003348748143; -0.0257073681691
26856.52265990639; -0.000335265215275; -0.0257484476824
26859.83807361267; -0.00033431979289; -0.0257928215845
26863.15389660388; -0.000333053053749; -0.0258353523385
26866.4701289304; -0.000331633050337; -0.0258769795163
26869.78677064285; -0.00033246875069; -0.0259209138197
26873.10382179174; -0.000332576585542; -0.025962984724
26876.42128242769; -0.000332112770053; -0.0260042169832
26879.73915260114; -0.00033224019957; -0.0260467119532
26883.05743236269; -0.000331441196513; -0.0260866791526
26886.37612176296; -0.000332026981517; -0.0261266149236
26889.69522085242; -0.000331805434498; -0.0261661051186
26893.01472968169; -0.000330741132411; -0.0262057706335
26896.33464830136; -0.000331348781651; -0.0262473930442
26899.65497676207; -0.000330259297049; -0.0262852730778
26902.9757151143; -0.00033116153797; -0.0263248483027
26906.29686340871; -0.000329315379685; -0.026360978641
26909.61842169591; -0.000330012868597; -0.0263984211839
26912.94039002657; -0.000329872917593; -0.0264354197438
26916.26276845119; -0.000328820807987; -0.0264730810301
26919.58555702045; -0.00032669479208; -0.0265074668275
26922.908755785; -0.000330083350529; -0.0265460260293
26926.23236479551; -0.000327948647497; -0.0265815700573
26929.55638410253; -0.000329561606904; -0.0266185008851
26932.88081375676; -0.000328752480778; -0.0266521357686
26936.20565380885; -0.000327817575313; -0.0266886725866
26939.53090430954; -0.000327784603456; -0.0267213614851
26942.85656530937; -0.000326884784724; -0.0267547385399
26946.18263685908; -0.000326567172099; -0.0267906644668
26949.50911900934; -0.000326206574319; -0.0268230771108
26952.83601181091; -0.00032749732165; -0.0268564258478
26956.16331531436; -0.000326978223754; -0.0268903967964
26959.49102957046; -0.000328077550036; -0.026921193266
26962.8191546299; -0.000326293766029; -0.0269542631078
26966.14769054346; -0.000327236803457; -0.0269889936832
26969.47663736175; -0.000326409221452; -0.0270214456812
26972.80599513555; -0.000325927298781; -0.0270528383049
26976.13576391559; -0.000326378958788; -0.0270854335047
26979.46594375265; -0.000325380982419; -0.0271169938326
26982.79653469739; -0.000324805086557; -0.0271497387791
26986.1275368006; -0.000326796064146; -0.0271811766132
26989.45895011305; -0.0003252491363; -0.0272122822671
26992.79077468554; -0.000325427088695; -0.0272425953944
26996.12301056874; -0.000327000605075; -0.0272725890829
26999.45565781348; -0.000327501275399; -0.0273043325053
27002.78871647054; -0.000325212371082; -0.0273334113342
27006.12218659077; -0.000325717479546; -0.0273637392709
27009.45606822485; -0.000327046978585; -0.0273923157789
27012.79036142364; -0.000325533281677; -0.0274211663168
27016.12506623794; -0.000324545464223; -0.0274505420618
27019.46018271862; -0.000325118274657; -0.0274798295704
27022.79571091639; -0.000324954266462; -0.027509235954
27026.13165088214; -0.000324280276887; -0.0275391909012
27029.46800266669; -0.000324017724127; -0.0275643938407
27032.80476632095; -0.00032427652668; -0.0275925295699
27036.14194189563; -0.000324779752809; -0.0276220432079
27039.47952944166; -0.000322917118058; -0.0276493055391
27042.81752900988; -0.000323954874843; -0.0276774694448
27046.15594065122; -0.000324019543384; -0.0277052917068
27049.49476441644; -0.000323538684806; -0.0277306525086
27052.83400035647; -0.000325011645746; -0.0277584295971
27056.17364852219; -0.000325603339834; -0.0277831666991
27059.51370896454; -0.000324042429943; -0.0278120796434
27062.85418173431; -0.000324674286376; -0.0278383860079
27066.19506688246; -0.000322962387322; -0.0278631238697
27069.53636445989; -0.000322904599648; -0.0278914572356
27072.87807451758; -0.000323991920066; -0.0279158820863
27076.22019710633; -0.00032429863015; -0.0279419836534
27079.56273227712; -0.000325026029413; -0.0279670534348
27082.90568008089; -0.00032511730872; -0.0279926296356
27086.24904056863; -0.000324596857267; -0.028019558895
27089.59281379118; -0.000325209432963; -0.0280439406394
27092.93699979955; -0.000324494548879; -0.028066929414
27096.28159864468; -0.000324262393785; -0.028092133543
27099.62661037761; -0.000324821011477; -0.0281164999681
27102.9720350492; -0.000324742435044; -0.0281421993788
27106.31787271046; -0.000323802653509; -0.0281664616876
27109.66412341239; -0.000324473766427; -0.0281920109771
27113.01078720604; -0.000324800327104; -0.0282151600174
27116.35786414228; -0.00032469965897; -0.0282391405954
27119.70535427217; -0.000324293342459; -0.0282636734254
27123.05325764673; -0.00032411875719; -0.0282856695977
27126.40157431702; -0.000324874642014; -0.0283099609652
27129.75030433396; -0.000322927901136; -0.0283337227655
27133.09944774862; -0.000323493198385; -0.0283560617675
27136.44900461204; -0.00032364862038; -0.0283785039226
27139.79897497532; -0.000324416348374; -0.0284009821903
27143.14935888939; -0.000325617544576; -0.0284245820159
27146.50015640535; -0.000324381078331; -0.0284476701402
27149.85136757427; -0.000323524645451; -0.0284697256972
27153.20299244727; -0.000323283736539; -0.0284915046631
27156.55503107531; -0.000324274436342; -0.0285150974472
27159.90748350952; -0.000325430407435; -0.0285357015413
27163.26034980098; -0.000324024791767; -0.0285599851902
27166.61363000085; -0.000323210610031; -0.028581857786
27169.9673241601; -0.000324846953387; -0.028601120684
27173.32143232989; -0.000323790941803; -0.0286226879865
27176.67595456134; -0.000323073584145; -0.0286461339885
27180.03089090562; -0.00032384628998; -0.028666308529
27183.38624141373; -0.000323517196498; -0.0286862295256
27186.74200613686; -0.000323537131322; -0.0287085166341
27190.09818512615; -0.000323574675013; -0.0287302805083
27193.45477843278; -0.000323532720336; -0.0287520749575
27196.81178610781; -0.00032559865146; -0.0287719466512
27200.16920820242; -0.000322863904219; -0.028792364203
27203.5270447678; -0.000324056629531; -0.028812477053
27206.88529585515; -0.000325705545606; -0.0288300453319
27210.24396151553; -0.000325647572852; -0.0288516291535
27213.60304180019; -0.000324127334312; -0.0288727155005
27216.96253676031; -0.000325519764868; -0.0288916228526
27220.32244644714; -0.000324905447686; -0.0289122068319
27223.68277091175; -0.000324512781371; -0.0289315075991
27227.04351020541; -0.000325093159067; -0.0289500650718
27230.40466437933; -0.000325267528795; -0.028968948842
27233.76623348479; -0.000325223717475; -0.0289895805681
27237.12821757289; -0.000323427128593; -0.0290100921577
27240.49061669492; -0.000325327177649; -0.0290297815825
27243.85343090212; -0.000325237072435; -0.0290503237555
27247.21666024577; -0.000324456990879; -0.0290677722676
27250.58030477703; -0.00032345805519; -0.0290878421792
27253.94436454719; -0.000326028256689; -0.0291060008316
27257.30883960753; -0.000322088678964; -0.0291234946751
27260.67373000936; -0.000325392318197; -0.029145064061
27264.03903580385; -0.000325338249653; -0.0291617405425
27267.40475704232; -0.000326034615087; -0.0291824100472
27270.77089377608; -0.00032567111942; -0.0291992729656
27274.13744605645; -0.000326080204509; -0.0292204838639
27277.50441393465; -0.0003256111791; -0.0292375373294
27280.87179746201; -0.000326059079361; -0.0292549591676
27284.23959668986; -0.000326379292716; -0.0292748126669
27287.60781166957; -0.000324997866779; -0.029292289454
27290.97644245235; -0.000325520409416; -0.0293121153434
27294.34548908959; -0.000326516262908; -0.0293289161393
27297.71495163268; -0.000327599115415; -0.029345563742
27301.08483013285; -0.00032613982744; -0.0293660278057
27304.45512464151; -0.000325292431151; -0.0293806378661
27307.82583521001; -0.000326457040983; -0.0293991659436
27311.19696188977; -0.000326807124996; -0.029415359172
27314.56850473205; -0.000326574306355; -0.0294333863139
27317.94046378828; -0.000327520487597; -0.0294512215947
27321.31283910984; -0.000327575595232; -0.029467374119
27324.68563074818; -0.000327307252312; -0.0294858987073
27328.05883875456; -0.000327586003535; -0.0295030397465
27331.43246318047; -0.000326580835217; -0.0295198342214
27334.80650407729; -0.000326880904207; -0.0295356674393
27338.1809614965; -0.000328120307648; -0.0295515795071
27341.55583548939; -0.000326212940795; -0.0295687655949
27344.93112610748; -0.000326976396728; -0.0295839950863
27348.30683340216; -0.00032734730204; -0.0296037033701
27351.68295742495; -0.00032878182266; -0.0296186698445
27355.05949822718; -0.000327407439901; -0.0296338495284
27358.43645586035; -0.000327590607832; -0.0296512897958
27361.81383037592; -0.000329316396008; -0.0296692738856
27365.1916218254; -0.000328312362014; -0.0296853538313
27368.56983026017; -0.000328716670804; -0.0296989472381
27371.94845573174; -0.000328318655873; -0.0297166369375
27375.32749829162; -0.000329131563514; -0.0297330544065
27378.70695799132; -0.00032943337076; -0.029748140531
27382.08683488225; -0.000328373508274; -0.0297646225874
27385.46712901596; -0.00032987386776; -0.0297784254598
27388.84784044396; -0.000329891405396; -0.0297954787181
27392.22896921782; -0.000329873966146; -0.0298113811412
27395.61051538894; -0.000330596796574; -0.0298254745553
27398.99247900891; -0.00032839724946; -0.0298424134057
27402.37486012928; -0.000328459040191; -0.0298596297534
27405.75765880161; -0.00033153470139; -0.0298733386492
27409.14087507737; -0.000330121636462; -0.0298874831214
27412.52450900815; -0.00033023265559; -0.0299038675186
27415.90856064551; -0.000330333548881; -0.0299199305897
27419.29303004108; -0.000329937421593; -0.0299350819197
27422.67791724631; -0.000329987784238; -0.02994896906
27426.06322231284; -0.000331181416485; -0.0299644300025
27429.44894529225; -0.00033139865275; -0.0299801072538
27432.83508623619; -0.00033068550246; -0.0299926122431
27436.22164519615; -0.000332004864354; -0.0300079343315
27439.60862222378; -0.000329086687103; -0.0300227288636
27442.9960173707; -0.000330954519543; -0.0300361851609
27446.38383068858; -0.000331331958718; -0.0300531916076
27449.77206222892; -0.00033039276396; -0.0300672189617
27453.16071204342; -0.000331035678475; -0.030079303154
27456.54978018371; -0.00033078370302; -0.0300962652089
27459.93926670149; -0.000331479761065; -0.0301078846735
27463.32917164829; -0.000330793430006; -0.0301220172012
27466.71949507582; -0.000331115490156; -0.0301385086364
27470.11023703575; -0.000334648367057; -0.0301515897422
27473.5013975798; -0.000332596705137; -0.030164595613
27476.89297675953; -0.000329435011937; -0.0301812108838
27480.28497462667; -0.000332430659067; -0.0301934228179
27483.67739123292; -0.000332981254721; -0.0302079248267
27487.07022663002; -0.000332634989147; -0.0302210289433
27490.46348086956; -0.000333845318557; -0.0302358589369
27493.8571540033; -0.000332217482168; -0.0302465845525
27497.25124608296; -0.00033451677548; -0.0302618647098
27500.6457571603; -0.000332604281246; -0.0302774195397
27504.04068728695; -0.00033605879664; -0.0302867095732
27507.43603651468; -0.000337855919376; -0.0302996820382
27510.83180489524; -0.000333704345923; -0.0303203360768
27514.22799248043; -0.000332852580186; -0.0303315696255
27517.62459932188; -0.000334910987433; -0.0303436067154
27521.0216254714; -0.000335571904513; -0.0303595137067
27524.41907098077; -0.000335613409954; -0.0303723069217
27527.8169359018; -0.00033429928975; -0.0303852688504
27531.21522028617; -0.000334520105912; -0.0304009344606
27534.6139241857; -0.000333871507239; -0.0304148746923
27538.01304765219; -0.000335305978167; -0.0304277284832
27541.41259073749; -0.000335268682094; -0.0304398856933
27544.81255349328; -0.000335413440552; -0.0304528303186
27548.21293597144; -0.000334280772639; -0.0304652057396
27551.61373822377; -0.000335529191825; -0.0304812728075
27555.01496030216; -0.000334860221091; -0.0304935296357
27558.41660225831; -0.00033513876608; -0.0305024095558
27561.81866414412; -0.000337010267496; -0.0305155943271
27565.22114601143; -0.000336642714771; -0.0305285889911
27568.62404791214; -0.000335920937358; -0.0305409838389
27572.02736989799; -0.000335333687563; -0.0305559015509
27575.43111202089; -0.000335121346676; -0.0305671385448
27578.83527433272; -0.000336772576477; -0.0305805475421
27582.2398568854; -0.00033516932644; -0.0305937745826
27585.64485973069; -0.000336201865458; -0.0306055351574
27589.05028292054; -0.000338069394048; -0.0306174513163
27592.45612650684; -0.000336369016082; -0.0306325022067
27595.86239054153; -0.000337741696817; -0.0306428128884
27599.26907507642; -0.000337878763241; -0.0306556312589
27602.67618016347; -0.000338529894489; -0.0306687944848
27606.0837058546; -0.000336995281051; -0.030680064779
27609.49165220178; -0.000338845171158; -0.0306937245555
27612.90001925683; -0.00033711620709; -0.0307046041554
27616.30880707175; -0.00033907488514; -0.0307174884954
27619.71801569848; -0.000339343676989; -0.0307295945912
27623.12764518902; -0.000338028771082; -0.0307426463262
27626.53769559521; -0.000337321686956; -0.0307575108134
27629.94816696908; -0.000339107513222; -0.0307660802951
27633.35905936259; -0.000338990091771; -0.0307774565145
27636.77037282777; -0.000338525552657; -0.0307921822102
27640.18210741649; -0.000338879344878; -0.0308005024347
27643.5942631808; -0.000339701610653; -0.0308157850803
27647.00684017268; -0.00033773597335; -0.0308280348713
27650.4198384442; -0.000339758011768; -0.0308393852747
27653.83325804725; -0.000341091802946; -0.0308504815932
27657.24709903389; -0.000340616332599; -0.030860931101
27660.66136145615; -0.00034020057026; -0.0308726742693
27664.07604536611; -0.000342774993897; -0.0308854023346
27667.49115081569; -0.000340949394522; -0.0308974942244
27670.90667785698; -0.000341324723128; -0.0309077041282
27674.32262654203; -0.00033791610093; -0.0309198548281
27677.73899692295; -0.000340364834766; -0.0309293843142
27681.15578905168; -0.000340285966944; -0.030941474501
27684.57300298035; -0.000340235187448; -0.0309536356498
27687.99063876101; -0.000340460365904; -0.0309653812143
27691.40869644582; -0.000342305373941; -0.0309761571847
27694.82717608673; -0.000341773817867; -0.030989190932
27698.2460777359; -0.000341422315295; -0.0309988657201
27701.66540144542; -0.000340713772071; -0.0310094747116
27705.08514726745; -0.000342649058785; -0.0310211526911
27708.50531525398; -0.000341051013131; -0.0310312677874
27711.9259054572; -0.000342947963374; -0.031043185968
27715.34691792927; -0.000343338318579; -0.0310551900627
27718.76835272222; -0.00034120001788; -0.0310631605603
27722.19020988824; -0.000342476436698; -0.0310737347693
27725.61248947946; -0.000342316293943; -0.0310858978514
27729.03519154809; -0.000343665592727; -0.0310963446662
27732.45831614618; -0.000341292291433; -0.0311087031023
27735.88186332593; -0.000343885807573; -0.0311209054547
27739.30583313953; -0.000342847965326; -0.0311324596447
27742.73022563919; -0.000344853589894; -0.0311430022284
27746.15504087699; -0.000343489234971; -0.0311525001511
27749.58027890517; -0.000344902331438; -0.0311664225498
27753.00593977591; -0.000345190227561; -0.0311769198484
27756.43202354149; -0.000341171383701; -0.0311852534157
27759.85853025399; -0.000345610805661; -0.031199272978
27763.28545996567; -0.000345971106128; -0.0312105191077
27766.71281272877; -0.000346194744177; -0.0312175457739
27770.14058859555; -0.000344400167862; -0.0312321426719
27773.56878761815; -0.000343510566969; -0.0312410824903
27776.99740984884; -0.000346249186034; -0.0312512276607
27780.42645533989; -0.00034359524272; -0.0312619606153
27783.85592414359; -0.000344605782884; -0.0312749069885
27787.28581631209; -0.000344003850802; -0.0312857284499
27790.71613189772; -0.000344322673522; -0.0312945015632
27794.14687095273; -0.000345479223007; -0.0313065501906
27797.57803352947; -0.000344264752769; -0.0313150659038
27801.00961968011; -0.000346268028457; -0.0313255968016
27804.44162945699; -0.00034595645038; -0.031339457123
27807.8740629124; -0.000347572749449; -0.0313457901667
27811.30692009871; -0.000347446861724; -0.031356440704
27814.74020106812; -0.000347145322328; -0.0313655594511
27818.17390587299; -0.000347431209346; -0.0313766313323
27821.60803456564; -0.000347575446103; -0.0313872269892
27825.04258719848; -0.000345363498042; -0.0313978669885
27828.4775638237; -0.00034821035258; -0.0314069198671
27831.91296449372; -0.000345841485041; -0.0314185686394
27835.34878926088; -0.000347458066884; -0.031427214993
27838.78503817759; -0.000347055539427; -0.0314377936975
27842.2217112961; -0.000348998897103; -0.0314472507455
27845.65880866884; -0.000348645032574; -0.0314568610414
27849.09633034817; -0.000348968945444; -0.0314668254064
27852.53427638653; -0.000345925859096; -0.0314773334682
27855.97264683621; -0.000344585571671; -0.0314859679323
27859.41144174963; -0.000351094385497; -0.0314964200586
27862.85066117922; -0.000349978605364; -0.0315073304586
27866.29030517743; -0.000349438615477; -0.0315153490653
27869.73037379655; -0.00035090790798; -0.0315256765979
27873.17086708907; -0.000346768354007; -0.0315339036796
27876.61178510741; -0.000351084616049; -0.0315472754005
27880.05312790406; -0.000347571876437; -0.0315535254863
27883.49489553134; -0.000350352232638; -0.03156453224
27886.93708804176; -0.000348629794433; -0.0315752790985
27890.37970548777; -0.000350380586044; -0.0315850160135
27893.82274792188; -0.000348698050872; -0.0315929295295
27897.26621539644; -0.000349707484789; -0.0316049501498
27900.71010796398; -0.000348012057894; -0.0316159660191
27904.15442567698; -0.000348398210732; -0.031625946061
27907.59916858798; -0.000351662904331; -0.0316347829695
27911.04433674935; -0.000353583723684; -0.0316466777968
27914.48993021366; -0.000351072521184; -0.0316579897362
27917.93594903339; -0.000350536855436; -0.0316671508935
27921.38239326112; -0.000352038960639; -0.031675232014
27924.82926294926; -0.000350246263582; -0.031683927938
27928.27655815037; -0.000350847142341; -0.0316939396464
27931.724278917; -0.000353163748131; -0.0317043357322
27935.17242530172; -0.000351105659274; -0.0317160368212
27938.62099735698; -0.000353597817194; -0.031722552212
27942.06999513537; -0.000352975840363; -0.0317316555798
27945.51941868946; -0.000350493033654; -0.0317406074178
27948.96926807186; -0.00035320963925; -0.0317514645884
27952.41954333502; -0.000351424051602; -0.0317606131166
27955.87024453157; -0.000355072198538; -0.0317702019703
27959.3213717141; -0.000353636821214; -0.0317814272614
27962.77292493526; -0.000353370881251; -0.0317906024837
27966.22490424752; -0.00035447047169; -0.0317993320323
27969.67730970353; -0.000352523344037; -0.031810891875
27973.13014135591; -0.000355371804444; -0.0318190697062
27976.58339925733; -0.000354345049587; -0.031831329213
27980.03708346029; -0.000355127321712; -0.031838857048
27983.49119401748; -0.00035628474698; -0.0318480760849
27986.94573098153; -0.000355037821661; -0.0318577726976
27990.40069440513; -0.000354819043067; -0.0318686805259
27993.85608434082; -0.000355990324456; -0.0318770403936
27997.31190084131; -0.000354151353813; -0.0318856199759
28000.76814395926; -0.000354754355602; -0.0318963572047
28004.22481374738; -0.000355659919878; -0.0319054359373
28007.68191025824; -0.00035640693973; -0.0319155910305
28011.13943354458; -0.000357644535606; -0.0319240836793
28014.59738365907; -0.000355323698678; -0.0319312467755
28018.05576065447; -0.000358165647069; -0.0319393507747
28021.51456458336; -0.000355123631967; -0.0319490778448
28024.9737954985; -0.000356492521109; -0.0319586862522
28028.43345345261; -0.000357749677804; -0.0319666953786
28031.89353849845; -0.000357851423415; -0.0319762935906
28035.35405068864; -0.000355944415721; -0.0319865609491
28038.81499007596; -0.000357983336151; -0.0319954667655
28042.27635671316; -0.000356690917335; -0.0320033768007
28045.73815065304; -0.000358741844398; -0.0320121067335
28049.20037194822; -0.000358965276213; -0.0320215792205
28052.66302065152; -0.00035721311189; -0.0320333403077
28056.12609681571; -0.000361113016508; -0.0320398429979
28059.58960049361; -0.000358276413655; -0.0320494120322
28063.05353173789; -0.000356743398086; -0.0320589681941
28066.51789060138; -0.00036072485318; -0.032064669288
28069.98267713687; -0.00035907733651; -0.0320754345511
28073.44789139722; -0.000359063090383; -0.0320838606393
28076.91353343512; -0.000358843397775; -0.0320918291505
28080.37960330343; -0.00035855180083; -0.0321028845703
28083.84610105496; -0.000360128269252; -0.0321087564383
28087.3130267426; -0.000359445929634; -0.0321185070973
28090.78038041905; -0.000358817559097; -0.0321246548459
28094.24816213722; -0.000359935499568; -0.0321334108306
28097.71637194994; -0.000359223528603; -0.0321431948135
28101.18500991011; -0.000360894570918; -0.0321504256293
28104.65407607049; -0.000358557075059; -0.0321591112908
28108.12357048397; -0.000360256153006; -0.0321663295484
28111.59349320345; -0.000360411231843; -0.0321793767635
28115.06384428183; -0.000360001597823; -0.0321875418463
28118.5346237719; -0.000362141848318; -0.0321938749514
28122.00583172659; -0.000359904058349; -0.0322036860757
28125.47746819879; -0.000360621514008; -0.032212243469
28128.94953324148; -0.00036086340201; -0.0322216666006
28132.42202690743; -0.000361230343111; -0.0322298140953
