% Module: Sweep, ID: c0p1t8p1cfm0
% Devices: DEV646
% Time: 2026/02/03 16:45:09
% Demod 1 Sample X, /dev646/demods/0/sample.X
% Demod 1 Sample Y, /dev646/demods/0/sample.Y
% Frequency (Hz); Demod 1 Sample X  Amplitude (V); Demod 1 Sample Y  Amplitude (V)
23162.40188088634; -0.000226301719237; -0.0080653610471
23167.32826341266; -0.000227451209237; -0.00808870754836
23172.25569372511; -0.000228068469846; -0.00811076956914
23177.18417204665; -0.000229868751319; -0.00813242199076
23182.11369860008; -0.000232733266341; -0.00815568537929
23187.04427360845; -0.000233645668561; -0.00817945731641
23191.97589729466; -0.000235754462914; -0.00820639274345
23196.90856988183; -0.000236726720837; -0.00823172315435
23201.84229159298; -0.000238615478501; -0.00825837245383
23206.77706265132; -0.000239956476859; -0.00828526529533
23211.71288327995; -0.0002428040941; -0.00830944275549
23216.6497537022; -0.000244259359017; -0.00833593690298
23221.58767414125; -0.000245918312005; -0.00835952751404
23226.52664482051; -0.000248153557015; -0.00838373111111
23231.46666596328; -0.0002497419433; -0.00840746026108
23236.40773779306; -0.00025180838797; -0.00843463036556
23241.34986053324; -0.000254672134057; -0.00846070325909
23246.29303440741; -0.000256196131574; -0.00848473789975
23251.23725963906; -0.00025808435023; -0.0085129779327
23256.18253645189; -0.000259054364582; -0.00854079012599
23261.12886506947; -0.000262522818253; -0.00856698295916
23266.07624571558; -0.000263188222013; -0.00859562509426
23271.02467861391; -0.000267423673051; -0.00862205566491
23275.97416398834; -0.000268422460201; -0.00864901850527
23280.92470206262; -0.000270930330807; -0.00867798149403
23285.87629306076; -0.000271922091548; -0.00870615171222
23290.82893720659; -0.000274881842241; -0.00873583358112
23295.78263472422; -0.000277343897423; -0.00876519549261
23300.73738583757; -0.000278538666379; -0.00879495566402
23305.69319077084; -0.000281568827849; -0.00882513381873
23310.65004974807; -0.000284124709682; -0.00885631817054
23315.60796299354; -0.000287091992329; -0.00888940416335
23320.56693073137; -0.000289227852377; -0.00891998646777
23325.52695318595; -0.000292503954754; -0.00895232899285
23330.48803058151; -0.000295021298881; -0.00898554336204
23335.45016314251; -0.000297970702195; -0.00901906223821
23340.41335109328; -0.000300721132199; -0.00905350616754
23345.37759465839; -0.000303045410407; -0.0090884097913
23350.34289406226; -0.000306952080814; -0.00912332339744
23355.30924952955; -0.000310648368901; -0.0091586304086
23360.27666128477; -0.000313424631966; -0.00919357910585
23365.24512955269; -0.00031604255438; -0.00922875009137
23370.21465455791; -0.000318897890885; -0.00926486545833
23375.18523652529; -0.000322473003545; -0.00930233598755
23380.15687567954; -0.000325709405046; -0.0093410006094
23385.12957224559; -0.000329721467193; -0.00938114153309
23390.10332644827; -0.00033342847828; -0.00941868007036
23395.07813851261; -0.000335047815085; -0.00945844199731
23400.0540086635; -0.000340376569319; -0.00949704357495
23405.03093712609; -0.000343159435633; -0.00953705207213
23410.00892412538; -0.000347122000456; -0.00957720180725
23414.9879698866; -0.000350997948346; -0.00961683363388
23419.96807463483; -0.000354858493863; -0.00965770063389
23424.94923859541; -0.000359500595263; -0.00969965612695
23429.93146199353; -0.000363423653213; -0.00974248070314
23434.91474505462; -0.000367459453008; -0.00978540198926
23439.89908800394; -0.000371775698435; -0.00982936095886
23444.88449106704; -0.000375428089585; -0.00987291095168
23449.87095446928; -0.000381024062261; -0.00991872368151
23454.85847843629; -0.000385310514877; -0.00996523665883
23459.84706319353; -0.000390389187991; -0.0100117431578
23464.83670896672; -0.000395796346886; -0.0100601999821
23469.82741598144; -0.000400605446755; -0.0101082058829
23474.81918446349; -0.000406130096949; -0.0101565880337
23479.81201463854; -0.000410537143676; -0.010208177993
23484.8059067325; -0.000417398697322; -0.0102572075566
23489.80086097112; -0.000422261355419; -0.0103087239828
23494.79687758041; -0.000428135688928; -0.0103613779967
23499.79395678623; -0.000434040064175; -0.0104150923979
23504.79209881468; -0.000439879575954; -0.0104694328357
23509.7913038917; -0.000446401853049; -0.0105230506271
23514.7915722435; -0.000452791868481; -0.0105789410333
23519.79290409613; -0.00045907975845; -0.0106372016802
23524.79529967587; -0.000466277558681; -0.0106927438274
23529.79875920888; -0.000474213072938; -0.0107512772292
23534.80328292154; -0.000480422113624; -0.0108109539021
23539.80887104008; -0.00048823987881; -0.0108719996862
23544.81552379101; -0.000494819199337; -0.0109347621478
23549.82324140065; -0.000502646591276; -0.0109997924397
23554.83202409559; -0.000511469448702; -0.0110636250881
23559.84187210225; -0.000521234224309; -0.0111306065777
23564.85278564733; -0.000527684075674; -0.0111978821737
23569.86476495734; -0.000537161885325; -0.0112659521099
23574.87781025906; -0.000546445239038; -0.0113357714493
23579.89192177912; -0.000556287619294; -0.0114065520677
23584.90709974439; -0.000565943882808; -0.01147758827
23589.92334438159; -0.000575642048846; -0.0115517132202
23594.94065591769; -0.000585199549792; -0.0116275224249
23599.95903457951; -0.000596052768139; -0.0117036462375
23604.97848059411; -0.000606172742217; -0.0117819272262
23609.99899418841; -0.000617353986032; -0.011863637162
23615.02057558957; -0.000629227486606; -0.011944008593
23620.04322502459; -0.000640436030734; -0.0120284598563
23625.06694272075; -0.000654157177229; -0.0121136836888
23630.09172890514; -0.000667560534712; -0.0122013717292
23635.11758380512; -0.000680569194773; -0.01228981971
23640.1445076479; -0.000694083206148; -0.0123839086983
23645.17250066092; -0.000708390301188; -0.0124768458857
23650.2015630715; -0.000723109350743; -0.0125711378506
23655.23169510716; -0.000738323218845; -0.0126677452366
23660.26289699533; -0.000754116560323; -0.0127683300267
23665.29516896362; -0.000770280575724; -0.0128691457299
23670.3285112396; -0.000785742193759; -0.0129714888225
23675.36292405086; -0.000803834156924; -0.0130785945087
23680.39840762519; -0.000821898577463; -0.0131860966956
23685.43496219022; -0.000841073406904; -0.0132966331929
23690.47258797384; -0.000860222659902; -0.0134105529264
23695.5112852038; -0.000882184718797; -0.0135286043689
23700.55105410807; -0.000903591359276; -0.013649534136
23705.59189491448; -0.000925595109536; -0.0137738242008
23710.63380785112; -0.00094962881479; -0.0139015524604
23715.67679314593; -0.000973610676225; -0.0140338534537
23720.72085102706; -0.000998214267948; -0.0141666751367
23725.76598172257; -0.0010249541538; -0.0143067544624
23730.81218546071; -0.00105173868945; -0.014448678228
23735.85946246962; -0.00108226201641; -0.0145949024015
23740.90781297766; -0.0011112360761; -0.0147456147692
23745.95723721306; -0.00114301771062; -0.0149013679084
23751.00773540429; -0.00117580495092; -0.0150602174375
23756.05930777967; -0.00120965363927; -0.0152249306298
23761.11195456775; -0.00124597161837; -0.0153947098034
23766.16567599697; -0.00128327445949; -0.0155697170882
23771.22047229598; -0.00132266701746; -0.0157493841563
23776.27634369329; -0.00136386964643; -0.0159350761924
23781.33329041767; -0.00140976183579; -0.0161271079874
23786.39131269772; -0.00145376311153; -0.0163263481839
23791.45041076231; -0.00150296779701; -0.0165309681803
23796.51058484015; -0.00155359001041; -0.0167422180758
23801.57183516018; -0.00160776072432; -0.0169616497653
23806.63416195121; -0.00166303619544; -0.0171883572942
23811.6975654423; -0.00172327908516; -0.0174222947661
23816.76204586235; -0.00178566933077; -0.0176640783592
23821.82760344051; -0.00185369991947; -0.0179164239039
23826.89423840577; -0.00192352051127; -0.0181768808455
23831.9619509874; -0.00199797661114; -0.0184470957364
23837.03074141447; -0.00207784288434; -0.0187274269545
23842.10060991635; -0.00216159856738; -0.0190204720325
23847.17155672221; -0.00225307339559; -0.0193242664469
23852.24358206151; -0.0023488999438; -0.0196405590551
23857.31668616355; -0.00245249163707; -0.0199700557539
23862.39086925784; -0.00256132071564; -0.0203128204159
23867.4661315738; -0.00268077276373; -0.0206700002872
23872.54247334106; -0.00280307199567; -0.0210425772518
23877.6198947891; -0.00293620956258; -0.0214323773524
23882.69839614766; -0.00308044832586; -0.021840604944
23887.77797764632; -0.00323719048604; -0.022263606509
23892.85863951493; -0.00340381191539; -0.022709235364
23897.94038198315; -0.00358440979889; -0.0231769902972
23903.02320528093; -0.0037790059087; -0.0236670461136
23908.10710963803; -0.00399120937496; -0.0241853196372
23913.1920952845; -0.00422228215299; -0.0247283144171
23918.27816245022; -0.00447293068412; -0.0253020461995
23923.36531136529; -0.00474761279888; -0.0259085589904
23928.45354225971; -0.00505001047609; -0.026550263618
23933.5428553637; -0.00537918348458; -0.0272298653985
23938.63325090733; -0.00574455654587; -0.0279478097519
23943.72472912092; -0.00614792201069; -0.0287121731203
23948.81729023465; -0.00659452451815; -0.0295235761396
23953.91093447894; -0.0070896706017; -0.0303862460509
23959.00566208405; -0.00764231932012; -0.031301443171
23964.10147328051; -0.00825966871547; -0.0322774529368
23969.19836829868; -0.00895173577382; -0.0333165624728
23974.29634736918; -0.00973287020228; -0.0344234441935
23979.39541072247; -0.0106127543128; -0.035603225795
23984.49555858928; -0.0116133562236; -0.0368612081422
23989.59679120016; -0.0127550274149; -0.0382017679513
23994.69910878592; -0.0140625812038; -0.0396263632548
23999.80251157724; -0.0155697400273; -0.041141322527
24004.90699980501; -0.0173128394989; -0.0427455060179
24010.0125737; -0.0193406404478; -0.0444325206388
24015.11923349322; -0.0217112366903; -0.0461902056116
24020.22697941554; -0.0244930781524; -0.0480011170623
24025.33581169804; -0.0277727617289; -0.0498204674208
24030.44573057169; -0.0316482783077; -0.0515827409131
24035.55673626771; -0.0362338995358; -0.0531872926263
24040.66882901713; -0.0416514359341; -0.0544755485708
24045.78200905127; -0.0480133802853; -0.055208949932
24050.89627660128; -0.0553921109789; -0.0550439959071
24056.01163189856; -0.0637591079446; -0.0535233065592
24061.12807517437; -0.0728821554453; -0.0500808835957
24066.2456066602; -0.0822192903414; -0.0441304758829
24071.3642265874; -0.0908278921474; -0.0352677001908
24076.48393518758; -0.097442733704; -0.0235671654518
24081.60473269218; -0.100811163789; -0.00982959470898
24086.72661933289; -0.100196174009; 0.00448699653232
24091.84959534128; -0.0957628676048; 0.0177077352066
24096.97366094913; -0.0884624042629; 0.0285623785975
24102.09881638808; -0.0795886050782; 0.0365085721066
24107.22506189004; -0.0703124112203; 0.0416597154966
24112.35239768675; -0.0614288258982; 0.0444977956752
24117.4808240102; -0.0533764233253; 0.0455965304006
24122.61034109223; -0.0463257727556; 0.0454930019974
24127.74094916493; -0.0402777344796; 0.044610020348
24132.87264846026; -0.0351424687649; 0.0432527838647
24138.00543921039; -0.0308030940369; 0.041635513835
24143.13932164737; -0.0271313152592; 0.0398934701279
24148.27429600349; -0.0240209184913; 0.0381167063375
24153.41036251088; -0.0213772431704; 0.0363637595908
24158.54752140194; -0.0191170417328; 0.0346643761987
24163.6857729089; -0.0171752299381; 0.0330321645708
24168.82511726426; -0.0155001852021; 0.0314822305347
24173.96555470038; -0.0140489094976; 0.030020213749
24179.10708544972; -0.0127865595841; 0.0286447455811
24184.24970974491; -0.011681955518; 0.0273520696274
24189.39342781843; -0.0107097186496; 0.0261399109769
24194.53823990302; -0.00985424682255; 0.0250051832889
24199.68414623126; -0.00909745074962; 0.0239401199638
24204.83114703598; -0.00842321386761; 0.0229432060936
24209.97924254987; -0.00782140920648; 0.0220057724123
24215.12843300586; -0.0072818878086; 0.0211260963735
24220.27871863673; -0.00679749620328; 0.0203004821341
24225.43009967551; -0.00635944496174; 0.0195201325608
24230.58257635509; -0.00596345645341; 0.0187843141691
24235.73614890859; -0.0056039177196; 0.0180898694263
24240.89081756899; -0.00527664289391; 0.0174333903246
24246.04658256953; -0.00497747042827; 0.0168110992617
24251.20344414328; -0.00470318980841; 0.0162221004393
24256.36140252357; -0.00445127781534; 0.0156623684928
24261.52045794358; -0.0042203136168; 0.0151278804381
24266.68061063675; -0.00400550815096; 0.014621085596
24271.84186083634; -0.00380769672703; 0.0141381038969
24277.00420877587; -0.00362434111942; 0.0136783567132
24282.16765468874; -0.00345422774407; 0.0132402962336
24287.33219880857; -0.0032972584841; 0.012823459616
24292.49784136883; -0.00315127980744; 0.0124223704618
24297.66458260325; -0.00301390171733; 0.0120414523551
24302.8324227454; -0.00288663410279; 0.0116759776485
24308.00136202912; -0.00276753112662; 0.0113256078316
24313.17140068806; -0.00265615408179; 0.0109903335448
24318.34253895617; -0.00255173687386; 0.0106671594116
24323.51477706722; -0.00245288181135; 0.010358084432
24328.68811525521; -0.00236022837642; 0.0100600063061
24333.86255375405; -0.00227245929528; 0.00977426261651
24339.03809279784; -0.00219087826353; 0.00949867783051
24344.21473262055; -0.00211451364133; 0.00923248157081
24349.39247345642; -0.00204134649884; 0.00897643861466
24354.57131553952; -0.00197244543444; 0.00873001492918
24359.75125910417; -0.00190602881247; 0.00849140807157
24364.93230438454; -0.00184338330973; 0.0082615064554
24370.11445161505; -0.00178543119844; 0.0080388847104
24375.29770102998; -0.0017299649459; 0.00782399306679
24380.48205286385; -0.00167692452402; 0.00761609599043
24385.66750735103; -0.00162605059663; 0.00741651227335
24390.85406472614; -0.0015782234731; 0.00722271001452
24396.04172522365; -0.00153231621038; 0.0070340887042
24401.2304890783; -0.00149022237503; 0.00685225467961
24406.42035652464; -0.00144761539118; 0.00667576703582
24411.61132779751; -0.00140927813363; 0.00650597321704
24416.80340313156; -0.00137128699803; 0.00633853480653
24421.99658276172; -0.00133440562579; 0.00617699999702
24427.19086692277; -0.00129900049916; 0.00602164989778
24432.38625584973; -0.00126727211517; 0.00587028800626
24437.58274977746; -0.00123535832753; 0.00572160096251
24442.78034894109; -0.0012053255319; 0.00557711349075
24447.97905357559; -0.00117618105185; 0.00543748595574
24453.17886391618; -0.00114725276327; 0.00530150644451
24458.37978019793; -0.00112110958888; 0.00516899671366
24463.58180265617; -0.00109692259136; 0.00503839153847
24468.78493152606; -0.00107145034781; 0.00491211278185
24473.98916704302; -0.00104740430969; 0.00479030566827
24479.19450944234; -0.00102437990612; 0.00467041719216
24484.40095895952; -0.00100197189745; 0.00455278537291
24489.60851582993; -0.000980297380521; 0.00443804192426
24494.81718028921; -0.000960455088521; 0.00432703883093
24500.02695257283; -0.000939756104407; 0.00421804821005
24505.2378329165; -0.000920084285772; 0.00411431995583
24510.44982155579; -0.00090253836935; 0.00401116159661
24515.66291872654; -0.000884279326177; 0.00391124871411
24520.87712466441; -0.000867101431411; 0.0038121941899
24526.09243960532; -0.000851706689026; 0.0037163012075
24531.30886378504; -0.000836011081794; 0.00362215319094
24536.52639743961; -0.000821463482771; 0.00353077978526
24541.74504080488; -0.000805790737251; 0.00343986500923
24546.96479411699; -0.000790306773819; 0.00335101495592
24552.18565761191; -0.000776808822905; 0.00326522654099
24557.40763152586; -0.000764131784362; 0.00318048574599
24562.63071609491; -0.000750854269682; 0.0030974092219
24567.85491155539; -0.000737407449884; 0.00301779384146
24573.08021814348; -0.000726003435111; 0.00293807107093
24578.30663609559; -0.000711977679253; 0.00285905889235
24583.534165648; -0.000701761673877; 0.0027832967684
24588.76280703724; -0.000690642323718; 0.00270884041844
24593.99256049968; -0.000679174920498; 0.00263556594065
24599.22342627195; -0.000668607072853; 0.00256305965378
24604.45540459052; -0.000658932192072; 0.00249313858054
24609.68849569212; -0.000648601846443; 0.00242545162538
24614.92269981333; -0.000639082996204; 0.00235706680714
24620.15801719097; -0.000629199209816; 0.00228985275183
24625.39444806171; -0.000620951944172; 0.00222496916327
24630.6319926625; -0.000611966588343; 0.00216125997923
24635.8706512301; -0.000602849956633; 0.00209745107829
24641.11042400154; -0.000594639212127; 0.00203641162671
24646.3513112137; -0.000586398678272; 0.00197602665127
24651.59331310371; -0.000578169345115; 0.00191603360128
24656.83642990856; -0.000570445760663; 0.0018587842969
24662.08066186546; -0.000563199534354; 0.00180034771152
24667.32600921151; -0.00055587847982; 0.00174467795398
24672.57247218402; -0.000548699655784; 0.00168846995844
24677.82005102019; -0.000541940880686; 0.00163514672959
24683.06874595744; -0.000534325973636; 0.00158236219091
24688.3185572331; -0.000527047368556; 0.00152924690673
24693.56948508457; -0.000521890961098; 0.00147681656574
24698.82152974941; -0.000515241305409; 0.00142642782399
24704.07469146508; -0.000509206991456; 0.00137634660411
24709.32897046924; -0.000502935967651; 0.00132762143018
24714.58436699943; -0.00049681793973; 0.00127869306396
24719.84088129345; -0.000492031305105; 0.00122992314785
24725.09851358892; -0.000485188267647; 0.00118414339826
24730.35726412373; -0.000480213273941; 0.00113880138362
24735.61713313562; -0.000475671528747; 0.0010934237511
24740.87812086258; -0.000470297702867; 0.00104803170352
24746.14022754244; -0.000463918605822; 0.0010047773607
24751.40345341329; -0.000459431574181; 0.000961285336565
24756.66779871308; -0.000455923616252; 0.000917459747418
24761.93326367998; -0.000449711623831; 0.000876294202133
24767.19984855205; -0.000444803655316; 0.00083359188738
24772.46755356758; -0.000441379174813; 0.000791910497862
24777.7363789647; -0.000437315159768; 0.000753001889591
24783.00632498181; -0.000433029892631; 0.000713095504031
24788.27739185715; -0.000427599220092; 0.000673606537525
24793.54957982921; -0.000424224756383; 0.000635700572304
24798.82288913635; -0.00041902093963; 0.000596383425413
24804.09732001715; -0.000415581721225; 0.00055943509706
24809.37287271007; -0.000411386862844; 0.000521861200287
24814.64954745379; -0.000407847679238; 0.000485552808791
24819.92734448687; -0.000403693186051; 0.000449017801511
24825.2062640481; -0.000400244087658; 0.000413641627903
24830.48630637614; -0.000396165950795; 0.000378107100796
24835.76747170988; -0.000392919982157; 0.000343879467252
24841.04976028808; -0.000389187686246; 0.000309890750359
24846.33317234972; -0.000385961122502; 0.000275242409867
24851.61770813368; -0.000383460028838; 0.000242503875647
24856.90336787905; -0.00037936369833; 0.000209573523987
24862.19015182479; -0.000376373053041; 0.000177312051291
24867.47806021009; -0.000373867470775; 0.000144324923665
24872.76709327403; -0.000370896673923; 0.000112479127153
24878.05725125589; -0.00036818961408; 8.28176902296e-05
24883.34853439484; -0.000365266870994; 5.04425591368e-05
24888.64094293029; -0.000362118743911; 2.06454005775e-05
24893.93447710149; -0.000357981508432; -9.80413247796e-06
24899.22913714797; -0.000355979916614; -3.87341346959e-05
24904.52492330907; -0.000352312330708; -6.82173047587e-05
24909.82183582441; -0.000350097696454; -9.71560404864e-05
24915.11987493346; -0.000347683834579; -0.000126326306607
24920.41904087592; -0.000344797807018; -0.000154377816321
24925.71933389136; -0.000343798803789; -0.000181787404073
24931.0207542196; -0.000340008302122; -0.000210078714299
24936.3233021003; -0.000338309708413; -0.000236772272336
24941.62697777339; -0.00033488737748; -0.000263532279401
24946.93178147862; -0.000333000342687; -0.000291203318052
24952.23771345603; -0.000330557654937; -0.000317054961878
24957.54477394548; -0.000327517661479; -0.000343832046803
24962.85296318709; -0.000324852395311; -0.000369073629201
24968.16228142083; -0.00032295269926; -0.000395577208671
24973.47272888694; -0.000321471926747; -0.00042018693902
24978.78430582548; -0.000319644979507; -0.000445249637856
24984.09701247678; -0.000317618355562; -0.000469768257593
24989.41084908101; -0.000315303931879; -0.000494132926433
24994.72581587862; -0.00031329199699; -0.000518520879452
25000.04191310987; -0.000311707252834; -0.000542243264478
25005.3591410153; -0.000308782151945; -0.000566368513735
25010.67749983528; -0.000307254924305; -0.000589997684042
25015.99698981046; -0.000306397524796; -0.000611653220163
25021.31761118131; -0.000304570847021; -0.000634388038816
25026.63936418857; -0.000301733516697; -0.000656815299449
25031.96224907282; -0.000300462895347; -0.000679870815464
25037.28626607491; -0.000298792798199; -0.000702158928412
25042.61141543552; -0.000297951694308; -0.000723062768152
25047.9376973956; -0.000295889888782; -0.00074486241149
25053.26511219593; -0.000294154435083; -0.000766888255144
25058.59366007755; -0.000291371904543; -0.000787836667215
25063.92334128137; -0.000290643315724; -0.000808756146487
25069.25415604852; -0.000289484289665; -0.000829447318412
25074.58610461999; -0.00028749019157; -0.000850510613666
25079.91918723705; -0.000285083477412; -0.000870763277158
25085.25340414079; -0.00028417085265; -0.000891461286335
25090.58875557255; -0.000283231087269; -0.000910481035325
25095.92524177353; -0.000281514993694; -0.000930198997928
25101.2628629852; -0.000280006666709; -0.00095052110003
25106.60161944886; -0.000279624115692; -0.000970540312794
25111.94151140606; -0.000277098045671; -0.000988724067119
25117.2825390982; -0.000275373634515; -0.00100753826455
25122.62470276695; -0.000273574740754; -0.00102706290069
25127.96800265381; -0.000273106931285; -0.00104565006141
25133.31243900054; -0.000272335133848; -0.00106457947226
25138.65801204877; -0.000270415836055; -0.00108272432926
25144.00472204034; -0.000269492966454; -0.00110106051069
25149.35256921699; -0.000266434135804; -0.00111891333289
25154.70155382066; -0.000265978588972; -0.0011362754346
25160.05167609319; -0.000264802322897; -0.00115408919563
25165.40293627663; -0.000263032358319; -0.00117118779188
25170.75533461292; -0.000262571326409; -0.00118808067349
25176.10887134422; -0.000260695645548; -0.00120549793053
25181.46354671256; -0.000260688263827; -0.00122353940205
25186.81936096021; -0.00025777806269; -0.00123956271736
25192.17631432929; -0.000256881678622; -0.00125659165222
25197.5344070622; -0.000256085767917; -0.00127258117143
25202.89363940115; -0.00025572360773; -0.00128976393681
25208.25401158863; -0.000254117246649; -0.0013051789221
25213.61552386703; -0.000253451757581; -0.00132101259461
25218.97817647877; -0.000252275976435; -0.00133542654634
25224.34196966649; -0.000252952517662; -0.00135371691311
25229.70690367268; -0.000250119481399; -0.00136911002824
25235.07297874009; -0.000249217529252; -0.00138618849482
25240.44019511129; -0.000248543739603; -0.00139624877042
25245.80855302913; -0.000249371509534; -0.00141184057394
25251.17805273631; -0.000246408430716; -0.00143075589774
25256.54869447578; -0.000245219164531; -0.00144708457735
25261.92047849032; -0.000244535279584; -0.0014601906378
25267.293405023; -0.000244074120749; -0.00147681621489
25272.6674743167; -0.000243926304401; -0.00149127369301
25278.04268661458; -0.000241979964682; -0.00150471252261
25283.41904215965; -0.00024266262192; -0.00151940483102
25288.79654119517; -0.000241710682749; -0.00153481269574
25294.17518396423; -0.000241034387218; -0.00154449895922
25299.55497071021; -0.000239056892438; -0.00156176614658
25304.9359016763; -0.000238484752167; -0.00157754282551
25310.31797710598; -0.00023713462414; -0.00158953279152
25315.70119724255; -0.00023725118781; -0.00160242431998
25321.08556232959; -0.000235484260506; -0.00161779428086
25326.4710726105; -0.000235701054918; -0.00163175388515
25331.85772832897; -0.000233974997816; -0.0016457972218
25337.24552972852; -0.000232845720413; -0.00165893224236
25342.63447705291; -0.000231864448591; -0.00167180582303
25348.02457054577; -0.000232281892646; -0.00168401831161
25353.41581045098; -0.00023037137621; -0.0016962735868
25358.80819701228; -0.000237187015044; -0.00170828730623
25364.20173047363; -0.000229935623585; -0.00172206481223
25369.59641107887; -0.000228654834551; -0.00173422333058
25374.99223907209; -0.000228186976082; -0.00174803545853
25380.38921469722; -0.000227242355477; -0.00175879747357
25385.78733819845; -0.000226808569419; -0.00177182926319
25391.18660981983; -0.000226088871728; -0.0017851433597
25396.58702980564; -0.000224878538549; -0.00179857058514
25401.98859840002; -0.000224483647817; -0.00180908975278
25407.39131584738; -0.000224029355773; -0.00182017804688
25412.79518239197; -0.000224619608456; -0.00183063203051
25418.20019827827; -0.0002223451325; -0.00184348562997
25423.60636375066; -0.00022230657664; -0.00185368174914
25429.01367905372; -0.000220188760235; -0.001869050987
25434.42214443191; -0.000213446227754; -0.00188180769353
25439.83176012995; -0.000218106737265; -0.00188723843023
25445.24252639239; -0.00021948034732; -0.00191068603686
25450.65444346405; -0.000220802274944; -0.00191381162723
25456.06751158958; -0.000216105899843; -0.00192714516918
25461.48173101391; -0.00021697932335; -0.00193916910683
25466.89710198181; -0.000220797112023; -0.00195164016158
25472.31362473829; -0.000217946955592; -0.00195972028213
25477.73129952822; -0.000216107927102; -0.00197266364341
25483.15012659674; -0.000216557718005; -0.00198156365387
25488.57010618881; -0.000215374553754; -0.00199377647122
25493.99123854967; -0.000214014684126; -0.0020050691121
25499.4135239244; -0.00021267261506; -0.00201617901896
25504.83696255833; -0.000213869343352; -0.00202535399797
25510.26155469664; -0.000213133306196; -0.00203606464912
