% Module: Sweep, ID: c0p1t8p1cfm0
% Devices: DEV646
% Time: 2025/10/24 12:35:33
% Demod 1 Sample X, /dev646/demods/0/sample.X
% Demod 1 Sample Y, /dev646/demods/0/sample.Y
% Frequency (Hz); Demod 1 Sample X  Amplitude (V); Demod 1 Sample Y  Amplitude (V)
% Demod 1 Sample R, /dev646/demods/0/sample.R
% Frequency (Hz); Demod 1 Sample R  Amplitude (V)
23000; 3.93423401132e-05; -0.0133051499723
23005.65170310604; 3.78041663538e-05; -0.0133252277219
23011.30479498367; 3.65646600477e-05; -0.0133443693136
23016.95927597425; 3.57516061386e-05; -0.0133662967389
23022.61514641909; 3.3563572037e-05; -0.0133868021623
23028.27240665955; 3.19313486789e-05; -0.0134064380343
23033.93105703725; 3.21011493674e-05; -0.0134270393875
23039.59109789373; 3.13431142465e-05; -0.0134468056252
23045.25252957062; 2.92953783774e-05; -0.0134687349674
23050.91535240977; 2.80032390867e-05; -0.0134898178961
23056.57956675299; 2.63829682536e-05; -0.013511380788
23062.24517294219; 2.55023117458e-05; -0.0135317848587
23067.91217131935; 2.42807496348e-05; -0.0135525463202
23073.58056222666; 2.19922434604e-05; -0.0135751594598
23079.25034600626; 2.02433442237e-05; -0.0135974786306
23084.92152300035; 1.88550021672e-05; -0.0136185339926
23090.59409355139; 1.79043594497e-05; -0.0136397839236
23096.26805800176; 1.76287903701e-05; -0.0136627956093
23101.94341669393; 1.60165960447e-05; -0.0136845095673
23107.62016997059; 1.35055727647e-05; -0.0137074866011
23113.29831817439; 1.19086706995e-05; -0.013731351752
23118.97786164806; 9.58799320413e-06; -0.013754028058
23124.65880073453; 9.40602708555e-06; -0.0137771958198
23130.3411357767; 6.98681668307e-06; -0.0138011895458
23136.02486711754; 6.0518967861e-06; -0.0138235901079
23141.70999510026; 5.18137689849e-06; -0.0138475791289
23147.396520068; 2.81891203201e-06; -0.0138714560395
23153.08444236399; 1.0947228165e-06; -0.0138951530818
23158.77376233168; -7.90242738082e-07; -0.0139197614902
23164.46448031448; -2.42717205352e-06; -0.0139427013456
23170.1565966559; -3.81811196608e-06; -0.0139682547891
23175.85011169952; -6.25168517876e-06; -0.0139943972385
23181.54502578914; -8.11265007093e-06; -0.0140175174123
23187.24133926847; -8.3010287978e-06; -0.0140424474782
23192.93905248135; -1.14661705216e-05; -0.0140689799119
23198.63816577182; -1.23977562861e-05; -0.0140947315516
23204.33867948386; -1.55982899464e-05; -0.0141197729745
23210.04059396156; -1.59608613206e-05; -0.0141468307882
23215.7439095492; -1.86365959078e-05; -0.0141731955405
23221.44862659104; -2.10115975702e-05; -0.0141996297883
23227.15474543139; -2.2311930905e-05; -0.0142250728347
23232.86226641482; -2.44910817007e-05; -0.0142522186901
23238.57118988582; -2.68337859799e-05; -0.0142795158095
23244.28151618897; -2.82051242533e-05; -0.0143080155234
23249.99324566907; -3.17032696109e-05; -0.0143344816905
23255.70637867088; -3.48142406347e-05; -0.0143632183146
23261.42091553923; -3.72913134722e-05; -0.0143919427432
23267.13685661918; -3.80598610857e-05; -0.0144194613696
23272.85420225574; -3.98703780717e-05; -0.0144474429501
23278.57295279399; -4.34885832563e-05; -0.014475411503
23284.29310857926; -4.52898413075e-05; -0.0145052805457
23290.0146699568; -4.76514605218e-05; -0.0145350893244
23295.73763727199; -5.02308645758e-05; -0.0145648868375
23301.46201087028; -5.23267970139e-05; -0.0145935316989
23307.18779109731; -5.56669033486e-05; -0.0146237659806
23312.91497829869; -5.65308475387e-05; -0.0146535207688
23318.64357282009; -6.0165546533e-05; -0.0146843457977
23324.37357500743; -6.20876153035e-05; -0.0147166704871
23330.10498520656; -6.41130918739e-05; -0.014746973125
23335.83780376341; -6.66643655403e-05; -0.0147790841504
23341.57203102416; -6.96203684655e-05; -0.014809448065
23347.30766733491; -7.22115629297e-05; -0.014841220864
23353.04471304185; -7.4515704351e-05; -0.0148740043247
23358.78316849141; -7.83701848399e-05; -0.0149070359114
23364.52303402995; -8.14331824308e-05; -0.0149382655916
23370.26431000391; -8.36899449214e-05; -0.0149720530624
23376.00699675997; -8.61121445209e-05; -0.0150051987182
23381.75109464475; -8.89588351842e-05; -0.0150397243501
23387.49660400496; -9.333191078e-05; -0.015074779855
23393.24352518753; -9.62334484945e-05; -0.0151080571349
23398.99185853932; -9.96296476431e-05; -0.0151433009285
23404.74160440735; -0.000102365050705; -0.015179072002
23410.49276313867; -0.000107099071898; -0.0152147100331
23416.24533508054; -0.000108509526973; -0.015250275008
23421.99932058018; -0.000112128317281; -0.0152865191667
23427.75471998489; -0.000114617570408; -0.0153234023664
23433.5115336422; -0.000119845062204; -0.0153602191412
23439.26976189958; -0.000123553050604; -0.0153983078649
23445.02940510459; -0.000126729716363; -0.0154362752357
23450.790463605; -0.00012932528817; -0.0154738895552
23456.55293774857; -0.000134724286088; -0.0155119366624
23462.31682788308; -0.000137866677662; -0.0155517381085
23468.08213435659; -0.000142658991486; -0.0155906970898
23473.84885751707; -0.000145817372378; -0.015630462472
23479.61699771261; -0.000149871044687; -0.0156711967952
23485.38655529149; -0.00015500859834; -0.0157123467163
23491.15753060195; -0.000160053431467; -0.0157535238258
23496.92992399233; -0.000164099945635; -0.0157947037401
23502.70373581118; -0.000167048117721; -0.0158367182763
23508.47896640699; -0.000173976677827; -0.0158786420433
23514.2556161284; -0.000177826366368; -0.0159198184862
23520.03368532407; -0.000183512536205; -0.0159635757732
23525.8131743429; -0.000189253623737; -0.0160077786933
23531.59408353373; -0.000194620474938; -0.0160503120281
23537.37641324549; -0.000199081946212; -0.0160950779481
23543.16016382734; -0.000204615974423; -0.0161392366464
23548.94533562836; -0.00020961416989; -0.0161848100129
23554.73192899775; -0.00021475812592; -0.0162307512846
23560.51994428491; -0.000219410955009; -0.0162745201659
23566.3093818392; -0.000223966571372; -0.0163220758364
23572.10024201006; -0.000228008530735; -0.0163698808597
23577.89252514716; -0.000233647445268; -0.0164180812986
23583.68623160011; -0.000238406369169; -0.0164658887001
23589.48136171861; -0.000242582710732; -0.0165150857645
23595.27791585259; -0.000247106968662; -0.0165668979981
23601.07589435192; -0.00025372238584; -0.0166186037137
23606.87529756655; -0.00025967140782; -0.0166704259761
23612.67612584667; -0.000266484253043; -0.0167229314333
23618.47837954241; -0.000272472375137; -0.0167758933356
23624.28205900398; -0.000279804885595; -0.0168287581266
23630.08716458183; -0.000286471474898; -0.0168825610741
23635.89369662633; -0.000292659980374; -0.0169369971019
23641.70165548802; -0.000298780530277; -0.0169920169683
23647.51104151746; -0.000305425102905; -0.0170484864331
23653.32185506542; -0.000312765909962; -0.0171044871937
23659.13409648264; -0.000320256479174; -0.0171619285634
23664.94776611993; -0.000326728878099; -0.0172212125744
23670.76286432835; -0.000334535719018; -0.0172798329145
23676.57939145889; -0.0003419597124; -0.0173395556153
23682.39734786261; -0.000349350497218; -0.0173993301766
23688.21673389083; -0.000358349698758; -0.0174627711786
23694.03754989479; -0.000367115948286; -0.0175242558172
23699.85979622583; -0.000374219158274; -0.0175862315535
23705.68347323551; -0.000382381158353; -0.0176509170753
23711.50858127534; -0.000390683434984; -0.0177159786045
23717.33512069692; -0.000400768454476; -0.0177823980116
23723.16309185206; -0.00041013822485; -0.0178483676202
23728.99249509253; -0.000419371211387; -0.0179173105568
23734.8233307702; -0.000427833180466; -0.0179855982465
23740.65559923713; -0.000438472556906; -0.018054180641
23746.48930084536; -0.000447287476924; -0.0181250282587
23752.32443594704; -0.000456897804455; -0.018196999353
23758.16100489438; -0.000468758462259; -0.018269128118
23763.99900803981; -0.000478539582533; -0.0183420443992
23769.83844573569; -0.000489553744985; -0.0184184376877
23775.67931833449; -0.000500221250716; -0.0184936072259
23781.52162618889; -0.000513133194073; -0.0185716046466
23787.36536965153; -0.000525064585933; -0.0186494331016
23793.21054907513; -0.000536973447858; -0.0187296146949
23799.05716481263; -0.000549743436269; -0.0188096931793
23804.90521721692; -0.000561925644193; -0.0188900736104
23810.754706641; -0.000574563502715; -0.0189738258405
23816.60563343806; -0.000588048657055; -0.0190591577554
23822.45799796125; -0.000601047344979; -0.0191451482204
23828.31180056382; -0.000615362465905; -0.019232182185
23834.16704159923; -0.000630098168262; -0.0193208268966
23840.02372142091; -0.000645714811527; -0.0194105493405
23845.88184038234; -0.000660189314191; -0.0195016141438
23851.74139883726; -0.00067702227209; -0.0195951816346
23857.60239713934; -0.000691363578879; -0.0196906058055
23863.4648356424; -0.000708695490052; -0.0197862285104
23869.32871470026; -0.000724888975014; -0.0198836637249
23875.19403466703; -0.000742839220745; -0.0199848552517
23881.06079589671; -0.000760912853249; -0.0200857038853
23886.92899874342; -0.000778728930781; -0.0201887065841
23892.79864356148; -0.00079715043349; -0.0202928959016
23898.6697307052; -0.000817029609552; -0.0203999493899
23904.54226052893; -0.000837144855199; -0.0205100535209
23910.41623338727; -0.00085793197092; -0.0206195065477
23916.29164963478; -0.000879611153911; -0.0207323803268
23922.16850962607; -0.000901801047578; -0.0208470779887
23928.04681371601; -0.000923393308783; -0.020964826232
23933.92656225941; -0.000947500294382; -0.0210839381256
23939.80775561115; -0.00097064621271; -0.021205623086
23945.69039412637; -0.000995297312793; -0.0213293642376
23951.57447816013; -0.00102172952363; -0.0214561347115
23957.46000806757; -0.00104744321881; -0.021585936036
23963.3469842041; -0.00107610191723; -0.0217166009902
23969.23540692503; -0.00110260927003; -0.021852223828
23975.12527658578; -0.00113152591745; -0.0219891904189
23981.01659354199; -0.00116249531155; -0.0221287246103
23986.90935814927; -0.00119391762319; -0.0222717919524
23992.80357076333; -0.00122516469143; -0.0224167640229
23998.69923173994; -0.00125873062491; -0.0225662577147
24004.5963414351; -0.00129258591648; -0.0227166943858
24010.49490020474; -0.00132916186306; -0.022873179773
24016.39490840489; -0.00136582284475; -0.0230312908622
24022.29636639182; -0.00140520512819; -0.0231948703528
24028.19927452172; -0.00144403655946; -0.0233603009082
24034.10363315089; -0.00148531189154; -0.0235305975623
24040.00944263584; -0.00152820875362; -0.0237037596671
24045.91670333305; -0.00157324465289; -0.0238845367308
24051.82541559907; -0.00161954422294; -0.0240653019698
24057.73557979067; -0.00166791827854; -0.0242511918691
24063.6471962646; -0.00171735855118; -0.024442604082
24069.56026537765; -0.00176978864442; -0.0246392238125
24075.47478748689; -0.00182279041045; -0.0248393942295
24081.3907629493; -0.0018800072966; -0.0250443113874
24087.30819212196; -0.00193806189772; -0.0252545783427
24093.22707536219; -0.00199717837289; -0.0254709431168
24099.14741302723; -0.0020592459024; -0.0256937825528
24105.06920547448; -0.0021254064997; -0.0259206200379
24110.99245306136; -0.0021917801257; -0.0261548512902
24116.91715614555; -0.00226246563353; -0.026394759381
24122.84331508464; -0.00233640019753; -0.0266431413321
24128.77093023633; -0.0024131578822; -0.0268990030011
24134.70000195855; -0.00249224195067; -0.0271586771244
24140.63053060916; -0.0025761196043; -0.0274297723773
24146.56251654612; -0.0026657752566; -0.0277073522629
24152.49596012762; -0.00275722951526; -0.0279919665941
24158.4308617118; -0.00285420629771; -0.028287552318
24164.36722165687; -0.00295420500168; -0.028589918646
24170.3050403213; -0.00306220599818; -0.0289032712234
24176.24431806347; -0.00317392009817; -0.0292249687284
24182.18505524187; -0.00329210779704; -0.02955753124
24188.12725221523; -0.00341656792618; -0.0299010327669
24194.0709093422; -0.00354695710601; -0.0302547655072
24200.01602698152; -0.00368439918116; -0.0306204266666
24205.9626054922; -0.00383039378313; -0.0309974455147
24211.91064523315; -0.00398421500499; -0.0313861078191
24217.86014656343; -0.00414729822086; -0.0317889714232
24223.81110984214; -0.00431892064686; -0.0322062111783
24229.76353542863; -0.00450032406233; -0.03263830328
24235.71742368217; -0.00469253695833; -0.0330834160767
24241.67277496213; -0.00489662143801; -0.0335470955763
24247.62958962811; -0.00511583549382; -0.0340278309358
24253.58786803965; -0.00534633708477; -0.0345235751079
24259.54761055638; -0.00559356173476; -0.0350410050657
24265.50881753818; -0.00585460195133; -0.0355787397627
24271.47148934485; -0.00613628457771; -0.0361351140384
24277.43562633628; -0.00643676876672; -0.0367157998724
24283.40122887262; -0.00675708581374; -0.0373194084174
24289.36829731392; -0.00709978519649; -0.0379473218375
24295.33683202036; -0.00746975128041; -0.0386001442941
24301.30683335234; -0.00786635296552; -0.0392807769484
24307.27830167019; -0.00829317418089; -0.039990642277
24313.25123733433; -0.00875219886538; -0.0407299668838
24319.22564070545; -0.00924892439564; -0.0415015744101
24325.20151214413; -0.00978628346709; -0.0423068193719
24331.17885201107; -0.0103673854994; -0.0431447689595
24337.15766066721; -0.0109987414664; -0.0440213488384
24343.13793847341; -0.0116861412206; -0.0449377243183
24349.11968579068; -0.0124344250363; -0.0458931141676
24355.10290298007; -0.0132531019496; -0.0468939869095
24361.08759040287; -0.0141473990252; -0.0479343120677
24367.0737484203; -0.0151283682871; -0.0490194885521
24373.06137739367; -0.0162046854618; -0.0501501149474
24379.05047768453; -0.0173893757165; -0.0513265038047
24385.04104965439; -0.0186989623305; -0.052549887984
24391.03309366481; -0.0201458951351; -0.0538186471763
24397.02661007762; -0.0217488024342; -0.0551332789488
24403.02159925457; -0.0235326761552; -0.0564777094416
24409.01806155752; -0.0255136630448; -0.0578541985053
24415.01599734854; -0.0277222848664; -0.0592434685159
24421.01540698967; -0.0301924466092; -0.0606389915418
24427.01629084301; -0.0329545110525; -0.0620202781902
24433.01864927091; -0.0360500493513; -0.0633565998669
24439.02248263568; -0.0395171428177; -0.0646040936843
24445.02779129969; -0.0433990417219; -0.0657133845237
24451.03457562556; -0.0477392734057; -0.0666133726068
24457.04283597584; -0.052565495277; -0.0672072606671
24463.05257271324; -0.0579156052761; -0.0673897019032
24469.0637862005; -0.0637920706641; -0.0670135780167
24475.07647680059; -0.0701573161444; -0.0658950483928
24481.09064487642; -0.0769556974648; -0.0638626490405
24487.106290791; -0.0840306422626; -0.0606969192402
24493.12341490757; -0.0911531852611; -0.0562030843882
24499.14201758933; -0.0980035977506; -0.0502422138969
24505.16209919952; -0.104184507704; -0.0427735351918
24511.18366010168; -0.109232044953; -0.0338856218812
24517.20670065926; -0.112716278814; -0.0238605449903
24523.23122123578; -0.114288882455; -0.0131327278907
24529.25722219503; -0.113807875861; -0.00226823249488
24535.28470390073; -0.111323481754; 0.00816076763778
24541.31366671669; -0.107102636128; 0.0176502261899
24547.34411100696; -0.101551682282; 0.0258463582705
24553.37603713552; -0.0950990219034; 0.0325715946936
24559.40944546644; -0.0881915308923; 0.0378132704624
24565.44433636405; -0.0811848146201; 0.0416706059509
24571.48071019261; -0.0743411442031; 0.0443097793036
24577.51856731649; -0.0678461008825; 0.0459396766215
24583.55790810015; -0.0618047025208; 0.0467521459735
24589.59873290825; -0.0562671490901; 0.0469297277183
24595.64104210541; -0.051237619191; 0.0466246074377
24601.68483605633; -0.0467040845293; 0.0459642946182
24607.73011512596; -0.0426400525168; 0.0450554269259
24613.77687967917; -0.0389911694012; 0.0439598518644
24619.82513008094; -0.0357246204959; 0.0427436483248
24625.87486669648; -0.0328087135169; 0.0414637205237
24631.92608989095; -0.030199139296; 0.0401487993128
24637.97880002957; -0.027859777523; 0.0388197002654
24644.03299747785; -0.025759780552; 0.037497026371
24650.08868260119; -0.0238718743467; 0.0361945296778
24656.1458557651; -0.0221727893317; 0.0349241096833
24662.20451733535; -0.0206396900954; 0.0336867058443
24668.26466767761; -0.0192515941286; 0.0324904918954
24674.32630715767; -0.017994145471; 0.0313342738155
24680.38943614155; -0.0168494445799; 0.0302205353643
24686.45405499521; -0.0158114712918; 0.0291541742069
24692.52016408469; -0.0148636456512; 0.0281281269246
24698.5877637763; -0.0139948200776; 0.0271421351254
24704.65685443626; -0.0131988194619; 0.0261932066186
24710.72743643093; -0.0124672755552; 0.0252877152833
24716.79951012673; -0.011793737059; 0.0244158608858
24722.87307589031; -0.0111754842022; 0.0235824283665
24728.94813408826; -0.0106035322489; 0.0227843841607
24735.02468508726; -0.0100761474378; 0.0220230659053
24741.10272925423; -0.00958822506227; 0.0212948441587
24747.18226695603; -0.00913516039079; 0.0205965604863
24753.26329855961; -0.00871412585034; 0.0199262032024
24759.34582443216; -0.00832290038645; 0.0192835740441
24765.42984494082; -0.00795716512684; 0.0186667005985
24771.5153604528; -0.00761535159363; 0.0180725934639
24777.60237133556; -0.00729446569032; 0.0175018261474
24783.69087795652; -0.00699457759106; 0.0169531855828
24789.78088068315; -0.00671486719342; 0.0164240300386
24795.87237988319; -0.00644840312202; 0.0159138394851
24801.96537592432; -0.00619905387255; 0.0154221664742
24808.0598691743; -0.00596226064665; 0.0149500504445
24814.15586000113; -0.00574131558878; 0.0144947718293
24820.25334877275; -0.00553222435005; 0.0140544986863
24826.35233585725; -0.00533326112229; 0.0136307855895
24832.45282162276; -0.00514462259008; 0.0132229267577
24838.55480643764; -0.00496637670754; 0.0128274019318
24844.65829067019; -0.00479656707202; 0.012445757683
24850.76327468881; -0.0046358491313; 0.0120783310724
24856.86975886214; -0.00448268671398; 0.0117212575688
24862.97774355876; -0.00433621715295; 0.0113756837922
24869.08722914733; -0.00419562969666; 0.0110416278045
24875.19821599677; -0.00406081717688; 0.0107168025034
24881.31070447591; -0.00393291764165; 0.0104035172106
24887.4246949537; -0.00381021873076; 0.0100973265556
24893.54018779933; -0.00369358548351; 0.00980097631572
24899.65718338191; -0.00358068543393; 0.00951327540281
24905.77568207066; -0.00347242158066; 0.0092317515136
24911.89568423502; -0.00336904350909; 0.0089602045233
24918.01719024439; -0.00326926530194; 0.0086948755435
24924.14020046825; -0.00317415650562; 0.00843606843589
24930.26471527634; -0.00308378384689; 0.00818558713835
24936.39073503831; -0.00299568679176; 0.00793708387487
24942.51826012397; -0.00291072332115; 0.00769907158374
24948.64729090318; -0.00282888123297; 0.00746556935971
24954.77782774601; -0.00275234311445; 0.00723734480218
24960.90987102249; -0.00267679141461; 0.00701398035267
24967.04342110276; -0.002604823894; 0.00679604923227
24973.17847835716; -0.00253617572246; 0.0065839065877
24979.31504315601; -0.00247116442548; 0.00637648787022
24985.45311586968; -0.00240757697772; 0.00617385719883
24991.59269686883; -0.0023471869748; 0.00597478098851
24997.73378652402; -0.00228961506919; 0.00578239293534
25003.87638520592; -0.00223582180528; 0.00559377372804
25010.02049328544; -0.00218128142641; 0.00540869881755
25016.16611113343; -0.00212981310541; 0.00522887697851
25022.31323912082; -0.00208274428228; 0.00505314251838
25028.46187761879; -0.00203341488642; 0.00488277615096
25034.61202699847; -0.00199023568541; 0.00471586807533
25040.76368763108; -0.00194503057314; 0.00455166805785
25046.91685988806; -0.00190290195186; 0.00439237221438
25053.07154414082; -0.00186147960627; 0.00423515006756
25059.22774076083; -0.00182250627827; 0.00408339325563
25065.38545011983; -0.00178442146393; 0.00393479496905
25071.54467258949; -0.00174886400688; 0.0037880852584
25077.70540854162; -0.00171278709409; 0.00364485638933
25083.86765834806; -0.00167841275663; 0.00350514546884
25090.03142238093; -0.00164514065018; 0.00336960385345
25096.19670101224; -0.00161281445978; 0.00323670653211
25102.36349461412; -0.00158080703834; 0.0031052302183
25108.53180355895; -0.00155099964933; 0.00297708174917
25114.70162821903; -0.00151947363573; 0.00285292140036
25120.87296896676; -0.00149139910536; 0.00272962694014
25127.0458261748; -0.00146197149247; 0.00260981833038
25133.22020021571; -0.00143506547808; 0.00249097659527
25139.39609146218; -0.00140862706815; 0.00237731317065
25145.57350028712; -0.00138270573948; 0.00226420798326
25151.7524270634; -0.00135680745085; 0.00215106388295
25157.93287216395; -0.0013323882927; 0.00204264685483
25164.11483596199; -0.00130684967613; 0.00193557306273
25170.29831883063; -0.00128395915973; 0.00183054356506
25176.48332114311; -0.00126023285303; 0.00172725834642
25182.66984327288; -0.00123810580984; 0.00162563119072
25188.85788559337; -0.00121566509171; 0.00152589943939
25195.04744847812; -0.00119441040173; 0.00142865826221
25201.23853230072; -0.00117339583214; 0.00133192380934
25207.43113743501; -0.00115058540178; 0.0012455760018
25213.62526425476; -0.00113011899881; 0.00115260456294
25219.82091313385; -0.00111518963749; 0.00105831980841
25226.01808444638; -0.00109860682978; 0.000970749927201
25232.2167785664; -0.0010790794975; 0.00088372126677
25238.41699586805; -0.00106136987969; 0.000797262117914
25244.61873672574; -0.00104211812879; 0.000710886916263
25250.82200151377; -0.00102408444486; 0.000628968492473
25257.02679060657; -0.00100584050827; 0.000548556946249
25263.23310437881; -0.000987567112098; 0.000468790514947
25269.44094320508; -0.000969481635471; 0.000390212736941
25275.65030746008; -0.000952512381175; 0.000311959904818
25281.86119751875; -0.000936196175682; 0.000235757169643
25288.07361375597; -0.000918788094429; 0.000160629523124
25294.28755654671; -0.000901397241801; 8.83982331022e-05
25300.50302626619; -0.000884176432608; 1.40072700538e-05
25306.72002328956; -0.000866697520711; -5.84800682834e-05
25312.93854799213; -0.000849531609968; -0.00012863710053
25319.15860074922; -0.000832718045919; -0.000199226587805
25325.38018193642; -0.000816940392338; -0.000270179746058
25331.60329192927; -0.000799417114581; -0.000340118500787
25337.82793110338; -0.000782071538994; -0.000408131837997
25344.0540998346; -0.000767968261906; -0.000474903315983
25350.28179849874; -0.000751891806649; -0.000543248557589
25356.5110274717; -0.000737435564127; -0.000611074519819
25362.74178712961; -0.000720822188581; -0.000674944370081
25368.97407784855; -0.0007070500734; -0.00074153373652
25375.20790000469; -0.000691760425047; -0.00080518022171
25381.44325397445; -0.000678159435243; -0.000868450701313
25387.68014013418; -0.000665015099055; -0.000932171386479
25393.91855886034; -0.000651973259365; -0.000995089979181
25400.15851052961; -0.0006397796408; -0.00105742938799
25406.39999551863; -0.000627644739093; -0.00111940765778
25412.64301420412; -0.000615716781118; -0.00117878597233
25418.88756696307; -0.000603703294498; -0.00123868308198
25425.13365417236; -0.000590444364101; -0.00129721740793
25431.38127620902; -0.000581688564096; -0.00135623500209
25437.6304334503; -0.000570421240337; -0.00141347906092
25443.88112627337; -0.000560162577025; -0.00147049147099
25450.13335505557; -0.000549312648793; -0.00152575726739
25456.38712017428; -0.000539491306389; -0.00158258614391
25462.64242200712; -0.000530044494706; -0.00163766070759
25468.89926093164; -0.000521532622407; -0.00169350006794
25475.1576373255; -0.000511567911091; -0.00174564946546
25481.4175515666; -0.000502980580508; -0.00179961963911
25487.67900403278; -0.000493682752073; -0.00185147321683
25493.94199510197; -0.000484575880003; -0.00190304093978
25500.20652515234; -0.000476661795461; -0.0019548365122
25506.47259456201; -0.000470786156428; -0.00200514823199
25512.74020370919; -0.00046130402065; -0.00205500445013
25519.00935297235; -0.000454521756294; -0.00210497421051
25525.28004272986; -0.000446113864739; -0.00215420353806
25531.55227336023; -0.000439869847066; -0.00220220509796
25537.82604524218; -0.000431710786612; -0.00224943375714
25544.1013587544; -0.000424155862456; -0.00229794814629
25550.37821427565; -0.000416985415511; -0.00234371063906
25556.65661218494; -0.000411364165157; -0.00238991932617
25562.93655286123; -0.000403273056013; -0.00243626093097
25569.21803668362; -0.000397744547255; -0.00248176333218
25575.50106403124; -0.000391841335189; -0.00252539353056
25581.78563528349; -0.000385150976642; -0.00257067615014
25588.07175081969; -0.000379344075864; -0.00261313673233
25594.35941101926; -0.000372884188767; -0.00265761093527
25600.64861626187; -0.000367565017706; -0.00270077001577
25606.93936692712; -0.000361658954198; -0.00274219846241
25613.23166339471; -0.000356566369068; -0.00278452449553
25619.52550604459; -0.000351878987971; -0.002825918382
25625.82089525665; -0.000345863980278; -0.00286703741338
25632.11783141087; -0.000340607899032; -0.00290615263384
25638.41631488747; -0.000334258642673; -0.00294672812745
25644.71634606662; -0.000330415119488; -0.0029865126233
25651.01792532857; -0.000325525993049; -0.00302588481458
25657.32105305384; -0.000320451762335; -0.00306576662911
25663.62572962288; -0.000316332885654; -0.00310237599435
25669.93195541622; -0.000311633540705; -0.00314130556682
25676.23973081465; -0.000306668877056; -0.00317936274382
25682.54905619889; -0.000300621784641; -0.00321734934071
25688.85993194983; -0.000298247711333; -0.00325287144371
25695.17235844837; -0.000293677504395; -0.00329199749199
25701.48633607568; -0.000290424878295; -0.00332600789052
25707.80186521285; -0.000284860499295; -0.00336242479201
25714.11894624109; -0.000281291259477; -0.0033975094596
25720.43757954183; -0.000275925548073; -0.00343345328346
25726.75776549647; -0.000272358386393; -0.00346826783151
25733.07950448647; -0.000267408706731; -0.0035031663085
25739.40279689356; -0.000263861067764; -0.00353722018071
25745.72764309941; -0.000260944730955; -0.00357067433294
25752.05404348576; -0.000256653059639; -0.00360448355029
25758.38199843463; -0.000254505926331; -0.00363780269074
25764.71150832797; -0.000250037278037; -0.00367050400015
25771.04257354781; -0.000246048930925; -0.00370342393664
25777.37519447643; -0.000243241734396; -0.00373585464613
25783.70937149607; -0.000239790448861; -0.00376800009863
25790.04510498905; -0.000235844892745; -0.00379998206622
25796.38239533794; -0.000232320618893; -0.00383133911601
25802.72124292524; -0.000229151169739; -0.00386154343109
25809.06164813361; -0.000226665480457; -0.00389399639927
25815.40361134574; -0.000223383174805; -0.00392481141698
25821.74713294459; -0.000220093071444; -0.00395531987281
25828.09221331304; -0.000217118236529; -0.00398508120576
25834.43885283406; -0.000213734991948; -0.0040148505615
25840.78705189088; -0.00021166871385; -0.00404463139438
25847.13681086668; -0.00020817408642; -0.00407356457568
25853.48813014471; -0.000204621050528; -0.00410537134237
25859.84101010847; -0.000202337761868; -0.00413244182118
25866.19545114144; -0.00020056405444; -0.00415940127718
25872.55145362713; -0.000198720908899; -0.00418931502714
25878.90901794936; -0.000196420762005; -0.00421659449677
25885.26814449185; -0.000192750613464; -0.00424378386662
25891.62883363843; -0.000190217426741; -0.00427007518557
25897.99108577317; -0.000186282017355; -0.00429878655364
25904.3549012801; -0.000184277126927; -0.00432538386724
25910.72028054331; -0.000181537052255; -0.00435070468058
25917.08722394718; -0.000178813790995; -0.0043786564389
25923.45573187599; -0.000176295633568; -0.0044049794382
25929.82580471414; -0.000173289270067; -0.00443326999817
25936.19744284628; -0.000171706386485; -0.00445877920131
25942.57064665698; -0.000169480805697; -0.00448381200049
25948.94541653098; -0.000166832525268; -0.00451020568842
25955.32175285304; -0.000163785320532; -0.00453606059277
25961.69965600819; -0.00016290753398; -0.00456121798465
25968.07912638139; -0.000158854362631; -0.00458564173122
25974.46016435769; -0.000157281105696; -0.00461128948625
25980.84277032239; -0.000155203926444; -0.00463573503622
25987.22694466075; -0.000153564272114; -0.00466113790449
25993.61268775809; -0.000150330410162; -0.00468648056203
26000; -0.000149068746138; -0.00470933519467
23000; 0.0133052081383
23005.65170310604; 0.0133252813477
23011.30479498367; 0.0133444194085
23016.95927597425; 0.0133663445522
23022.61514641909; 0.0133868442378
23028.27240665955; 0.0134064760611
23033.93105703725; 0.0134270777609
23039.59109789373; 0.0134468421539
23045.25252957062; 0.0134687668271
23050.91535240977; 0.0134898469617
23056.57956675299; 0.0135114065463
23062.24517294219; 0.0135318088898
23067.91217131935; 0.0135525680709
23073.58056222666; 0.0135751772739
23079.25034600626; 0.0135974936993
23084.92152300035; 0.013618547045
23090.59409355139; 0.0136397956747
23096.26805800176; 0.0136628069823
23101.94341669393; 0.0136845189404
23107.62016997059; 0.0137074932544
23113.29831817439; 0.013731356916
23118.97786164806; 0.0137540313999
23124.65880073453; 0.0137771990307
23130.3411357767; 0.0138011913143
23136.02486711754; 0.0138235914327
23141.70999510026; 0.0138475800982
23147.396520068; 0.0138714563259
23153.08444236399; 0.013895153125
23158.77376233168; 0.0139197615126
23164.46448031448; 0.0139427015569
23170.1565966559; 0.0139682553109
23175.85011169952; 0.0139943986349
23181.54502578914; 0.0140175197599
23187.24133926847; 0.0140424499317
23192.93905248135; 0.0140689845843
23198.63816577182; 0.0140947370041
23204.33867948386; 0.0141197815903
23210.04059396156; 0.014146839792
23215.7439095492; 0.0141732077932
23221.44862659104; 0.014199645334
23227.15474543139; 0.0142250903327
23232.86226641482; 0.0142522397328
23238.57118988582; 0.0142795410222
23244.28151618897; 0.0143080433234
23249.99324566907; 0.0143345167492
23255.70637867088; 0.0143632605067
23261.42091553923; 0.0143919910563
23267.13685661918; 0.0144195115986
23272.85420225574; 0.0144474979649
23278.57295279399; 0.0144754768294
23284.29310857926; 0.0145053512498
23290.0146699568; 0.0145351674339
23295.73763727199; 0.0145649734544
23301.46201087028; 0.0145936255105
23307.18779109731; 0.0146238719312
23312.91497829869; 0.0146536298117
23318.64357282009; 0.014684469054
23324.37357500743; 0.0147168014561
23330.10498520656; 0.0147471124916
23335.83780376341; 0.0147792345019
23341.57203102416; 0.0148096117095
23347.30766733491; 0.0148413965396
23353.04471304185; 0.0148741909777
23358.78316849141; 0.0149072419163
23364.52303402995; 0.0149384875489
23370.26431000391; 0.0149722869633
23376.00699675997; 0.0150054458073
23381.75109464475; 0.0150399874402
23387.49660400496; 0.0150750687734
23393.24352518753; 0.0151083636198
23398.99185853932; 0.0151436286628
23404.74160440735; 0.0151794171643
23410.49276313867; 0.0152150869732
23416.24533508054; 0.0152506610394
23421.99932058018; 0.015286930398
23427.75471998489; 0.0153238310246
23433.5115336422; 0.0153606866677
23439.26976189958; 0.0153988035398
23445.02940510459; 0.0154367954438
23450.790463605; 0.0154744299733
23456.55293774857; 0.0155125217051
23462.31682788308; 0.0155523491929
23468.08213435659; 0.0155913497598
23473.84885751707; 0.015631142626
23479.61699771261; 0.0156719134225
23485.38655529149; 0.0157131113087
23491.15753060195; 0.0157543368642
23496.92992399233; 0.0157955561798
23502.70373581118; 0.0158375992763
23508.47896640699; 0.0158795951152
23514.2556161284; 0.0159208116266
23520.03368532407; 0.0159646305412
23525.8131743429; 0.0160088973895
23531.59408353373; 0.0160514919347
23537.37641324549; 0.0160963091352
23543.16016382734; 0.0161405336723
23548.94533562836; 0.016186167343
23554.73192899775; 0.0162321720147
23560.51994428491; 0.0162759991336
23566.3093818392; 0.0163236123648
23572.10024201006; 0.0163714686956
23577.89252514716; 0.0164197437451
23583.68623160011; 0.0164676145292
23589.48136171861; 0.0165168672629
23595.27791585259; 0.016568740783
23601.07589435192; 0.0166205404378
23606.87529756655; 0.0166724482745
23612.67612584667; 0.0167250545464
23618.47837954241; 0.0167781059242
23624.28205900398; 0.0168310840666
23630.08716458183; 0.0168849913926
23635.89369662633; 0.0169395253975
23641.70165548802; 0.0169946435813
23647.51104151746; 0.0170512220721
23653.32185506542; 0.0171073465118
23659.13409648264; 0.0171649164352
23664.94776611993; 0.0172243117219
23670.76286432835; 0.017283070899
23676.57939145889; 0.0173429272438
23682.39734786261; 0.0174028370205
23688.21673389083; 0.0174664475994
23694.03754989479; 0.0175281007546
23699.85979622583; 0.0175902126261
23705.68347323551; 0.0176550584522
23711.50858127534; 0.0177202858741
23717.33512069692; 0.0177869135714
23723.16309185206; 0.0178530792881
23728.99249509253; 0.0179222177702
23734.8233307702; 0.0179906860768
23740.65559923713; 0.0180595043343
23746.48930084536; 0.0181305464745
23752.32443594704; 0.018202734439
23758.16100489438; 0.0182751409486
23763.99900803981; 0.0183482858293
23769.83844573569; 0.0184249425976
23775.67931833449; 0.0185003710645
23781.52162618889; 0.0185786922259
23787.36536965153; 0.0186568230905
23793.21054907513; 0.0187373105622
23799.05716481263; 0.018817725031
23804.90521721692; 0.0188984296024
23810.754706641; 0.0189825232845
23816.60563343806; 0.0190682273841
23822.45799796125; 0.0191545806087
23828.31180056382; 0.0192420243883
23834.16704159923; 0.019331098667
23840.02372142091; 0.019421286603
23845.88184038234; 0.0195127856582
23851.74139883726; 0.0196068738571
23857.60239713934; 0.0197027394183
23863.4648356424; 0.0197989163331
23869.32871470026; 0.0198968727982
23875.19403466703; 0.0199986561933
23881.06079589671; 0.0201001116648
23886.92899874342; 0.0202037197636
23892.79864356148; 0.0203085467941
23898.6697307052; 0.020416304085
23904.54226052893; 0.0205271309963
23910.41623338727; 0.0206373471536
23916.29164963478; 0.0207510315357
23922.16850962607; 0.0208665738874
23928.04681371601; 0.0209851517541
23933.92656225941; 0.0211052174519
23939.80775561115; 0.0212278261849
23945.69039412637; 0.0213525735105
23951.57447816013; 0.0214804480395
23957.46000806757; 0.0216113343374
23963.3469842041; 0.0217432461676
23969.23540692503; 0.0218800236159
23975.12527658578; 0.0220182843605
23981.01659354199; 0.0221592384397
23986.90935814927; 0.0223037699966
23992.80357076333; 0.0224502191032
23998.69923173994; 0.0226013360231
24004.5963414351; 0.0227534389086
24010.49490020474; 0.0229117660643
24016.39490840489; 0.0230717539607
24022.29636639182; 0.023237396845
24028.19927452172; 0.0234048905169
24034.10363315089; 0.0235774293139
24040.00944263584; 0.0237529712741
24045.91670333305; 0.0239362944831
24051.82541559907; 0.0241197363664
24057.73557979067; 0.0243084812042
24063.6471962646; 0.0245028613574
24069.56026537765; 0.0247027023204
24075.47478748689; 0.0249061853877
24081.3907629493; 0.0251147757367
24087.30819212196; 0.0253288335931
24093.22707536219; 0.0255491225821
24099.14741302723; 0.0257761703043
24105.06920547448; 0.0260076122691
24110.99245306136; 0.0262465263632
24116.91715614555; 0.026491547209
24122.84331508464; 0.0267453873766
24128.77093023633; 0.0270070304442
24134.70000195855; 0.0272727888762
24140.63053060916; 0.0275504773985
24146.56251654612; 0.0278352964263
24152.49596012762; 0.0281274333775
24158.4308617118; 0.0284311819968
24164.36722165687; 0.0287421428459
24170.3050403213; 0.0290650338549
24176.24431806347; 0.0293968121735
24182.18505524187; 0.029740303071
24188.12725221523; 0.0300955926494
24194.0709093422; 0.0304619720407
24200.01602698152; 0.0308412925567
24205.9626054922; 0.0312332122103
24211.91064523315; 0.031637979285
24217.86014656343; 0.0320583653151
24223.81110984214; 0.0324945089825
24229.76353542863; 0.0329471054519
24235.71742368217; 0.0334145525544
24241.67277496213; 0.0339025739894
24247.62958962811; 0.0344102463083
24253.58786803965; 0.0349350906461
24259.54761055638; 0.0354846441281
24265.50881753818; 0.0360572196254
24271.47148934485; 0.036652427682
24277.43562633628; 0.0372757555581
24283.40122887262; 0.0379261974539
24289.36829731392; 0.0386057791591
24295.33683202036; 0.0393162602967
24301.30683335234; 0.0400606907909
24307.27830167019; 0.0408415010464
24313.25123733433; 0.0416597070001
24319.22564070545; 0.0425196811017
24325.20151214413; 0.0434239370562
24331.17885201107; 0.0443728945491
24337.15766066721; 0.0453745685092
24343.13793847341; 0.0464323697816
24349.11968579068; 0.0475477954692
24355.10290298007; 0.0487307984703
24361.08759040287; 0.0499784670892
24367.0737484203; 0.0513008555965
24373.06137739367; 0.0527031864326
24379.05047768453; 0.0541922538802
24385.04104965439; 0.0557776112734
24391.03309366481; 0.0574656756219
24397.02661007762; 0.0592679412075
24403.02159925457; 0.0611842995449
24409.01806155752; 0.0632301770253
24415.01599734854; 0.0654088192831
24421.01540698967; 0.0677397307897
24427.01629084301; 0.0702318638902
24433.01864927091; 0.0728948887434
24439.02248263568; 0.0757317205486
24445.02779129969; 0.0787510363611
24451.03457562556; 0.0819535211895
24457.04283597584; 0.0853226065008
24463.05257271324; 0.0888571283415
24469.0637862005; 0.092521607845
24475.07647680059; 0.0962507475881
24481.09064487642; 0.100003086526
24487.106290791; 0.103659369303
24493.12341490757; 0.107087300265
24499.14201758933; 0.110131672235
24505.16209919952; 0.112623207903
24511.18366010168; 0.114367281225
24517.20670065926; 0.115214083848
24523.23122123578; 0.115040937038
24529.25722219503; 0.113830476967
24535.28470390073; 0.111622200831
24541.31366671669; 0.108547248469
24547.34411100696; 0.104789209417
24553.37603713552; 0.100522299754
24559.40944546644; 0.0959561855442
24565.44433636405; 0.0912546630328
24571.48071019261; 0.0865445680754
24577.51856731649; 0.0819362391927
24583.55790810015; 0.0774957057314
24589.59873290825; 0.0732693074243
24595.64104210541; 0.0692758806446
24601.68483605633; 0.0655285273104
24607.73011512596; 0.0620335842436
24613.77687967917; 0.0587603596586
24619.82513008094; 0.0557069832399
24625.87486669648; 0.0528739236515
24631.92608989095; 0.0502385718395
24637.97880002957; 0.0477821758852
24644.03299747785; 0.0454927827326
24650.08868260119; 0.0433579331083
24656.1458557651; 0.0413681764636
24662.20451733535; 0.0395068469746
24668.26466767761; 0.0377658038455
24674.32630715767; 0.0361334469263
24680.38943614155; 0.0346003546276
24686.45405499521; 0.0331657729911
24692.52016408469; 0.031813825396
24698.5877637763; 0.0305376896338
24704.65685443626; 0.0293307502146
24710.72743643093; 0.0281939976594
24716.79951012673; 0.0271150603283
24722.87307589031; 0.0260964054002
24728.94813408826; 0.0251309183624
24735.02468508726; 0.0242186741804
24741.10272925423; 0.023353895769
24747.18226695603; 0.0225315214585
24753.26329855961; 0.0217483232319
24759.34582443216; 0.0210030211816
24765.42984494082; 0.0202919242087
24771.5153604528; 0.0196115326888
24777.60237133556; 0.0189610956488
24783.69087795652; 0.0183394279377
24789.78088068315; 0.0177436806817
24795.87237988319; 0.0171706782039
24801.96537592432; 0.0166214165363
24808.0598691743; 0.016095109826
24814.15586000113; 0.0155904174117
24820.25334877275; 0.0151041199539
24826.35233585725; 0.0146370075489
24832.45282162276; 0.0141884789049
24838.55480643764; 0.0137552585553
24844.65829067019; 0.0133380635769
24850.76327468881; 0.0129374332331
24856.86975886214; 0.0125491975508
24862.97774355876; 0.012174110273
24869.08722914733; 0.0118118945612
24875.19821599677; 0.0114603705019
24881.31070447591; 0.0111220956446
24887.4246949537; 0.0107923014389
24893.54018779933; 0.0104738584326
24899.65718338191; 0.0101648274489
24905.77568207066; 0.00986321183199
24911.89568423502; 0.00957265476582
24918.01719024439; 0.00928918491211
24924.14020046825; 0.00901346327319
24930.26471527634; 0.00874720295945
24936.39073503831; 0.00848359828087
24942.51826012397; 0.00823091814465
24948.64729090318; 0.00798356404715
24954.77782774601; 0.00774303250706
24960.90987102249; 0.00750740518855
24967.04342110276; 0.0072781448657
24973.17847835716; 0.00705549525198
24979.31504315601; 0.00683858546607
24985.45311586968; 0.0066266839079
24991.59269686883; 0.00641929081405
24997.73378652402; 0.0062191965095
25003.87638520592; 0.00602405209685
25010.02049328544; 0.00583198178668
25016.16611113343; 0.00564599489199
25022.31323912082; 0.00546553502015
25028.46187761879; 0.00528926072723
25034.61202699847; 0.00511863749326
25040.76368763108; 0.00494983091017
25046.91685988806; 0.00478685382146
25053.07154414082; 0.00462618659581
25059.22774076083; 0.00447164730435
25065.38545011983; 0.00432050592054
25071.54467258949; 0.00417230334941
25077.70540854162; 0.00402723450131
25083.86765834806; 0.0038862725251
25090.03142238093; 0.00374976237754
25096.19670101224; 0.00361627427841
25102.36349461412; 0.00348445198003
25108.53180355895; 0.00335687587698
25114.70162821903; 0.00323233052863
25120.87296896676; 0.0031104878273
25127.0458261748; 0.00299140641879
25133.22020021571; 0.00287478300478
25139.39609146218; 0.00276330384295
25145.57350028712; 0.00265301959161
25151.7524270634; 0.00254322674711
25157.93287216395; 0.00243878345412
25164.11483596199; 0.00233544410277
25170.29831883063; 0.00223594294816
25176.48332114311; 0.00213813195083
25182.66984327288; 0.00204342427426
25188.85788559337; 0.0019509512332
25195.04744847812; 0.00186217094756
25201.23853230072; 0.00177507149511
25207.43113743501; 0.00169567282901
25213.62526425476; 0.00161420761675
25219.82091313385; 0.00153742926485
25226.01808444638; 0.00146604651618
25232.2167785664; 0.00139476730649
25238.41699586805; 0.001327453542
25244.61873672574; 0.00126149530402
25250.82200151377; 0.00120181126419
25257.02679060657; 0.00114570059411
25263.23310437881; 0.0010931849559
25269.44094320508; 0.0010450648887
25275.65030746008; 0.00100229677167
25281.86119751875; 0.000965424633205
25288.07361375597; 0.000932723649407
25294.28755654671; 0.000905721389359
25300.50302626619; 0.000884287378398
25306.72002328956; 0.000868668239775
25312.93854799213; 0.000859215607381
25319.15860074922; 0.000856218767189
25325.38018193642; 0.000860458424221
25331.60329192927; 0.000868762520866
25337.82793110338; 0.000882160693576
25344.0540998346; 0.000902944301065
25350.28179849874; 0.000927609984976
25356.5110274717; 0.000957717745483
25362.74178712961; 0.000987489002599
25368.97407784855; 0.00102459362124
25375.20790000469; 0.00106153081684
25381.44325397445; 0.00110186516427
25387.68014013418; 0.00114507142823
25393.91855886034; 0.00118965255331
25400.15851052961; 0.00123591055476
25406.39999551863; 0.00128335942853
25412.64301420412; 0.00132990357662
25418.88756696307; 0.00137796714234
25425.13365417236; 0.00142527104458
25431.38127620902; 0.00147571506955
25437.6304334503; 0.00152423864506
25443.88112627337; 0.00157357150424
25450.13335505557; 0.00162162869521
25456.38712017428; 0.00167201368792
25462.64242200712; 0.00172130176307
25468.89926093164; 0.00177198723369
25475.1576373255; 0.00181906398566
25481.4175515666; 0.00186858778489
25487.67900403278; 0.00191616171874
25493.94199510197; 0.00196376643264
25500.20652515234; 0.00201211139271
25506.47259456201; 0.00205967449791
25512.74020370919; 0.00210614450823
25519.00935297235; 0.0021534870452
25525.28004272986; 0.00219991146725
25531.55227336023; 0.00224570540718
25537.82604524218; 0.00229048606873
25544.1013587544; 0.00233676568759
25550.37821427565; 0.00238051599372
25556.65661218494; 0.00242506388823
25562.93655286123; 0.00246941217327
25569.21803668362; 0.00251343389844
25575.50106403124; 0.00255561188684
25581.78563528349; 0.00259936860482
25588.07175081969; 0.00264052750596
25594.35941101926; 0.00268364276712
25600.64861626187; 0.00272566738989
25606.93936692712; 0.00276594461376
25613.23166339471; 0.00280726134191
25619.52550604459; 0.00284774182887
25625.82089525665; 0.00288782364811
25632.11783141087; 0.00292604457793
25638.41631488747; 0.00296562565024
25644.71634606662; 0.00300473489684
25651.01792532857; 0.00304334455546
25657.32105305384; 0.00308246887351
25663.62572962288; 0.00311846168886
25669.93195541622; 0.00315672553888
25676.23973081465; 0.00319411854147
25682.54905619889; 0.00323136352606
25688.85993194983; 0.00326651562473
25695.17235844837; 0.00330507094688
25701.48633607568; 0.00333866366945
25707.80186521285; 0.00337446973404
25714.11894624109; 0.00340913409838
25720.43757954183; 0.00344452266036
25726.75776549647; 0.00347894536343
25733.07950448647; 0.00351335759658
25739.40279689356; 0.00354704796555
25745.72764309941; 0.0035801965511
25752.05404348576; 0.00361360933934
25758.38199843463; 0.00364669462435
25764.71150832797; 0.00367901049951
25771.04257354781; 0.00371158846464
25777.37519447643; 0.00374376501377
25783.70937149607; 0.00377562235964
25790.04510498905; 0.00380729385746
25796.38239533794; 0.0038383762572
25802.72124292524; 0.00386833658422
25809.06164813361; 0.00390058780155
25815.40361134574; 0.00393116327588
25821.74713294459; 0.00396143865992
25828.09221331304; 0.00399099142383
25834.43885283406; 0.00402053574514
25840.78705189088; 0.00405016626336
25847.13681086668; 0.00407888033686
25853.48813014471; 0.00411046756866
25859.84101010847; 0.00413739241253
25866.19545114144; 0.00416423401414
25872.55145362713; 0.0041940255598
25878.90901794936; 0.00422116693177
25885.26814449185; 0.0042481589313
25891.62883363843; 0.00427430985773
25897.99108577317; 0.00430282079847
25904.3549012801; 0.00432930752644
25910.72028054331; 0.00435449043161
25917.08722394718; 0.00438230608034
25923.45573187599; 0.0044085058695
25929.82580471414; 0.00443665550249
25936.19744284628; 0.00446208415981
25942.57064665698; 0.00448701390674
25948.94541653098; 0.00451329020154
25955.32175285304; 0.00453901656006
25961.69965600819; 0.00456412624367
25968.07912638139; 0.00458839239774
25974.46016435769; 0.00461397096568
25980.84277032239; 0.00463833241423
25987.22694466075; 0.00466366685671
25993.61268775809; 0.00468889105126
26000; 0.00471169390632
