% Module: Sweep, ID: c0p1t8p1cfm0
% Devices: DEV646
% Time: 2025/10/15 11:45:50
% Demod 1 Sample X, /dev646/demods/0/sample.X
% Demod 1 Sample Y, /dev646/demods/0/sample.Y
% Frequency (Hz); Demod 1 Sample X  Amplitude (V); Demod 1 Sample Y  Amplitude (V)
25800; 4.87310726464e-05; -0.0140698258907
25802.00501253133; 4.85100430663e-05; -0.0141115945238
25804.01002506266; 4.75915644602e-05; -0.014151596626
25806.01503759398; 4.76871566198e-05; -0.0141935999911
25808.02005012531; 4.84127112604e-05; -0.014235948763
25810.02506265664; 4.85543244213e-05; -0.0142778842457
25812.03007518797; 4.8244904691e-05; -0.014319608139
25814.0350877193; 4.80992668339e-05; -0.0143618848247
25816.04010025063; 4.85654764089e-05; -0.0144053214746
25818.04511278195; 4.7823091718e-05; -0.014448357544
25820.05012531328; 4.85281744015e-05; -0.0144919627708
25822.05513784461; 4.93224457593e-05; -0.0145358153085
25824.06015037594; 4.83580950903e-05; -0.0145801611499
25826.06516290727; 4.78369002314e-05; -0.01462475551
25828.0701754386; 4.7899691111e-05; -0.0146709128351
25830.07518796992; 4.77838103701e-05; -0.0147156315623
25832.08020050125; 4.84817815511e-05; -0.0147621790529
25834.08521303258; 4.83101973146e-05; -0.0148069454671
25836.09022556391; 4.75627254665e-05; -0.014852491993
25838.09523809524; 4.82073927026e-05; -0.0148995612992
25840.10025062656; 4.83838154512e-05; -0.0149461807549
25842.10526315789; 4.87112847123e-05; -0.0149938685631
25844.11027568922; 4.82832144576e-05; -0.0150426065616
25846.11528822055; 4.83545274041e-05; -0.0150902515576
25848.12030075188; 4.81238309944e-05; -0.0151398634605
25850.12531328321; 4.8254539694e-05; -0.0151892626717
25852.13032581454; 4.76881116661e-05; -0.0152404501803
25854.13533834587; 4.83519213533e-05; -0.0152913826508
25856.14035087719; 4.83279638872e-05; -0.0153421694387
25858.14536340852; 4.76553106348e-05; -0.0153941048216
25860.15037593985; 4.76485594193e-05; -0.0154456158315
25862.15538847118; 4.75364420485e-05; -0.0154972196055
25864.16040100251; 4.80484156501e-05; -0.015550688691
25866.16541353384; 4.77424212566e-05; -0.0156048976878
25868.17042606516; 4.71766867002e-05; -0.0156592165488
25870.17543859649; 4.74247896443e-05; -0.0157143395061
25872.18045112782; 4.79086940578e-05; -0.0157701101517
25874.18546365915; 4.74129278988e-05; -0.0158264584566
25876.19047619048; 4.74118676755e-05; -0.0158823565822
25878.19548872181; 4.69198289573e-05; -0.0159397954894
25880.20050125313; 4.76961920148e-05; -0.0159967785476
25882.20551378446; 4.72238467455e-05; -0.0160565709219
25884.21052631579; 4.68815939086e-05; -0.0161160225027
25886.21553884712; 4.63188004525e-05; -0.0161762407676
25888.22055137845; 4.62748715522e-05; -0.016236554243
25890.22556390977; 4.72353325394e-05; -0.0162980705922
25892.2305764411; 4.64200659505e-05; -0.0163597733149
25894.23558897243; 4.70908643095e-05; -0.016422642081
25896.24060150376; 4.59186459718e-05; -0.0164857503817
25898.24561403509; 4.61355337438e-05; -0.0165483769941
25900.25062656642; 4.67254520334e-05; -0.0166121663819
25902.25563909774; 4.63776527915e-05; -0.0166773598086
25904.26065162907; 4.6104470867e-05; -0.0167419941338
25906.2656641604; 4.6119684226e-05; -0.0168087161626
25908.27067669173; 4.56836880313e-05; -0.0168761422834
25910.27568922306; 4.56017711112e-05; -0.0169454040208
25912.28070175439; 4.61251208541e-05; -0.0170147918125
25914.28571428571; 4.52486513585e-05; -0.0170841534993
25916.29072681704; 4.53978467074e-05; -0.017154138435
25918.29573934837; 4.45961417272e-05; -0.0172244912815
25920.3007518797; 4.41952942721e-05; -0.0172953306434
25922.30576441103; 4.4413022838e-05; -0.0173665567009
25924.31077694236; 4.49338569127e-05; -0.0174410187076
25926.31578947368; 4.47602048181e-05; -0.017515963379
25928.32080200501; 4.42902604673e-05; -0.0175909750085
25930.32581453634; 4.372437374e-05; -0.0176666405682
25932.33082706767; 4.32455767484e-05; -0.0177421001021
25934.335839599; 4.40086459881e-05; -0.0178179577056
25936.34085213032; 4.35118700809e-05; -0.017896288136
25938.34586466165; 4.31236714578e-05; -0.0179756714783
25940.35087719298; 4.30376165837e-05; -0.0180559732067
25942.35588972431; 4.25710841428e-05; -0.01813906772
25944.36090225564; 4.18383570816e-05; -0.018222168411
25946.36591478697; 4.2244020422e-05; -0.0183067778533
25948.37092731829; 4.20251186235e-05; -0.0183939161229
25950.37593984963; 4.18373448469e-05; -0.0184800912315
25952.38095238095; 4.09513178012e-05; -0.0185677615582
25954.38596491228; 4.07344468127e-05; -0.0186577234914
25956.39097744361; 4.05377680555e-05; -0.0187485330462
25958.39598997494; 4.03288416553e-05; -0.0188399236584
25960.40100250627; 4.03493601091e-05; -0.0189340381025
25962.4060150376; 3.93715630785e-05; -0.0190278353719
25964.41102756892; 3.93358882055e-05; -0.0191232150872
25966.41604010025; 3.96539073314e-05; -0.0192214123462
25968.42105263158; 3.93877936452e-05; -0.0193193499986
25970.42606516291; 3.82085963329e-05; -0.0194194162945
25972.43107769424; 3.78279320335e-05; -0.0195208517365
25974.43609022556; 3.72854522719e-05; -0.0196238584827
25976.44110275689; 3.76412394907e-05; -0.0197274103296
25978.44611528822; 3.70708811275e-05; -0.0198335808653
25980.45112781955; 3.59933988638e-05; -0.0199399755534
25982.45614035088; 3.61089099935e-05; -0.0200480119768
25984.46115288221; 3.5225023659e-05; -0.020158294218
25986.46616541353; 3.45000101947e-05; -0.0202700924203
25988.47117794486; 3.37543098196e-05; -0.0203832688305
25990.47619047619; 3.38057517845e-05; -0.0204981489593
25992.48120300752; 3.26945578263e-05; -0.0206155236064
25994.48621553885; 3.26289741634e-05; -0.0207337566627
25996.49122807018; 3.23970963158e-05; -0.0208532175094
25998.4962406015; 3.10634137272e-05; -0.020974763765
26000.50125313283; 3.09059128814e-05; -0.0210982551113
26002.50626566416; 2.9945933147e-05; -0.0212243821455
26004.51127819549; 2.95815331057e-05; -0.0213511376231
26006.51629072682; 2.90935971583e-05; -0.0214805348695
26008.52130325815; 2.76941028991e-05; -0.0216123688449
26010.52631578947; 2.76828016e-05; -0.0217466742739
26012.5313283208; 2.67989037035e-05; -0.0218815895793
26014.53634085213; 2.60014909618e-05; -0.0220200298399
26016.54135338346; 2.58532520268e-05; -0.0221599290705
26018.54636591479; 2.40410966799e-05; -0.0223022858604
26020.55137844611; 2.36234122125e-05; -0.0224492366309
26022.55639097744; 2.29505289632e-05; -0.0225968857306
26024.56140350877; 2.13154532856e-05; -0.0227459819169
26026.5664160401; 2.02553955829e-05; -0.0228993428809
26028.57142857143; 1.97973527608e-05; -0.0230552327626
26030.57644110276; 1.83250555485e-05; -0.0232136608792
26032.58145363408; 1.78740630621e-05; -0.0233743287301
26034.58646616541; 1.62960375428e-05; -0.0235379254603
26036.59147869674; 1.51249430815e-05; -0.0237039777261
26038.59649122807; 1.39500107811e-05; -0.0238732043659
26040.6015037594; 1.26898421466e-05; -0.024045039057
26042.60651629073; 1.11526947749e-05; -0.024221995565
26044.61152882205; 1.00739822145e-05; -0.0244012411276
26046.61654135338; 9.12541542096e-06; -0.0245836137996
26048.62155388471; 7.12481644717e-06; -0.0247699652262
26050.62656641604; 5.50911918492e-06; -0.0249595675297
26052.63157894737; 4.44289781544e-06; -0.0251525607728
26054.6365914787; 2.67192296879e-06; -0.0253492787598
26056.64160401003; 9.22800681966e-07; -0.0255497825321
26058.64661654135; -7.75903436718e-07; -0.0257564298372
26060.65162907268; -2.74584507411e-06; -0.0259652142077
26062.65664160401; -4.17192112559e-06; -0.0261785771876
26064.66165413534; -6.85537713083e-06; -0.0263960046494
26066.66666666667; -8.77971524218e-06; -0.0266177163729
26068.671679198; -1.06238369183e-05; -0.0268435802688
26070.67669172932; -1.30706152283e-05; -0.0270751297553
26072.68170426065; -1.45723261778e-05; -0.0273101533076
26074.68671679198; -1.77923307612e-05; -0.0275520705567
26076.69172932331; -2.00848532943e-05; -0.0277991808676
26078.69674185464; -2.27442019004e-05; -0.028052247063
26080.70175438597; -2.38743095561e-05; -0.0283099914273
26082.70676691729; -2.74077205232e-05; -0.0285722846763
26084.71177944862; -3.0900900442e-05; -0.0288409607482
26086.71679197995; -3.39399392797e-05; -0.0291162383558
26088.72180451128; -3.67249264603e-05; -0.0293972751953
26090.72681704261; -4.00159103083e-05; -0.0296852658861
26092.73182957394; -4.43680038769e-05; -0.029981733688
26094.73684210526; -4.68605222192e-05; -0.0302853545632
26096.74185463659; -5.11760375867e-05; -0.0305951082145
26098.74686716792; -5.50380603399e-05; -0.0309153878789
26100.75187969925; -5.91242561706e-05; -0.0312426403266
26102.75689223058; -6.34966731308e-05; -0.0315773322185
26104.7619047619; -6.79294166477e-05; -0.0319217509109
26106.76691729323; -7.22209662194e-05; -0.0322742146014
26108.77192982456; -7.79242508555e-05; -0.0326370429179
26110.77694235589; -8.30066880964e-05; -0.0330107270564
26112.78195488722; -8.76611340274e-05; -0.0333928137799
26114.78696741855; -9.35754308242e-05; -0.0337845381013
26116.79197994987; -9.97549584923e-05; -0.0341858535613
26118.7969924812; -0.00010481357813; -0.0345970362109
26120.80200501253; -0.000112362929967; -0.0350203969672
26122.80701754386; -0.000119164373335; -0.0354575291392
26124.81203007519; -0.000126181031962; -0.0359075390566
26126.81704260652; -0.000133818900012; -0.0363704895716
26128.82205513784; -0.000141454707539; -0.036847716569
26130.82706766917; -0.000150057638254; -0.0373387905424
26132.8320802005; -0.000158703583974; -0.0378476591663
26134.83709273183; -0.000168367269593; -0.0383710345022
26136.84210526316; -0.000178414201194; -0.0389123457138
26138.84711779448; -0.000189302140259; -0.0394712960526
26140.85213032581; -0.00019913027785; -0.0400457624112
26142.85714285714; -0.000210889812963; -0.0406428690957
26144.86215538847; -0.000222728943272; -0.0412567524491
26146.8671679198; -0.000235519648484; -0.0418862193351
26148.87218045113; -0.000249538568185; -0.0425365639303
26150.87719298246; -0.000263142924414; -0.0432087724285
26152.88220551379; -0.000279219265861; -0.0439118189563
26154.88721804511; -0.000294478960116; -0.0446491276186
26156.89223057644; -0.000312279902581; -0.0454073834001
26158.89724310777; -0.000331200129174; -0.0462015831375
26160.9022556391; -0.000350678120995; -0.0470297151279
26162.90726817043; -0.000372319297058; -0.0478895240352
26164.91228070176; -0.000394278170872; -0.0487875055305
26166.91729323308; -0.000418667725206; -0.0497251999513
26168.92230576441; -0.000445460357331; -0.05070378714
26170.92731829574; -0.000473478053858; -0.0517291853233
26172.93233082707; -0.000503505449402; -0.0528015195251
26174.9373433584; -0.000536215471967; -0.0539214038717
26176.94235588973; -0.000571392280082; -0.0550986482769
26178.94736842105; -0.000608675151292; -0.0563317355452
26180.95238095238; -0.000650314219836; -0.0576281016064
26182.95739348371; -0.00069397385742; -0.0589904940694
26184.96240601504; -0.000742606211566; -0.0604231871842
26186.96741854637; -0.000795302891578; -0.0619347915238
26188.97243107769; -0.000852211254943; -0.0635313461278
26190.97744360902; -0.00091522328133; -0.0652176550781
26192.98245614035; -0.000983882433464; -0.0670029303503
26194.98746867168; -0.00105932455935; -0.0688988301873
26196.99248120301; -0.00114148954589; -0.070910172731
26198.99749373434; -0.00123290895544; -0.0730528547523
26201.00250626566; -0.0013346726405; -0.0753392823798
26203.00751879699; -0.00144722350126; -0.0777918516031
26205.01253132832; -0.00157372776818; -0.0804171380094
26207.01754385965; -0.0017160744567; -0.0832381267352
26209.02255639098; -0.00187416852603; -0.0862727734274
26211.02756892231; -0.00205335373931; -0.0895605898907
26213.03258145363; -0.00225700608064; -0.0931217686771
26215.03759398496; -0.0024893720514; -0.0969975142557
26217.04260651629; -0.00275559545499; -0.101231932774
26219.04761904762; -0.00306334289264; -0.105873260991
26221.05263157895; -0.00342079628063; -0.110987599557
26223.05764411027; -0.00383788216448; -0.116635070268
26225.0626566416; -0.0043303400728; -0.122934236974
26227.06766917293; -0.00491671440016; -0.129976567792
26229.07268170426; -0.00563061046681; -0.137963361085
26231.07769423559; -0.00650937506366; -0.147116865488
26233.08270676692; -0.00756064896184; -0.157389681867
26235.08771929824; -0.008875828886; -0.169253225395
26237.09273182957; -0.0105480846537; -0.183129088346
26239.0977443609; -0.0127152378536; -0.199536545438
26241.10275689223; -0.0155712012016; -0.219123596544
26243.10776942356; -0.0194831623854; -0.243167387657
26245.11278195489; -0.0250171068306; -0.273314693495
26247.11779448621; -0.0331976667397; -0.312138061457
26249.12280701754; -0.0458675396123; -0.363501292993
26251.12781954887; -0.0672133773905; -0.435243917257
26253.1328320802; -0.106913923013; -0.540733118735
26255.13784461153; -0.193635847732; -0.707261676727
26257.14285714286; -0.416430039125; -0.951976630386
26259.14786967419; -0.868303323414; -0.847605002581
26261.15288220552; -1.18572322964; 0.361736361764
26263.15789473684; -0.603760713295; 0.973855241128
26265.16290726817; -0.284729672574; 0.815230836664
26267.1679197995; -0.147849317766; 0.601607757204
26269.17293233083; -0.0895268081484; 0.470524924397
26271.17794486216; -0.0598438434017; 0.384330667489
26273.18295739348; -0.0428404125856; 0.324083478148
26275.18796992481; -0.0322221650918; 0.279801080384
26277.19298245614; -0.0251497536391; 0.24593858695
26279.19799498747; -0.0202054321989; 0.219230610745
26281.2030075188; -0.0166092983615; 0.197630567813
26283.20802005013; -0.0139094409869; 0.179798086665
26285.21303258145; -0.0118334183543; 0.164851572782
26287.21804511278; -0.0101991312501; 0.152128139077
26289.22305764411; -0.00888919351328; 0.141171520814
26291.22807017544; -0.00782318799671; 0.131636597652
26293.23308270677; -0.00694568911639; 0.12326857479
26295.2380952381; -0.00621000460347; 0.115861778286
26297.24310776942; -0.005590828402; 0.109262283056
26299.24812030075; -0.00506154364518; 0.10334177348
26301.25313283208; -0.00460795258902; 0.0980056776375
26303.25814536341; -0.00421598579644; 0.093173200806
26305.26315789474; -0.00387290540868; 0.0887746813162
26307.26817042606; -0.00357088706267; 0.0847181528688
26309.27318295739; -0.00330544979042; 0.0810179984425
26311.27819548872; -0.00306948591658; 0.0776182626022
26313.28320802005; -0.00286001939683; 0.0744737860924
26315.28822055138; -0.00267211316748; 0.0715645375333
26317.29323308271; -0.0025038330693; 0.0688610125044
26319.29824561403; -0.0023508103771; 0.0663381781006
26321.30325814536; -0.002212390193; 0.0639817258782
26323.30827067669; -0.00208695523873; 0.0617750893073
26325.31328320802; -0.00197215713672; 0.0597078172916
26327.31829573935; -0.0018673268735; 0.0577644525628
26329.32330827068; -0.00177142999611; 0.0559406022337
26331.328320802; -0.00168343359319; 0.0542141000779
26333.33333333333; -0.0016017757778; 0.052586887023
26335.33834586466; -0.00152676380146; 0.051043490392
26337.34335839599; -0.00145756222153; 0.0495815621621
26339.34837092732; -0.00139266954388; 0.0481958077442
26341.35338345865; -0.001332834085; 0.0468809366992
26343.35839598997; -0.00127697886339; 0.0456322618981
26345.3634085213; -0.00122475518383; 0.0444408727183
26347.36842105263; -0.00117686469545; 0.0433010606825
26349.37343358396; -0.00112992652804; 0.0422109793626
26351.37844611529; -0.00108774229561; 0.0411679113666
26353.38345864662; -0.00104690096068; 0.0401718240195
26355.38847117795; -0.00100800551743; 0.0391783340146
26357.39348370927; -0.000970577029871; 0.0382055222495
26359.3984962406; -0.000936271950084; 0.0373222640502
26361.40350877193; -0.000904331920783; 0.0364588548358
26363.40852130326; -0.000874531930083; 0.0356406508683
26365.41353383459; -0.000845782643674; 0.0348642958872
26367.41854636592; -0.000818582336172; 0.0341198724907
26369.42355889724; -0.000793512030955; 0.0334015133072
26371.42857142857; -0.000769237903211; 0.0327084686785
26373.4335839599; -0.000746105139044; 0.032041754483
26375.43859649123; -0.000724856808287; 0.031398354503
26377.44360902256; -0.000702228142878; 0.0307751177669
26379.44862155389; -0.000683976887847; 0.0301737579556
26381.45363408521; -0.000664684385872; 0.0295919402605
26383.45864661654; -0.000646257192827; 0.0290290346123
26385.46365914787; -0.000628874851087; 0.0284850487158
26387.4686716792; -0.000612262036774; 0.0279573233829
26389.47368421053; -0.000597144553299; 0.0274468660731
26391.47869674185; -0.000581615278994; 0.0269515234854
26393.48370927318; -0.000566759579172; 0.0264707330894
26395.48872180451; -0.000553418656358; 0.0260046586377
26397.49373433584; -0.000540058055014; 0.0255520768485
26399.49874686717; -0.000526788598312; 0.0251125464708
26401.5037593985; -0.00051526131476; 0.024684693361
26403.50877192982; -0.00050236894398; 0.0242682199757
26405.51378446115; -0.000491120950198; 0.0238647311709
26407.51879699248; -0.000479821439485; 0.0234733263977
26409.52380952381; -0.00046975335526; 0.0230922701237
26411.52882205514; -0.000459518019069; 0.0227184609552
26413.53383458647; -0.000449328038753; 0.0223566055825
26415.53884711779; -0.000440146705877; 0.0220027606956
26417.54385964912; -0.000431377937614; 0.0216579327775
26419.54887218045; -0.000421494370162; 0.0213227163773
26421.55388471178; -0.000413739360988; 0.0209923440672
26423.55889724311; -0.000405653024698; 0.0206720799949
26425.56390977444; -0.000396998685088; 0.0203617180991
26427.56892230576; -0.000390191544636; 0.0200559069732
26429.57393483709; -0.000382531626975; 0.0197597518396
26431.57894736842; -0.000374590687232; 0.0194709864086
26433.58395989975; -0.000367395917679; 0.0191878986813
26435.58897243108; -0.000361685295273; 0.0189111705429
26437.5939849624; -0.000354783380332; 0.0186411998102
26439.59899749373; -0.000348474928491; 0.0183758940809
26441.60401002506; -0.000341389757781; 0.0181171954767
26443.60902255639; -0.000335478991871; 0.0178647218554
26445.61403508772; -0.000330085670379; 0.0176170441896
26447.61904761905; -0.000325325103779; 0.017374844052
26449.62406015037; -0.00031878761076; 0.0171388566097
26451.6290726817; -0.000313822312653; 0.016906483678
26453.63408521303; -0.00030794037057; 0.0166797005262
26455.63909774436; -0.000303380142412; 0.0164566935516
26457.64411027569; -0.000297814500569; 0.0162380414732
26459.64912280702; -0.000293688776237; 0.0160238326777
26461.65413533835; -0.000289436806264; 0.0158144255278
26463.65914786968; -0.000284646323414; 0.015609159992
26465.664160401; -0.000280284789407; 0.0154063921975
26467.66917293233; -0.000275787513375; 0.0152085110628
26469.67418546366; -0.000270875553029; 0.0150140035814
26471.67919799499; -0.000267684409321; 0.0148233127846
26473.68421052632; -0.000263845821133; 0.0146373416658
26475.68922305764; -0.000259632668161; 0.0144536025603
26477.69423558897; -0.000255788282934; 0.0142739921753
26479.6992481203; -0.000251801668154; 0.0140965954956
26481.70426065163; -0.000248440628137; 0.0139231438473
26483.70927318296; -0.000244780725991; 0.0137534899675
26485.71428571429; -0.000241857779491; 0.013585148218
26487.71929824561; -0.000238989330184; 0.0134205288268
26489.72431077694; -0.00023560331885; 0.0132588653102
26491.72932330827; -0.000232178864351; 0.0131000801452
26493.7343358396; -0.000228546367635; 0.0129439182217
26495.73934837093; -0.00022638447784; 0.0127892681992
26497.74436090226; -0.000222716929604; 0.0126395794854
26499.74937343358; -0.000219322124309; 0.0124931431598
26501.75438596491; -0.000217399352787; 0.0123482950807
26503.75939849624; -0.000214360350998; 0.0122050660315
26505.76441102757; -0.000211816350534; 0.0120641501811
26507.7694235589; -0.000209277654917; 0.0119244509866
26509.77443609023; -0.000206821027396; 0.0117887404966
26511.77944862155; -0.000204475245302; 0.0116536854907
26513.78446115288; -0.000200947063592; 0.011520841721
26515.78947368421; -0.000198586814572; 0.0113898054155
26517.79448621554; -0.000196592453112; 0.0112610351699
26519.79949874687; -0.000194327856175; 0.0111342831502
26521.80451127819; -0.000191409974578; 0.0110098933939
26523.80952380952; -0.000189535659165; 0.0108874174698
26525.81453634085; -0.000187450038065; 0.0107653059753
26527.81954887218; -0.000184876916147; 0.0106467422181
26529.82456140351; -0.00018248050839; 0.0105295254921
26531.82957393484; -0.000180214878082; 0.0104135774087
26533.83458646616; -0.000179712509149; 0.0102991381749
26535.83959899749; -0.000176822139154; 0.0101864865484
26537.84461152882; -0.000174579170871; 0.0100760898478
26539.84962406015; -0.000172991746934; 0.00996667519865
26541.85463659148; -0.000171340654649; 0.00985997085959
26543.85964912281; -0.000169246009219; 0.00975321033789
26545.86466165413; -0.000167406273272; 0.00964918199485
26547.86967418546; -0.000165102008343; 0.00954591130967
26549.87468671679; -0.000163894482506; 0.00944392971466
26551.87969924812; -0.000162158990951; 0.00934343081955
26553.88471177945; -0.000160765096804; 0.00924507893283
26555.88972431078; -0.000159301272427; 0.00914754034752
26557.89473684211; -0.000157486857392; 0.00905199524795
26559.89974937344; -0.000155822019377; 0.00895763921193
26561.90476190476; -0.000153899683979; 0.00886408749801
26563.90977443609; -0.000152792497684; 0.00877136648869
26565.91478696742; -0.000151196405478; 0.00868069368147
26567.91979949875; -0.000149372597869; 0.00859078162636
26569.92481203008; -0.000148560496037; 0.00850236058624
26571.9298245614; -0.000146751358248; 0.00841458589133
26573.93483709273; -0.000145580540654; 0.00832883116498
26575.93984962406; -0.000144218229301; 0.00824279640504
26577.94486215539; -0.000142363494327; 0.00815967622979
26579.94987468672; -0.000140738392307; 0.0080781634197
26581.95488721805; -0.000140548564348; 0.00799710970134
26583.95989974937; -0.000138712226511; 0.00791570512278
26585.9649122807; -0.000137861133873; 0.00783633879755
26587.96992481203; -0.000135826849685; 0.0077568551539
26589.97493734336; -0.000135825550017; 0.00767967258121
26591.97994987469; -0.000134272513717; 0.00760174502126
26593.98496240602; -0.000132896362024; 0.0075249680996
26595.98997493734; -0.000132004260824; 0.00745027841213
26597.99498746867; -0.000130109093026; 0.00737519180617
26600; -0.000129264124893; 0.00730240945146
