% Module: Sweep, ID: c0p1t8p1cfm0
% Devices: DEV646
% Time: 2025/10/24 11:37:55
% Demod 1 Sample X, /dev646/demods/0/sample.X
% Demod 1 Sample Y, /dev646/demods/0/sample.Y
% Frequency (Hz); Demod 1 Sample X  Amplitude (V); Demod 1 Sample Y  Amplitude (V)
% Demod 1 Sample R, /dev646/demods/0/sample.R
% Frequency (Hz); Demod 1 Sample R  Amplitude (V)
25000; 7.30407884895e-05; -0.016086379985
25005.67843463979; 7.32933443331e-05; -0.0161188404994
25011.35815906438; 7.33159812094e-05; -0.0161516936731
25017.03917356678; 7.25070917382e-05; -0.0161861358704
25022.72147843991; 7.33988392849e-05; -0.016219325714
25028.40507397692; 7.3206987209e-05; -0.0162527358547
25034.08996047095; 7.33264711691e-05; -0.0162887598551
25039.77613821524; 7.24754218647e-05; -0.0163223543084
25045.46360750308; 7.35341452101e-05; -0.0163577630491
25051.15236862787; 7.29024870337e-05; -0.0163924628347
25056.84242188294; 7.2849561731e-05; -0.0164283498185
25062.53376756184; 7.34645186735e-05; -0.0164653258474
25068.2264059581; 7.26546624817e-05; -0.016500052954
25073.92033736538; 7.26546573661e-05; -0.016536814075
25079.61556207734; 7.22737016143e-05; -0.0165719676555
25085.31208038781; 7.18552549596e-05; -0.016607986332
25091.0098925905; 7.18353926701e-05; -0.0166459193885
25096.70899897936; 7.10298831278e-05; -0.0166830490923
25102.40939984835; 7.18961436959e-05; -0.0167199337575
25108.11109549148; 7.19402664457e-05; -0.0167588492143
25113.81408620291; 7.07892665331e-05; -0.0167970205683
25119.51837227669; 7.10864170985e-05; -0.01683623358
25125.2239540071; 7.04514223537e-05; -0.0168746555924
25130.93083168842; 7.17977468386e-05; -0.01691374704
25136.63900561501; 7.05429647151e-05; -0.0169547845425
25142.34847608131; 7.0678319969e-05; -0.0169953759467
25148.05924338186; 7.1261230922e-05; -0.0170349960405
25153.77130781111; 7.03645122611e-05; -0.0170768959149
25159.48466966374; 6.99487749088e-05; -0.017118921209
25165.19932923444; 6.91174830248e-05; -0.0171604256959
25170.91528681798; 7.0692050154e-05; -0.017202353292
25176.63254270918; 6.96881570515e-05; -0.017245324922
25182.35109720298; 6.99831572513e-05; -0.0172876690513
25188.07095059426; 6.92809473513e-05; -0.0173324937161
25193.79210317808; 7.00539720614e-05; -0.0173752536716
25199.51455524953; 6.88268255769e-05; -0.0174216818464
25205.23830710379; 6.78213952462e-05; -0.0174668255373
25210.96335903614; 6.80067437298e-05; -0.0175119364623
25216.68971134176; 6.81333367462e-05; -0.0175591308555
25222.41736431608; 6.79795559466e-05; -0.0176048478365
25228.14631825451; 6.81783947924e-05; -0.0176509976906
25233.87657345257; 6.82856611923e-05; -0.0176993994962
25239.6081302058; 6.78151136939e-05; -0.0177462500093
25245.34098880991; 6.75395269535e-05; -0.0177953240545
25251.07514956048; 6.74138893303e-05; -0.0178431437322
25256.81061275334; 6.68648710869e-05; -0.0178932560858
25262.5473786843; 6.63801774592e-05; -0.0179435363149
25268.28544764929; 6.68440219799e-05; -0.0179941835478
25274.02481994425; 6.69771319866e-05; -0.0180445737683
25279.76549586529; 6.60865439687e-05; -0.0180963850639
25285.50747570839; 6.61787844834e-05; -0.018149905235
25291.25075976978; 6.66001203378e-05; -0.0182029003407
25296.9953483457; 6.52384111471e-05; -0.0182607272317
25302.74124173246; 6.6098674686e-05; -0.0183138050771
25308.48844022646; 6.49381338734e-05; -0.0183697166038
25314.23694412405; 6.61152328057e-05; -0.018424025755
25319.98675372179; 6.47526382563e-05; -0.0184810279664
25325.73786931625; 6.40968811256e-05; -0.0185387269509
25331.49029120407; 6.36705256807e-05; -0.0185954546043
25337.24401968196; 6.48360726858e-05; -0.0186546222805
25342.99905504674; 6.31153191833e-05; -0.0187126248342
25348.75539759516; 6.27855047408e-05; -0.0187733935678
25354.51304762417; 6.35274660158e-05; -0.0188326505566
25360.27200543076; 6.30281183559e-05; -0.0188952731823
25366.03227131197; 6.3065597566e-05; -0.0189555054601
25371.79384556491; 6.24399688175e-05; -0.019019640664
25377.55672848682; 6.19999645496e-05; -0.0190843939026
25383.32092037483; 6.26142217555e-05; -0.0191481780343
25389.08642152632; 6.20991869622e-05; -0.0192135721185
25394.85323223867; 6.03260298231e-05; -0.0192792813451
25400.62135280933; 6.11423518495e-05; -0.0193473407778
25406.39078353587; 6.06262223246e-05; -0.0194148160441
25412.16152471576; 6.03408228283e-05; -0.0194842241102
25417.93357664672; 6.0279676442e-05; -0.019554681363
25423.70693962647; 5.99927414226e-05; -0.019624942798
25429.48161395279; 5.88411006024e-05; -0.0196971055662
25435.25759992353; 5.89924013259e-05; -0.0197686703842
25441.03489783669; 5.81005274734e-05; -0.0198426857299
25446.81350799013; 5.87644485637e-05; -0.0199166212788
25452.59343068198; 5.66684504758e-05; -0.0199920697913
25458.37466621035; 5.87779872802e-05; -0.020068969576
25464.15721487345; 5.64486235501e-05; -0.0201469871987
25469.94107696954; 5.57276745931e-05; -0.0202253013998
25475.72625279698; 5.58130997094e-05; -0.0203056667625
25481.5127426541; 5.61738056065e-05; -0.0203862999667
25487.30054683939; 5.39308517395e-05; -0.020468494916
25493.08966565139; 5.47951938478e-05; -0.0205519282465
25498.8800993887; 5.52383095991e-05; -0.0206366164351
25504.67184835004; 5.42178125804e-05; -0.0207229755653
25510.46491283406; 5.37342944372e-05; -0.0208103899347
25516.25929313959; 5.46219687736e-05; -0.0208997698702
25522.05498956551; 5.32861798014e-05; -0.0209879962952
25527.85200241077; 5.30122620759e-05; -0.0210819046944
25533.65033197438; 5.17161149811e-05; -0.0211747294763
25539.44997855544; 5.19836146173e-05; -0.0212683319466
25545.25094245303; 5.14076601063e-05; -0.0213642507665
25551.05322396638; 5.06592036431e-05; -0.0214628046228
25556.85682339479; 5.07624298404e-05; -0.0215601207192
25562.6617410376; 4.83722433446e-05; -0.0216596294037
25568.46797719422; 4.98201331723e-05; -0.0217639037322
25574.2755321642; 4.63311476049e-05; -0.0218665481035
25580.08440624698; 4.76083600331e-05; -0.0219723731428
25585.89459974223; 4.75581330707e-05; -0.0220796130583
25591.70611294965; 4.59071456868e-05; -0.0221880133128
25597.51894616897; 4.48442201458e-05; -0.0223009976585
25603.3330997001; 4.3955086898e-05; -0.0224138205492
25609.14857384279; 4.33022417435e-05; -0.0225303614824
25614.96536889709; 4.19726901105e-05; -0.0226475765481
25620.78348516301; 4.21239605059e-05; -0.0227685086529
25626.60292294064; 3.97431854376e-05; -0.0228907776999
25632.42368253015; 4.01318502288e-05; -0.0230125936752
25638.24576423184; 3.88713615673e-05; -0.0231388968404
25644.06916834588; 3.78212229979e-05; -0.0232682033706
25649.89389517271; 3.53956423733e-05; -0.0233996791574
25655.71994501277; 3.3743936861e-05; -0.0235323892963
25661.54731816655; 3.2296320229e-05; -0.0236695780644
25667.37601493465; 2.87050637357e-05; -0.0238075950094
25673.20603561773; 2.76482312018e-05; -0.0239477540302
25679.03738051642; 2.80389166424e-05; -0.0240912858232
25684.87004993154; 2.6778602641e-05; -0.0242375832191
25690.70404416395; 2.63317123312e-05; -0.0243884717258
25696.53936351455; 2.42860134327e-05; -0.0245425711094
25702.37600828439; 2.36272070579e-05; -0.0246978298942
25708.21397877441; 2.24456229902e-05; -0.0248577127892
25714.05327528578; 2.14656116741e-05; -0.025021395944
25719.8938981197; 1.95067143451e-05; -0.0251885174867
25725.73584757741; 1.79149447782e-05; -0.0253600190106
25731.57912396025; 1.75328713965e-05; -0.0255344819304
25737.42372756967; 1.37181528791e-05; -0.0257120133078
25743.26965870702; 1.32382604557e-05; -0.0258946987098
25749.11691767388; 1.10088002396e-05; -0.0260814646213
25754.96550477186; 9.21360462384e-06; -0.0262727327535
25760.81542030262; 6.88074537729e-06; -0.0264687984513
25766.6666645679; 4.97360261674e-06; -0.0266695150149
25772.51923786956; 2.39447005327e-06; -0.0268739816489
25778.37314050936; -3.93324708424e-07; -0.0270835807671
25784.2283727893; -2.82982828906e-06; -0.0273000024673
25790.0849350114; -4.20719940068e-06; -0.0275193049708
25795.94282747773; -7.79759111935e-06; -0.0277462224302
25801.80205049049; -1.20104817114e-05; -0.0279785190794
25807.6626043518; -1.32075748419e-05; -0.0282160721243
25813.52448936398; -1.65835637205e-05; -0.028459379403
25819.38770582941; -2.08944978303e-05; -0.0287094012677
25825.25225405049; -2.40846030395e-05; -0.028966294987
25831.11813432972; -2.72347714953e-05; -0.0292305424109
25836.98534696972; -3.0690491132e-05; -0.0295002609564
25842.853892273; -3.53999231294e-05; -0.0297792407314
25848.72377054232; -3.95231801978e-05; -0.0300653779951
25854.59498208045; -4.41362876301e-05; -0.0303599332588
25860.46752719021; -4.75479468783e-05; -0.030661839076
25866.34140617452; -5.39409084593e-05; -0.0309732511828
25872.2166193364; -5.75406295127e-05; -0.0312931724153
25878.09316697878; -6.39531794568e-05; -0.0316257903539
25883.97104940482; -7.01851647044e-05; -0.031965460747
25889.85026691772; -7.56438921182e-05; -0.0323173395987
25895.73081982071; -8.13860034945e-05; -0.0326807707455
25901.61270841716; -8.84233092519e-05; -0.0330572914854
25907.49593301036; -9.59316542112e-05; -0.0334457280831
25913.38049390382; -0.000103048572947; -0.0338450889709
25919.26639140104; -0.000111279073163; -0.0342596484417
25925.15362580564; -0.000118630962855; -0.0346864018477
25931.04219742128; -0.000127994112466; -0.0351321842501
25936.93210655172; -0.000137138367281; -0.0355923628881
25942.82335350068; -0.000146251873512; -0.0360690051291
25948.71593857206; -0.000158304140402; -0.0365644497657
25954.60986206981; -0.000167895786853; -0.0370795259878
25960.50512429794; -0.000182072906924; -0.0376124758597
25966.40172556051; -0.000194288523162; -0.0381687066838
25972.29966616173; -0.000208418855881; -0.0387453545973
25978.19894640571; -0.000223085752262; -0.0393498937776
25984.09956659678; -0.000237796077625; -0.0399779503731
25990.00152703929; -0.000254570026349; -0.0406318524861
25995.90482803767; -0.000273799326113; -0.0413146222519
26001.80946989646; -0.000291125565339; -0.0420267117119
26007.7154529201; -0.000312791018388; -0.042769057591
26013.62277741329; -0.00033497566129; -0.043545249479
26019.53144368073; -0.00036062356844; -0.044362181607
26025.44145202717; -0.000385276718404; -0.0452245546223
26031.35280275745; -0.000413731644985; -0.046125995909
26037.26549617654; -0.000445270598162; -0.0470769258172
26043.1795325893; -0.000477996051224; -0.0480806923953
26049.09491230083; -0.000516486925114; -0.0491395104481
26055.01163561624; -0.000554576999233; -0.0502598190271
26060.92970284072; -0.000598972849939; -0.0514454840209
26066.84911427951; -0.000647890797613; -0.0527021353744
26072.769870238; -0.000699766974337; -0.0540351883347
26078.69197102146; -0.000757629963204; -0.0554561190466
26084.61541693541; -0.000823354395225; -0.0569710831716
26090.54020828538; -0.000894511951972; -0.0585907993525
26096.46634537697; -0.000975937254358; -0.060331511487
26102.39382851589; -0.00106438645545; -0.0621949198465
26108.32265800779; -0.00116552842362; -0.0641975681685
26114.25283415852; -0.0012772922004; -0.0663622977461
26120.18435727395; -0.00140657569828; -0.0687076687939
26126.11722766004; -0.00155316782199; -0.071256373555
26132.05144562279; -0.00172082286716; -0.0740378765399
26137.98701146835; -0.00191378729067; -0.0770754423344
26143.92392550277; -0.0021376796712; -0.0804238072732
26149.86218803232; -0.00239815201159; -0.0841223429822
26155.80179936329; -0.00270516506614; -0.0882242702746
26161.74275980206; -0.00306853083781; -0.0928126705073
26167.68506965504; -0.00350346219065; -0.097960121291
26173.62872922881; -0.00403397184227; -0.103795617808
26179.57373882981; -0.00468096453575; -0.110443067577
26185.52009876476; -0.00548397376807; -0.118107552989
26191.46780934035; -0.00650068146547; -0.127017497668
26197.41687086338; -0.00781080030572; -0.137521486105
26203.36728364074; -0.00953408899622; -0.150090899502
26209.31904797924; -0.0118646053328; -0.165380164296
26215.27216418594; -0.015115030264; -0.184370539613
26221.22663256789; -0.0198556093988; -0.208614106894
26227.18245343222; -0.027129874224; -0.240576160558
26233.13962708613; -0.0390631212345; -0.284437166013
26239.09815383695; -0.060581353901; -0.348155022839
26245.0580339919; -0.105110600579; -0.44798908181
26251.01926785844; -0.219088798424; -0.617424493565
26256.98185574406; -0.598933770489; -0.850282806463
26262.9457979563; -1.20307101372; -0.0941426082968
26268.91109480279; -0.670930925934; 0.832144904642
26274.87774659126; -0.247150308692; 0.619651816573
26280.84575362937; -0.117806268263; 0.440264458541
26286.81511622499; -0.0679735516008; 0.335381086488
26292.78583468602; -0.044170251934; 0.269093502678
26298.75790932044; -0.0310141252493; 0.223748437719
26304.73134043632; -0.0229995566208; 0.190902118207
26310.70612834168; -0.0177575378668; 0.166088180553
26316.68227334475; -0.0141482564915; 0.146695693276
26322.65977575376; -0.0115521565958; 0.131129864585
26328.63863587705; -0.00961966085392; 0.118360473542
26334.618854023; -0.00814247974775; 0.107690952702
26340.60043050011; -0.0069876120443; 0.0986601418007
26346.58336561681; -0.00606839979022; 0.0909155064078
26352.56765968175; -0.00531879894169; 0.0841989021537
26358.5533130036; -0.00470554141661; 0.0783205321995
26364.5403258911; -0.00419709180399; 0.0731288998122
26370.52869865305; -0.00376875927964; 0.068501283844
26376.51843159839; -0.0034050133042; 0.0643705928754
26382.50952503596; -0.0030941873692; 0.0606512591847
26388.50197927482; -0.00282510293242; 0.0572757275743
26394.49579462408; -0.00259023136617; 0.0542044260861
26400.49097139288; -0.00238347151876; 0.0514090454042
26406.48750989046; -0.00220266313327; 0.0488403213999
26412.48541042618; -0.00204290693129; 0.0464765529177
26418.48467330928; -0.00190028058724; 0.0442977759243
26424.48529884927; -0.00177244872963; 0.0422825341867
26430.48728735566; -0.00165814284799; 0.0404110310801
26436.49063913803; -0.00155626099205; 0.0386631707152
26442.49535450608; -0.00146127951687; 0.0370352959452
26448.50143376942; -0.00137674269853; 0.0355123947571
26454.50887723791; -0.00129831670041; 0.0340851835466
26460.5176852214; -0.00122834531408; 0.032744776255
26466.52785802983; -0.00116416494578; 0.031482621135
26472.53939597319; -0.00110271919361; 0.0302892460349
26478.55229936162; -0.00104892395022; 0.0291641030548
26484.56656850515; -0.000998100811375; 0.0280958507145
26490.58220371405; -0.000950115920556; 0.0270852105835
26496.59920529861; -0.000908150761902; 0.0261263540369
26502.61757356917; -0.000866225349385; 0.0252163495253
26508.63730883617; -0.00082934743947; 0.0243516532561
26514.65841141016; -0.00079257059272; 0.0235284107504
26520.68088160158; -0.00076201556232; 0.0227451863905
26526.70471972114; -0.000731592760831; 0.0219982049164
26532.72992607954; -0.00070011904345; 0.0212822276697
26538.75650098757; -0.000674106892744; 0.0206005300608
26544.78444475611; -0.000649473895683; 0.0199471487607
26550.81375769599; -0.000626388169931; 0.0193182447902
26556.84444011825; -0.000603683082035; 0.0187166562302
26562.87649233394; -0.000581640002007; 0.0181364345957
26568.90991465421; -0.000562699720517; 0.0175800160715
26574.94470739025; -0.000543655359992; 0.0170445202736
26580.98087085339; -0.000525457975804; 0.0165283686745
26587.01840535485; -0.000507392885081; 0.0160314012392
26593.05731120613; -0.000491664037066; 0.0155493819588
26599.09758871869; -0.000476203836523; 0.0150853219442
26605.13923820409; -0.00046164726078; 0.0146412800283
26611.18225997396; -0.000448188849534; 0.0142091247976
26617.22665434005; -0.000434052714786; 0.013791666439
26623.27242161402; -0.000421556753598; 0.0133899670398
26629.31956210776; -0.000410026992545; 0.0129990371414
26635.36807613319; -0.000398119318894; 0.0126209506984
26641.41796400228; -0.000387703949408; 0.0122564865204
26647.46922602713; -0.000376109654245; 0.0119030807136
26653.52186251977; -0.000367548752879; 0.0115597479026
26659.57587379244; -0.000357808283224; 0.0112281332523
26665.6312601574; -0.000347384036643; 0.0109042943476
26671.68802192698; -0.000339307984565; 0.0105923077782
26677.7461594136; -0.000329582272349; 0.0102871063428
26683.80567292979; -0.000323189442189; 0.00999156013468
26689.86656278797; -0.000314787573607; 0.0097053009008
26695.92882930084; -0.000308041671074; 0.0094265598523
26701.99247278107; -0.000299603690234; 0.00915608779366
26708.05749354143; -0.000292860016993; 0.00889133590816
26714.12389189475; -0.000285488645147; 0.00863506195147
26720.19166815398; -0.000280363563371; 0.0083838782388
26726.260822632; -0.000273548451951; 0.00814044758878
26732.33135564189; -0.000267567094222; 0.00790177673037
26738.40326749679; -0.000261673982479; 0.00766968904814
26744.47655850986; -0.000255713169723; 0.00744249424888
26750.55122899444; -0.000250575097327; 0.00722192377995
26756.62727926373; -0.000246111529645; 0.00700631005772
26762.7047096312; -0.000241300542901; 0.00679583840155
26768.78352041031; -0.000235485707877; 0.00658940493202
26774.8637119146; -0.000229684437635; 0.00638937525312
26780.94528445771; -0.000226788475037; 0.00619291507786
26787.02823835335; -0.00022122191778; 0.00600118819786
26793.11257391518; -0.000217614148476; 0.00581262906999
26799.19829145709; -0.000212852527209; 0.005629486113
26805.28539129296; -0.00020911876743; 0.00544928337741
26811.37387373678; -0.00020583776101; 0.00527476640533
26817.46373910259; -0.000201129294637; 0.00510247089491
26823.55498770454; -0.000198195865131; 0.00493437724617
26829.64761985673; -0.000194970272251; 0.00477015074357
26835.74163587345; -0.00019154688946; 0.00460798141871
26841.83703606904; -0.000188421363793; 0.00445030244617
26847.93382075789; -0.000184391716628; 0.00429672820187
26854.03199025453; -0.000181718051532; 0.00414443767383
26860.1315448734; -0.000177616090208; 0.00399530423524
26866.23248492915; -0.000175827213902; 0.00384914010456
26872.33481073648; -0.000171461934433; 0.00370595483414
26878.43852261014; -0.000169274481922; 0.0035666563735
26884.54362086495; -0.000166767732456; 0.0034291409366
26890.65010581588; -0.000163910068533; 0.003295875798
26896.75797777778; -0.000161655253856; 0.00316296736297
26902.86723706574; -0.000158225401334; 0.00303445894212
26908.97788399489; -0.000157044483873; 0.00290753698977
26915.08991888041; -0.000153693020003; 0.00278245238837
26921.20334203755; -0.00015130194011; 0.00266035426807
26927.3181537817; -0.000149331715817; 0.00254024134108
26933.43435442815; -0.000147345166406; 0.00242363555809
26939.55194429242; -0.000145325375546; 0.0023055665851
26945.67092369006; -0.000142927036174; 0.00219240421138
26951.79129293669; -0.000139636007748; 0.00208125496378
26957.91305234803; -0.000139076396624; 0.00197031022576
26964.03620223975; -0.000136942067219; 0.00186231666011
26970.16074292773; -0.000135176594637; 0.0017555912382
26976.28667472787; -0.000133548183961; 0.00165210979988
26982.41399795614; -0.000131277818687; 0.00154862432514
26988.54271292859; -0.000129646611988; 0.00144681378802
26994.6728199614; -0.000127614979074; 0.00134856679526
27000.80431937063; -0.000125834025688; 0.00125168486909
27006.9372114726; -0.000125810826099; 0.00115461087659
27013.07149658366; -0.000123244929094; 0.00105985158893
27019.2071750202; -0.000120354550138; 0.00096675372014
27025.34424709869; -0.000119045015845; 0.000875545081099
27031.48271313575; -0.000117302664292; 0.000785582930384
27037.62257344788; -0.000115844816159; 0.000697125208462
27043.76382835183; -0.000114554324203; 0.000609539931342
27049.90647816436; -0.000113782781059; 0.00052266438279
27056.05052320232; -0.000112776875102; 0.000437430489972
27062.19596378265; -0.00011133301622; 0.000354962039198
27068.34280022224; -0.00011075850369; 0.000271278242581
27074.49103283818; -0.000108290500511; 0.000191784867031
27080.64066194761; -0.000107414206609; 0.000110920833944
27086.79168786771; -0.000106285509356; 3.19424924569e-05
27092.94411091577; -0.000105132614734; -4.62789420138e-05
27099.09793140916; -0.000104394538246; -0.000122676411157
27105.25314966519; -0.000102581878202; -0.000198561764548
27111.40976600141; -0.000100678866385; -0.000272766559647
27117.56778073537; -0.000100149114467; -0.000345698590183
27123.72719418469; -9.94942938508e-05; -0.000418578549595
27129.88800666708; -9.72870588295e-05; -0.00049100316656
27136.05021850037; -9.73315550158e-05; -0.000560731798352
27142.21383000229; -9.60033314816e-05; -0.000630401062757
27148.37884149081; -9.55181992549e-05; -0.000699154048153
27154.54525328392; -9.37620054616e-05; -0.000767174157035
27160.71306569969; -9.28346482013e-05; -0.00083482910022
27166.88227905629; -9.04593137833e-05; -0.00090193215959
27173.05289367184; -9.02692564193e-05; -0.000964727064431
27179.22490986465; -9.02467694779e-05; -0.00103152929807
27185.39832795309; -8.84184872199e-05; -0.00109504976805
27191.57314825557; -8.88663833478e-05; -0.00115616164111
27197.74937109059; -8.746045275e-05; -0.00121987668952
27203.92699677678; -8.6679903161e-05; -0.00128066674645
27210.10602563266; -8.72398927146e-05; -0.00134015790909
27216.28645797699; -8.4761129669e-05; -0.00140107844613
27222.46829412857; -8.40696306725e-05; -0.001460090096
27228.65153440626; -8.29309265152e-05; -0.00151903654771
27234.83617912897; -8.21360431042e-05; -0.00157715363963
27241.02222861577; -8.17661573201e-05; -0.00163202130427
27247.20968318563; -8.07481604744e-05; -0.00169021598073
27253.39854315774; -8.05242091827e-05; -0.00174525166682
27259.58880885132; -7.87599724983e-05; -0.00179883970266
27265.78048058567; -7.85862300209e-05; -0.00185465276424
27271.97355868021; -7.83821064279e-05; -0.00190773181213
27278.16804345425; -7.5861704728e-05; -0.00196155331836
27284.36393522737; -7.48769176637e-05; -0.00201469126726
27290.56123431916; -7.62535400753e-05; -0.00206632681192
27296.75994104925; -7.4368212777e-05; -0.00211815827578
27302.96005573739; -7.40821665266e-05; -0.00216950179117
27309.16157870342; -7.34418480588e-05; -0.00221970799651
27315.36451026711; -7.23402611242e-05; -0.00226739425252
27321.56885074846; -7.09267972432e-05; -0.00231765095059
27327.77460046748; -7.17568682116e-05; -0.00236661978075
27333.98175974428; -7.0985634194e-05; -0.00241458693943
27340.190328899; -6.98726325999e-05; -0.00246280351872
27346.40030825194; -7.06835901004e-05; -0.00251093061782
27352.6116981233; -6.96422332564e-05; -0.00255604316292
27358.82449883352; -6.89366487865e-05; -0.00260212562314
27365.03871070305; -6.80024993916e-05; -0.00264800691207
27371.25433405242; -6.75994423147e-05; -0.00269323411909
27377.47136920228; -6.66772551887e-05; -0.00273883715412
27383.68981647319; -6.69338579339e-05; -0.00278244674504
27389.90967618596; -6.70825393647e-05; -0.00282637667674
27396.1309486614; -6.60485188544e-05; -0.00287038516834
27402.35363422041; -6.60534319922e-05; -0.00291326862057
27408.57773318395; -6.5230974329e-05; -0.00295431715381
27414.80324587311; -6.40473133407e-05; -0.00299543588837
27421.03017260889; -6.51428654882e-05; -0.00303842273049
27427.25851371253; -6.31414133311e-05; -0.0030788385224
27433.48826950529; -6.4183754922e-05; -0.00312091805785
27439.71944030849; -6.27181687607e-05; -0.00316030499585
27445.95202644353; -6.24288819197e-05; -0.00320086177306
27452.18602823195; -6.13858359638e-05; -0.00324090263158
27458.42144599518; -6.12475621564e-05; -0.00328009301228
27464.6582800549; -6.04935203454e-05; -0.00331986160492
27470.8965307328; -6.01328034864e-05; -0.0033566501645
27477.13619835066; -6.05592106959e-05; -0.00339476183764
27483.37728323035; -5.9472145276e-05; -0.00343343625458
27489.6197856937; -5.87069471416e-05; -0.00346928797397
27495.86370606273; -5.86393361388e-05; -0.00350770537418
27502.10904465952; -5.87967310874e-05; -0.00354372665687
27508.35580180618; -5.85621692547e-05; -0.00358103136972
27514.60397782493; -5.62263242216e-05; -0.00361783481109
27520.8535730381; -5.679688802e-05; -0.00365253817179
27527.10458776794; -5.77013726006e-05; -0.00368844650955
27533.35702233691; -5.65496612586e-05; -0.00372317148231
27539.61087706753; -5.6708372857e-05; -0.00375893199002
27545.86615228236; -5.67846953069e-05; -0.00379217706216
27552.12284830405; -5.51985729618e-05; -0.00382643007113
27558.38096545538; -5.5914285404e-05; -0.0038598517222
27564.64050405901; -5.55579894921e-05; -0.00389548801162
27570.90146443788; -5.43061929117e-05; -0.00392832051099
27577.16384691492; -5.31290964153e-05; -0.00396248855683
27583.42765181315; -5.44068636391e-05; -0.00399367156329
27589.6928794557; -5.45346839047e-05; -0.00402733749176
27595.95953016562; -5.41236367976e-05; -0.00405895163806
27602.22760426619; -5.36963710252e-05; -0.00409180644119
27608.49710208074; -5.40901187424e-05; -0.00412253472565
27614.76802393262; -5.37556079647e-05; -0.00415466931135
27621.0403701453; -5.24558293037e-05; -0.00418493144782
27627.31414104236; -5.22428993819e-05; -0.00421724896587
27633.58933694728; -5.32685623936e-05; -0.00424747678127
27639.86595818379; -5.26793346884e-05; -0.00427694675289
27646.14400507564; -5.18283928109e-05; -0.00430726819524
27652.42347794664; -5.11874870271e-05; -0.00433779857153
27658.7043771207; -5.16302577211e-05; -0.00436791191354
27664.98670292183; -5.09383711595e-05; -0.00439669559394
27671.27045567396; -4.9979648402e-05; -0.0044261577508
27677.55563570127; -5.17143730084e-05; -0.00445620217478
27683.84224332793; -5.21295796814e-05; -0.00448425673142
27690.13027887822; -5.07746322974e-05; -0.00451181744353
27696.41974267651; -4.93701446552e-05; -0.0045414201091
27702.71063504711; -5.06266752067e-05; -0.00456824847988
27709.00295631457; -5.05577658241e-05; -0.00459550875565
27715.29670680342; -4.92549589903e-05; -0.00462399888562
27721.5918868383; -4.8861554747e-05; -0.00465247445949
27727.88849674392; -4.99912417411e-05; -0.00467823940926
27734.18653684511; -4.93820507747e-05; -0.00470567606714
27740.4860074666; -5.07756180187e-05; -0.00473297550039
27746.78690893338; -4.8402008278e-05; -0.00475897767902
27753.08924157045; -4.88517616008e-05; -0.00478534855042
27759.39300570287; -4.90654615374e-05; -0.00481276334936
27765.6982016558; -4.8452064965e-05; -0.0048377695142
27772.00482975451; -4.7221086311e-05; -0.00486477808124
27778.31289032419; -4.83761488373e-05; -0.00488972292224
27784.62238369025; -4.72080965436e-05; -0.00491476629201
27790.93331017813; -4.81767255988e-05; -0.00493999322018
27797.24567011336; -4.80692341139e-05; -0.00496466799012
27803.55946382158; -4.75772135309e-05; -0.00499088124075
27809.87469162834; -4.79580859721e-05; -0.00501423470096
27816.19135385943; -4.7471594953e-05; -0.00503993451371
27822.50945084067; -4.67419218817e-05; -0.00506403855957
27828.82898289793; -4.66470025145e-05; -0.00508964390519
27835.14995035719; -4.6775183184e-05; -0.00511308764398
27841.47235354452; -4.70019094278e-05; -0.00513653030789
27847.79619278593; -4.6397666312e-05; -0.00516036460252
27854.12146840765; -4.74320522201e-05; -0.00518358431962
27860.44818073594; -4.69017878932e-05; -0.00520771890907
27866.77633009713; -4.62959495727e-05; -0.00523087712461
27873.10591681762; -4.48729430866e-05; -0.00525352977221
27879.43694122395; -4.56033750889e-05; -0.00527704244657
27885.76940364255; -4.71534100238e-05; -0.0052998282775
27892.10330440011; -4.45490504014e-05; -0.00532186187728
27898.43864382332; -4.5809774988e-05; -0.00534348877369
27904.77542223897; -4.56344526527e-05; -0.00536719458315
27911.11363997396; -4.46078062339e-05; -0.00538901476716
27917.4532973551; -4.40062185851e-05; -0.00541168678729
27923.79439470944; -4.48923985667e-05; -0.00543326992707
27930.13693236406; -4.55064365339e-05; -0.00545557028072
27936.4809106461; -4.50647740912e-05; -0.00547554534372
27942.82632988278; -4.46272632974e-05; -0.00549829138539
27949.17319040145; -4.45183957246e-05; -0.00551959532258
27955.52149252937; -4.44281345694e-05; -0.00554014143621
27961.87123659403; -4.33843049571e-05; -0.00556264342143
27968.22242292297; -4.2864845441e-05; -0.0055819249386
27974.57505184376; -4.37001983553e-05; -0.00560365387561
27980.92912368408; -4.27494564932e-05; -0.00562453657329
27987.28463877171; -4.38237569872e-05; -0.00564375073657
27993.64159743438; -4.30554092463e-05; -0.0056656394201
28000; -4.39341901675e-05; -0.00568442743123
25000; 0.0160865458064
25005.67843463979; 0.0161190071332
25011.35815906438; 0.0161518600707
25017.03917356678; 0.0161862982703
25022.72147843991; 0.0162194917925
25028.40507397692; 0.0162529007265
25034.08996047095; 0.0162889248997
25039.77613821524; 0.0163225152123
25045.46360750308; 0.0163579283298
25051.15236862787; 0.0163926249441
25056.84242188294; 0.016428511339
25062.53376756184; 0.0164654897375
25068.2264059581; 0.0165002129133
25073.92033736538; 0.0165369736787
25079.61556207734; 0.0165721252548
25085.31208038781; 0.0166081417739
25091.0098925905; 0.0166460743905
25096.70899897936; 0.0166832003003
25102.40939984835; 0.0167200883344
25108.11109549148; 0.0167590036216
25113.81408620291; 0.0167971697346
25119.51837227669; 0.0168363836509
25125.2239540071; 0.0168748026586
25130.93083168842; 0.0169138994276
25136.63900561501; 0.0169549312942
25142.34847608131; 0.0169955229103
25148.05924338186; 0.0170351450907
25153.77130781111; 0.017077040881
25159.48466966374; 0.0171190641155
25165.19932923444; 0.0171605648884
25170.91528681798; 0.0172024985438
25176.63254270918; 0.0172454657259
25182.35109720298; 0.0172878107021
25188.07095059426; 0.0173326321795
25193.79210317808; 0.0173753948937
25199.51455524953; 0.017421817801
25205.23830710379; 0.0174669572076
25210.96335903614; 0.0175120685122
25216.68971134176; 0.0175592630412
25222.41736431608; 0.0176049790845
25228.14631825451; 0.0176511293623
25233.87657345257; 0.0176995312214
25239.6081302058; 0.0177463795823
25245.34098880991; 0.0177954522222
25251.07514956048; 0.0178432710813
25256.81061275334; 0.0178933810183
25262.5473786843; 0.0179436590976
25268.28544764929; 0.017994307702
25274.02481994425; 0.0180446980694
25279.76549586529; 0.0180965057348
25285.50747570839; 0.0181500258862
25291.25075976978; 0.0182030221773
25296.9953483457; 0.0182608437669
25302.74124173246; 0.0183139243593
25308.48844022646; 0.0183698313837
25314.23694412405; 0.0184241443829
25319.98675372179; 0.0184811414041
25325.73786931625; 0.0185388377567
25331.49029120407; 0.0185955636074
25337.24401968196; 0.0186547349524
25342.99905504674; 0.0187127312739
25348.75539759516; 0.018773498557
25354.51304762417; 0.0188327577037
25360.27200543076; 0.018895378302
25366.03227131197; 0.0189556103705
25371.79384556491; 0.0190197431564
25377.55672848682; 0.0190844946128
25383.32092037483; 0.0191482804078
25389.08642152632; 0.0192136724721
25394.85323223867; 0.0192793757268
25400.62135280933; 0.01934743739
25406.39078353587; 0.0194149107019
25412.16152471576; 0.0194843175449
25417.93357664672; 0.0195547742725
25423.70693962647; 0.0196250344956
25429.48161395279; 0.0196971934539
25435.25759992353; 0.0197687584047
25441.03489783669; 0.0198427707906
25446.81350799013; 0.0199167079715
25452.59343068198; 0.0199921501058
25458.37466621035; 0.0200690556503
25464.15721487345; 0.0201470662785
25469.94107696954; 0.0202253781742
25475.72625279698; 0.0203057434676
25481.5127426541; 0.0203863773592
25487.30054683939; 0.020468565965
25493.08966565139; 0.0205520012933
25498.8800993887; 0.0206366903635
25504.67184835004; 0.0207230464906
25510.46491283406; 0.020810459308
25516.25929313959; 0.0208998412479
25522.05498956551; 0.0209880639389
25527.85200241077; 0.0210819713462
25533.65033197438; 0.0211747926307
25539.44997855544; 0.0212683954751
25545.25094245303; 0.0213643126161
25551.05322396638; 0.0214628644088
25556.85682339479; 0.0215601804781
25562.6617410376; 0.0216596834183
25568.46797719422; 0.0217639607542
25574.2755321642; 0.021866597187
25580.08440624698; 0.0219724247201
25585.89459974223; 0.0220796642769
25591.70611294965; 0.0221880608038
25597.51894616897; 0.0223010427462
25603.3330997001; 0.0224138636487
25609.14857384279; 0.0225304030948
25614.96536889709; 0.022647615442
25620.78348516301; 0.0227685476196
25626.60292294064; 0.0228908122012
25632.42368253015; 0.0230126286683
25638.24576423184; 0.0231389294907
25644.06916834588; 0.0232682341088
25649.89389517271; 0.0233997059281
25655.71994501277; 0.0235324134897
25661.54731816655; 0.023669600098
25667.37601493465; 0.0238076123144
25673.20603561773; 0.0239477699904
25679.03738051642; 0.0240913021399
25684.87004993154; 0.0242375980121
25690.70404416395; 0.0243884859407
25696.53936351455; 0.0245425831254
25702.37600828439; 0.0246978411957
25708.21397877441; 0.024857722923
25714.05327528578; 0.0250214051516
25719.8938981197; 0.02518852504
25725.73584757741; 0.0253600253384
25731.57912396025; 0.0255344879497
25737.42372756967; 0.0257120169673
25743.26965870702; 0.0258947020938
25749.11691767388; 0.0260814669447
25754.96550477186; 0.0262727343691
25760.81542030262; 0.0264687993457
25766.6666645679; 0.0266695154786
25772.51923786956; 0.0268739817556
25778.37314050936; 0.02708358077
25784.2283727893; 0.0273000026139
25790.0849350114; 0.0275193052924
25795.94282747773; 0.0277462235259
25801.80205049049; 0.0279785216573
25807.6626043518; 0.0282160752155
25813.52448936398; 0.0284593842347
25819.38770582941; 0.0287094088712
25825.25225405049; 0.0289663049998
25831.11813432972; 0.0292305550986
25836.98534696972; 0.0295002769207
25842.853892273; 0.0297792617721
25848.72377054232; 0.0300654039732
25854.59498208045; 0.0303599653407
25860.46752719021; 0.0306618759428
25866.34140617452; 0.0309732981526
25872.2166193364; 0.0312932253169
25878.09316697878; 0.0316258550164
25883.97104940482; 0.0319655377982
25889.85026691772; 0.0323174281269
25895.73081982071; 0.0326808720845
25901.61270841716; 0.0330574097447
25907.49593301036; 0.0334458656622
25913.38049390382; 0.0338452458472
25919.26639140104; 0.0342598291645
25925.15362580564; 0.034686604712
25931.04219742128; 0.0351324174044
25936.93210655172; 0.0355926270861
25942.82335350068; 0.0360693016375
25948.71593857206; 0.0365647924494
25954.60986206981; 0.0370799061012
25960.50512429794; 0.0376129165426
25966.40172556051; 0.0381692011699
25972.29966616173; 0.0387459151562
25978.19894640571; 0.0393505261408
25984.09956659678; 0.0399786575939
25990.00152703929; 0.0406326499548
25995.90482803767; 0.0413155295002
26001.80946989646; 0.0420277200358
26007.7154529201; 0.0427702013725
26013.62277741329; 0.0435465378748
26019.53144368073; 0.0443636473511
26025.44145202717; 0.0452261957159
26031.35280275745; 0.046127851375
26037.26549617654; 0.0470790315353
26043.1795325893; 0.0480830683447
26049.09491230083; 0.0491422246731
26055.01163561624; 0.0502628785913
26060.92970284072; 0.0514489707829
26066.84911427951; 0.0527061176289
26072.769870238; 0.054039719209
26078.69197102146; 0.0554612940966
26084.61541693541; 0.0569770324798
26090.54020828538; 0.0585976272591
26096.46634537697; 0.0603394044703
26102.39382851589; 0.0622040269858
26108.32265800779; 0.0642081475769
26114.25283415852; 0.0663745887935
26120.18435727395; 0.0687220649158
26126.11722766004; 0.0712732986643
26132.05144562279; 0.0740578719238
26137.98701146835; 0.077099198393
26143.92392550277; 0.0804522122175
26149.86218803232; 0.0841565191882
26155.80179936329; 0.0882657339148
26161.74275980206; 0.0928633818477
26167.68506965504; 0.0980227504749
26173.62872922881; 0.103873977516
26179.57373882981; 0.110542220915
26185.52009876476; 0.118234800466
26191.46780934035; 0.127183739422
26197.41687086338; 0.137743122303
26203.36728364074; 0.150393407324
26209.31904797924; 0.165805209816
26215.27216418594; 0.184989080805
26221.22663256789; 0.209556891606
26227.18245343222; 0.242101051432
26233.13962708613; 0.287106998957
26239.09815383695; 0.353386502811
26245.0580339919; 0.460154817181
26251.01926785844; 0.65514342464
26256.98185574406; 1.04004928364
26262.9457979563; 1.20674881179
26268.91109480279; 1.06893098453
26274.87774659126; 0.667121914547
26280.84575362937; 0.455753343703
26286.81511622499; 0.342200053903
26292.78583468602; 0.272694562357
26298.75790932044; 0.225887669753
26304.73134043632; 0.192282600203
26310.70612834168; 0.167034768448
26316.68227334475; 0.147376387483
26322.65977575376; 0.131637736642
26328.63863587705; 0.118750745564
26334.618854023; 0.107998339202
26340.60043050011; 0.0989072813407
26346.58336561681; 0.0911178071587
26352.56765968175; 0.0843667277193
26358.5533130036; 0.0784617606484
26364.5403258911; 0.0732492427766
26370.52869865305; 0.0686048790888
26376.51843159839; 0.0644605875146
26382.50952503596; 0.0607301344982
26388.50197927482; 0.0573453587987
26394.49579462408; 0.054266279639
26400.49097139288; 0.0514642680493
26406.48750989046; 0.0488899654257
26412.48541042618; 0.046521429899
26418.48467330928; 0.0443385161924
26424.48529884927; 0.0423196676706
26430.48728735566; 0.0404450351794
26436.49063913803; 0.0386944791673
26442.49535450608; 0.0370641131497
26448.50143376942; 0.0355390714826
26454.50887723791; 0.0341099012555
26460.5176852214; 0.0327678074366
26466.52785802983; 0.0315041380385
26472.53939597319; 0.0303093123476
26478.55229936162; 0.0291829598986
26484.56656850515; 0.0281135738141
26490.58220371405; 0.0271018699099
26496.59920529861; 0.0261421329097
26502.61757356917; 0.0252312233103
26508.63730883617; 0.0243657717604
26514.65841141016; 0.0235417561066
26520.68088160158; 0.0227579474394
26526.70471972114; 0.0220103668191
26532.72992607954; 0.0212937404244
26538.75650098757; 0.0206115564402
26544.78444475611; 0.0199577193091
26550.81375769599; 0.0193283973447
26556.84444011825; 0.0187263892329
26562.87649233394; 0.0181457588691
26568.90991465421; 0.0175890191895
26574.94470739025; 0.0170531883385
26580.98087085339; 0.0165367190556
26587.01840535485; 0.0160394287066
26593.05731120613; 0.015557153108
26599.09758871869; 0.0150928363224
26605.13923820409; 0.0146485562108
26611.18225997396; 0.0142161914998
26617.22665434005; 0.0137984950239
26623.27242161402; 0.0133966013386
26629.31956210776; 0.0130055022486
26635.36807613319; 0.0126272283389
26641.41796400228; 0.01226261702
26647.46922602713; 0.0119090213261
26653.52186251977; 0.0115655896373
26659.57587379244; 0.0112338329656
26665.6312601574; 0.0109098263455
26671.68802192698; 0.0105977409846
26677.7461594136; 0.0102923846306
26683.80567292979; 0.00999678575045
26689.86656278797; 0.00971040456375
26695.92882930084; 0.00943159161118
26701.99247278107; 0.00916098826854
26708.05749354143; 0.00889615766617
26714.12389189475; 0.00863978001295
26720.19166815398; 0.00838856471934
26726.260822632; 0.00814504240021
26732.33135564189; 0.00790630556243
26738.40326749679; 0.00767415163834
26744.47655850986; 0.00744688591761
26750.55122899444; 0.00722626950527
26756.62727926373; 0.00701063132035
26762.7047096312; 0.00680012099393
26768.78352041031; 0.00659361136835
26774.8637119146; 0.00639350225355
26780.94528445771; 0.00619706625541
26787.02823835335; 0.00600526426754
26793.11257391518; 0.00581670118047
26799.19829145709; 0.00563350868419
26805.28539129296; 0.00545329441587
26811.37387373678; 0.00527878109175
26817.46373910259; 0.00510643341547
26823.55498770454; 0.0049383560431
26829.64761985673; 0.00477413358877
26835.74163587345; 0.00461196085912
26841.83703606904; 0.00445428944645
26847.93382075789; 0.00430068291622
26854.03199025453; 0.00414841958853
26860.1315448734; 0.00399925035571
26866.23248492915; 0.00385315387101
26872.33481073648; 0.00370991919422
26878.43852261014; 0.00357067102054
26884.54362086495; 0.00343319370844
26890.65010581588; 0.00329994905815
26896.75797777778; 0.00316709566643
26902.86723706574; 0.00303858130532
26908.97788399489; 0.0029117751144
26915.08991888041; 0.00278669389024
26921.20334203755; 0.00266465328115
26927.3181537817; 0.00254462689451
26933.43435442815; 0.00242811035921
26939.55194429242; 0.00231014214781
26945.67092369006; 0.00219705811569
26951.79129293669; 0.00208593394884
26957.91305234803; 0.00197521255308
26964.03620223975; 0.00186734476525
26970.16074292773; 0.00176078769515
26976.28667472787; 0.00165749869029
26982.41399795614; 0.0015541786146
26988.54271292859; 0.0014526108843
26994.6728199614; 0.00135459144547
27000.80431937063; 0.00125799412301
27006.9372114726; 0.00116144506556
27013.07149658366; 0.0010669933004
27019.2071750202; 0.000974216594574
27025.34424709869; 0.000883601100517
27031.48271313575; 0.000794292424464
27037.62257344788; 0.000706684921096
27043.76382835183; 0.000620210948867
27049.90647816436; 0.000534906139713
27056.05052320232; 0.000451734498478
27062.19596378265; 0.000372012217235
27068.34280022224; 0.000293017629226
27074.49103283818; 0.000220245925554
27080.64066194761; 0.000154406098274
27086.79168786771; 0.00011098167562
27092.94411091577; 0.000114867781187
27099.09793140916; 0.000161082964555
27105.25314966519; 0.000223494554913
27111.40976600141; 0.000290753899713
27117.56778073537; 0.000359912990017
27123.72719418469; 0.000430240765955
27129.88800666708; 0.000500548580447
27136.05021850037; 0.00056911649184
27142.21383000229; 0.000637669302681
27148.37884149081; 0.000705648715323
27154.54525328392; 0.000772882591919
27160.71306569969; 0.000839974939198
27166.88227905629; 0.000906457118651
27173.05289367184; 0.000968941095991
27179.22490986465; 0.00103546954188
27185.39832795309; 0.00109861359149
27191.57314825557; 0.00115957189275
27197.74937109059; 0.00122300795927
27203.92699677678; 0.00128359679069
27210.10602563266; 0.00134299442299
27216.28645797699; 0.00140364000417
27222.46829412857; 0.00146250839014
27228.65153440626; 0.0015212986465
27234.83617912897; 0.00157929095881
27241.02222861577; 0.0016340683101
27247.20968318563; 0.00169214370753
27253.39854315774; 0.00174710833345
27259.58880885132; 0.00180056308113
27265.78048058567; 0.00185631696417
27271.97355868021; 0.00190934135807
27278.16804345425; 0.00196301971946
27284.36393522737; 0.00201608220447
27290.56123431916; 0.00206773332324
27296.75994104925; 0.00211946340198
27302.96005573739; 0.00217076626777
27309.16157870342; 0.00222092262243
27315.36451026711; 0.00226854795183
27321.56885074846; 0.0023187359788
27327.77460046748; 0.00236770737947
27333.98175974428; 0.00241563015554
27340.190328899; 0.00246379450372
27346.40030825194; 0.00251192530491
27352.6116981233; 0.00255699172688
27358.82449883352; 0.00260303861288
27365.03871070305; 0.00264887994184
27371.25433405242; 0.0026940823493
27377.47136920228; 0.002739648666
27383.68981647319; 0.00278325170086
27389.90967618596; 0.00282717264876
27396.1309486614; 0.00287114496699
27402.35363422041; 0.0029140173492
27408.57773318395; 0.00295503721217
27414.80324587311; 0.00299612052823
27421.03017260889; 0.00303912097194
27427.25851371253; 0.00307948591247
27433.48826950529; 0.00312157797888
27439.71944030849; 0.00316092727463
27445.95202644353; 0.00320147051455
27452.18602823195; 0.00324148393306
27458.42144599518; 0.00328066478524
27464.6582800549; 0.00332041270655
27470.8965307328; 0.00335718874669
27477.13619835066; 0.00339530195304
27483.37728323035; 0.00343395128829
27489.6197856937; 0.00346978465499
27495.86370606273; 0.0035081954854
27502.10904465952; 0.0035442143945
27508.35580180618; 0.00358151018407
27514.60397782493; 0.00361827170344
27520.8535730381; 0.00365297974027
27527.10458776794; 0.00368889781673
27533.35702233691; 0.00372360091187
27539.61087706753; 0.00375935972543
27545.86615228236; 0.0037926021901
27552.12284830405; 0.00382682818685
27558.38096545538; 0.00386025669156
27564.64050405901; 0.00389588417935
27570.90146443788; 0.003928695865
27577.16384691492; 0.00396284471862
27583.42765181315; 0.00399404214578
27589.6928794557; 0.00402770670535
27595.95953016562; 0.00405931247482
27602.22760426619; 0.00409215875211
27608.49710208074; 0.00412288955772
27614.76802393262; 0.00415501705797
27621.0403701453; 0.00418526018749
27627.31414104236; 0.00421757254362
27633.58933694728; 0.00424781079465
27639.86595818379; 0.00427727116739
27646.14400507564; 0.00430758000367
27652.42347794664; 0.00433810057582
27658.7043771207; 0.0043682170468
27664.98670292183; 0.00439699065992
27671.27045567396; 0.00442643992393
27677.55563570127; 0.00445650223818
27683.84224332793; 0.00448455972492
27690.13027887822; 0.00451210313569
27696.41974267651; 0.00454168845458
27702.71063504711; 0.00456852900113
27709.00295631457; 0.00459578685439
27715.29670680342; 0.00462426121075
27721.5918868383; 0.0046527310311
27727.88849674392; 0.00467850650257
27734.18653684511; 0.00470593517122
27740.4860074666; 0.00473324785434
27746.78690893338; 0.00475922381317
27753.08924157045; 0.00478559789824
27759.39300570287; 0.00481301345068
27765.6982016558; 0.00483801214087
27772.00482975451; 0.00486500725701
27778.31289032419; 0.0048899622195
27784.62238369025; 0.00491499301215
27790.93331017813; 0.00494022813363
27797.24567011336; 0.00496490069421
27803.55946382158; 0.0049911080083
27809.87469162834; 0.00501446404059
27816.19135385943; 0.00504015807836
27822.50945084067; 0.00506425427284
27828.82898289793; 0.00508985766249
27835.14995035719; 0.0051133015922
27841.47235354452; 0.00513674534928
27847.79619278593; 0.00516057318274
27854.12146840765; 0.00518380132704
27860.44818073594; 0.00520793010836
27866.77633009713; 0.00523108199207
27873.10591681762; 0.00525372140949
27879.43694122395; 0.00527723949151
27885.76940364255; 0.00530003803902
27892.10330440011; 0.005322048333
27898.43864382332; 0.00534368513387
27904.77542223897; 0.00536738858261
27911.11363997396; 0.00538919938553
27917.4532973551; 0.00541186570704
27923.79439470944; 0.00543345538565
27930.13693236406; 0.00545576006837
27936.4809106461; 0.00547573078639
27942.82632988278; 0.00549847249255
27949.17319040145; 0.00551977485162
27955.52149252937; 0.00554031957493
27961.87123659403; 0.00556281260083
27968.22242292297; 0.00558208952053
27974.57505184376; 0.00560382427142
27980.92912368408; 0.00562469903019
27987.28463877171; 0.00564392087987
27993.64159743438; 0.00566580301519
28000; 0.00568459720947
