% Module: Sweep, ID: c0p1t8p1cfm0
% Devices: DEV646
% Time: 2025/10/24 12:44:48
% Demod 1 Sample X, /dev646/demods/0/sample.X
% Demod 1 Sample Y, /dev646/demods/0/sample.Y
% Frequency (Hz); Demod 1 Sample X  Amplitude (V); Demod 1 Sample Y  Amplitude (V)
% Demod 1 Sample R, /dev646/demods/0/sample.R
% Frequency (Hz); Demod 1 Sample R  Amplitude (V)
23008.76095118899; 3.16477240411e-05; -0.0133334485577
23017.52190237797; 3.0277524956e-05; -0.0133645982298
23026.28285356696; 2.72301344763e-05; -0.0133949371255
23035.04380475594; 2.62368259716e-05; -0.0134257107159
23043.80475594493; 2.4962243189e-05; -0.0134586003224
23052.56570713392; 2.21428865898e-05; -0.0134929778249
23061.32665832291; 2.00718821935e-05; -0.0135237159358
23070.08760951189; 1.85321621928e-05; -0.0135556079104
23078.84856070088; 1.73235941121e-05; -0.0135916827955
23087.60951188986; 1.49624747619e-05; -0.0136243174347
23096.37046307885; 1.30779337995e-05; -0.013657266022
23105.13141426783; 8.75951463904e-06; -0.0136913313265
23113.89236545682; 7.35976730151e-06; -0.0137262108737
23122.65331664581; 3.30207257267e-06; -0.0137627860587
23131.41426783479; 2.32836351474e-06; -0.0137970122248
23140.17521902378; -3.62191117009e-07; -0.0138353197636
23148.93617021276; -1.4371378778e-06; -0.0138708026573
23157.69712140175; -4.83389742471e-06; -0.013908053596
23166.45807259074; -6.36190581931e-06; -0.0139454181217
23175.21902377973; -9.64041742483e-06; -0.0139819463157
23183.97997496871; -1.13049610644e-05; -0.0140208516394
23192.7409261577; -1.48629599093e-05; -0.0140589680082
23201.50187734668; -1.80350422411e-05; -0.0141002079244
23210.26282853567; -2.04423189974e-05; -0.0141392039947
23219.02377972466; -2.39469119197e-05; -0.0141773200914
23227.78473091364; -2.79412327978e-05; -0.0142195859263
23236.54568210263; -2.91967135617e-05; -0.0142608105379
23245.30663329161; -3.39555649925e-05; -0.0143016188839
23254.0675844806; -3.62017159678e-05; -0.0143436811141
23262.82853566959; -4.05098552722e-05; -0.0143875433456
23271.58948685857; -4.35808782152e-05; -0.0144303800476
23280.35043804756; -4.53328347347e-05; -0.0144737239945
23289.11138923655; -5.16099304021e-05; -0.0145178789125
23297.87234042553; -5.46626106228e-05; -0.0145621826005
23306.63329161452; -5.68025945581e-05; -0.0146065586524
23315.3942428035; -6.16644323635e-05; -0.0146528108102
23324.15519399249; -6.6225039816e-05; -0.0147013766472
23332.91614518148; -6.96377850263e-05; -0.0147497887263
23341.67709637046; -7.55206025408e-05; -0.0147978239085
23350.43804755945; -7.78270790971e-05; -0.0148456154119
23359.19899874843; -8.18935656606e-05; -0.0148948348899
23367.95994993742; -8.6168846331e-05; -0.0149449672541
23376.72090112641; -9.14697987826e-05; -0.0149960008932
23385.4818523154; -9.5832006232e-05; -0.0150483517066
23394.24280350438; -0.000100592623752; -0.0150982414896
23403.00375469337; -0.000104987405678; -0.0151532990012
23411.76470588235; -0.000109173929901; -0.0152074120322
23420.52565707134; -0.000116314710813; -0.0152630736797
23429.28660826033; -0.00012039903451; -0.0153162609056
23438.04755944931; -0.000125555771057; -0.0153733906086
23446.8085106383; -0.000131284464785; -0.0154318425995
23455.56946182728; -0.000138135658134; -0.0154882044549
23464.33041301627; -0.000143489047108; -0.0155488051376
23473.09136420526; -0.000149971181568; -0.015608043475
23481.85231539424; -0.000156487062944; -0.0156679605453
23490.61326658323; -0.000162789323918; -0.0157283528529
23499.37421777222; -0.000168812075972; -0.0157920141801
23508.1351689612; -0.000177299080033; -0.0158567453074
23516.89612015019; -0.000184424138612; -0.0159194514985
23525.65707133917; -0.00018958589414; -0.0159867720033
23534.41802252816; -0.000199675266371; -0.0160510427163
23543.17897371715; -0.000207363505766; -0.0161203290477
23551.93992490613; -0.00021427147571; -0.0161869543231
23560.70087609512; -0.000224145477528; -0.0162565716042
23569.4618272841; -0.000233272955959; -0.0163262151326
23578.22277847309; -0.000239553716444; -0.0163985754484
23586.98372966208; -0.000247049479176; -0.0164709150871
23595.74468085106; -0.0002545118705; -0.0165450818271
23604.50563204005; -0.000263074182544; -0.0166207267374
23613.26658322904; -0.000269400224942; -0.0166990395946
23622.02753441802; -0.000278983520106; -0.0167786595323
23630.78848560701; -0.000289999546816; -0.0168590582845
23639.54943679599; -0.000300951040634; -0.0169418928895
23648.31038798498; -0.00030678818867; -0.0170258577934
23657.07133917397; -0.000319836090187; -0.0171108653686
23665.83229036295; -0.000330783375963; -0.0171985365061
23674.59324155194; -0.000340609516161; -0.0172864934358
23683.35419274093; -0.000351345980969; -0.0173756075319
23692.11514392991; -0.000362939034633; -0.0174681996249
23700.8760951189; -0.000375712908926; -0.0175625971394
23709.63704630789; -0.000388679423824; -0.0176602129545
23718.39799749687; -0.000400802175327; -0.0177575608268
23727.15894868586; -0.000415574258264; -0.0178578102171
23735.91989987484; -0.000429648094648; -0.0179602388404
23744.68085106383; -0.000444122566253; -0.0180629352616
23753.44180225282; -0.000458378115414; -0.0181694343225
23762.2027534418; -0.000472634638603; -0.0182789396119
23770.96370463079; -0.00048908419015; -0.0183891157789
23779.72465581977; -0.000505677649206; -0.0185025972076
23788.48560700876; -0.000525052512827; -0.0186193094491
23797.24655819775; -0.000540740792438; -0.0187382155965
23806.00750938673; -0.000559506075091; -0.0188582746776
23814.76846057572; -0.000578184181642; -0.018981865201
23823.52941176471; -0.000598411467611; -0.0191087783069
23832.29036295369; -0.000620202349154; -0.0192395561769
23841.05131414268; -0.000640154416581; -0.0193727831475
23849.81226533166; -0.000664507183671; -0.0195081458294
23858.57321652065; -0.000686550204505; -0.0196478684871
23867.33416770964; -0.000710457162132; -0.0197911850095
23876.09511889862; -0.000736033733049; -0.0199383085834
23884.85607008761; -0.00076123573159; -0.0200892399783
23893.6170212766; -0.00078968987415; -0.0202406683771
23902.37797246558; -0.00081828798317; -0.0204010180568
23911.13892365457; -0.000848262056885; -0.0205637737959
23919.89987484356; -0.000878596283286; -0.0207315668656
23928.66082603254; -0.000912209043094; -0.0209024923686
23937.42177722153; -0.000945138189433; -0.021079604194
23946.18272841051; -0.000980872870714; -0.0212609992065
23954.9436795995; -0.00101770447499; -0.0214457250639
23963.70463078848; -0.0010563453427; -0.0216403435774
23972.46558197747; -0.00109803661006; -0.021837030705
23981.22653316646; -0.0011409130257; -0.0220400567002
23989.98748435544; -0.0011853611625; -0.0222513409836
23998.74843554443; -0.00123159944866; -0.0224685028901
24007.50938673342; -0.00128191140267; -0.0226908174587
24016.2703379224; -0.00133433075663; -0.022921091661
24025.03128911139; -0.00138911899757; -0.0231598603932
24033.79224030038; -0.00144790654451; -0.0234054794616
24042.55319148936; -0.00150958726484; -0.0236612865979
24051.31414267835; -0.00157430800948; -0.0239237128273
24060.07509386733; -0.00164362336511; -0.0241973337644
24068.83604505632; -0.00171608206333; -0.0244782582761
24077.59699624531; -0.00179348325603; -0.0247708108008
24086.35794743429; -0.00187264582362; -0.0250725497909
24095.11889862328; -0.00195847121095; -0.0253865018773
24103.87984981227; -0.00205087366831; -0.0257127185719
24112.64080100125; -0.00214537470504; -0.0260525099749
24121.40175219024; -0.00224674554276; -0.026404092706
24130.16270337922; -0.0023546846309; -0.0267734920519
24138.92365456821; -0.0024683199853; -0.0271527824151
24147.6846057572; -0.00259417920334; -0.0275545577618
24156.44555694618; -0.00272451750092; -0.0279716140387
24165.20650813517; -0.00286560810586; -0.0284062518915
24173.96745932415; -0.00301678822163; -0.0288623148884
24182.72841051314; -0.00317970310766; -0.0293369767476
24191.48936170213; -0.00335468003119; -0.0298386107066
24200.25031289111; -0.00354384623218; -0.0303583822109
24209.0112640801; -0.00374909427098; -0.0309031891157
24217.77221526909; -0.00396827652733; -0.0314752570918
24226.53316645807; -0.00420932030866; -0.0320766019673
24235.29411764706; -0.00446903657502; -0.0327096578319
24244.05506883605; -0.00475226645115; -0.033373890978
24252.81602002503; -0.00506225447569; -0.0340750058638
24261.57697121402; -0.00540216250569; -0.0348155144582
24270.337922403; -0.0057735753713; -0.0355948366907
24279.09887359199; -0.00618303775725; -0.0364241546959
24287.85982478098; -0.00663309627228; -0.037300019235
24296.62077596996; -0.00713115125296; -0.0382323861017
24305.38172715895; -0.0076839954508; -0.0392205921154
24314.14267834794; -0.00830106907352; -0.0402680527997
24322.90362953692; -0.00898849274314; -0.0413805697094
24331.66458072591; -0.00975775953722; -0.0425662144969
24340.42553191489; -0.0106233558709; -0.0438277885732
24349.18648310388; -0.0116024437691; -0.0451765675717
24357.94743429287; -0.012711170307; -0.0466158136954
24366.70838548185; -0.0139742989337; -0.048147125058
24375.46933667084; -0.0154223947572; -0.0497795689208
24384.23028785982; -0.0170844547989; -0.0515100935893
24392.99123904881; -0.019006863692; -0.0533535777246
24401.7521902378; -0.0212384214822; -0.0552954407866
24410.51314142678; -0.0238419784241; -0.0573235084742
24419.27409261577; -0.0268882584929; -0.059417205588
24428.03504380476; -0.0304737472988; -0.061543961725
24436.79599499374; -0.0347144517828; -0.063644439223
24445.55694618273; -0.0397270833068; -0.0656133988797
24454.31789737171; -0.045655679112; -0.0672952818537
24463.0788485607; -0.052635574104; -0.0684454973524
24471.83979974969; -0.0607722326114; -0.068725604188
24480.60075093867; -0.070076811636; -0.0676450581897
24489.36170212766; -0.0803987785734; -0.0646146534586
24498.12265331664; -0.091240894745; -0.0589327454014
24506.88360450563; -0.101723237585; -0.0500477644599
24515.64455569462; -0.110515795371; -0.0377838826419
24524.40550688361; -0.116116467166; -0.0227013173663
24533.16645807259; -0.117392461922; -0.00620376459307
24541.92740926158; -0.114086317707; 0.009828241186
24550.68836045056; -0.10693197757; 0.0236858807201
24559.44931163955; -0.0973279307704; 0.0343834996118
24568.21026282854; -0.0867048813769; 0.0417460740658
24576.97121401752; -0.0761921912732; 0.0461821393068
24585.73216520651; -0.0664477234978; 0.048326947193
24594.49311639549; -0.057790949324; 0.0488312509268
24603.25406758448; -0.0502808026853; 0.0482307464851
24612.01501877347; -0.0438644637775; 0.046935058323
24620.77596996245; -0.0384119606477; 0.0452296397185
24629.53692115144; -0.0337844699076; 0.0432954438368
24638.29787234043; -0.0298636769092; 0.0412793978295
24647.05882352941; -0.026528093419; 0.0392512845504
24655.8197747184; -0.0236799125771; 0.0372643757501
24664.58072590738; -0.0212409316409; 0.0353536080983
24673.34167709637; -0.0191386236573; 0.0335288103146
24682.10262828536; -0.0173159550882; 0.0317966443555
24690.86357947434; -0.0157339930676; 0.0301655103777
24699.62453066333; -0.0143512013124; 0.0286322918301
24708.38548185231; -0.0131347614152; 0.0271849969807
24717.1464330413; -0.012060409928; 0.0258225612041
24725.90738423029; -0.011109418981; 0.024546051963
24734.66833541928; -0.0102643355074; 0.0233456756057
24743.42928660826; -0.0095116782569; 0.0222217352921
24752.19023779725; -0.00883951071197; 0.0211696712191
24760.95118898623; -0.00823270053781; 0.0201763203767
24769.71214017522; -0.00768581343274; 0.0192419133885
24778.47309136421; -0.00719223276512; 0.0183592854765
24787.23404255319; -0.0067409906841; 0.0175239284744
24795.99499374218; -0.00633070442396; 0.0167330407315
24804.75594493116; -0.0059556921329; 0.0159837980025
24813.51689612015; -0.00561405896329; 0.0152742736661
24822.27784730914; -0.00530008002545; 0.014599042554
24831.03879849812; -0.00501040849446; 0.0139583797953
24839.79974968711; -0.00474456166496; 0.0133499616959
24848.5607008761; -0.00449975048948; 0.0127706004726
24857.32165206508; -0.00427034290774; 0.0122193474877
24866.08260325407; -0.00406131440304; 0.0116931353941
24874.84355444305; -0.00386534918056; 0.0111929754123
24883.60450563204; -0.00368275209025; 0.0107129253344
24892.36545682103; -0.00351491454488; 0.0102555152578
24901.12640801001; -0.00335345409539; 0.00981764066376
24909.887359199; -0.00320659710095; 0.00939781943596
24918.64831038798; -0.00306885044219; 0.00899741419706
24927.40926157697; -0.00293926164782; 0.00860935423176
24936.17021276596; -0.00281624983188; 0.0082394762758
24944.93116395495; -0.00270070968568; 0.007881615753
24953.69211514393; -0.00259332738073; 0.00753828873973
24962.45306633292; -0.00249107402797; 0.00720913983469
24971.2140175219; -0.00239353389528; 0.00688870189888
24979.97496871089; -0.00230110240075; 0.00658008406027
24988.73591989987; -0.00221497806997; 0.00628214665358
24997.49687108886; -0.00213426586719; 0.00599324057967
25006.25782227785; -0.00205787219014; 0.00571468707885
25015.01877346683; -0.0019866429409; 0.00544470018058
25023.77972465582; -0.00192095059372; 0.00518366551234
25032.54067584481; -0.0018573829197; 0.00493398136331
25041.30162703379; -0.00179975384823; 0.004688985794
25050.06257822278; -0.00174515296278; 0.00445344090777
25058.82352941177; -0.00169569315769; 0.00422578871144
25067.58448060075; -0.00164657511456; 0.00400715380164
25076.34543178974; -0.0016020258258; 0.00379627702451
25085.10638297872; -0.00156061085771; 0.00359390977773
25093.86733416771; -0.00152128263851; 0.00339793852155
25102.6282853567; -0.00148212525956; 0.00321206593929
25111.38923654568; -0.00144359007693; 0.00303306881047
25120.15018773467; -0.00140669489248; 0.00286030229398
25128.91113892365; -0.00136763607664; 0.00269299655125
25137.67209011264; -0.00132418764743; 0.00253090594622
25146.43304130163; -0.00128239651955; 0.00237355981423
25155.19399249061; -0.00124205132004; 0.00221638049981
25163.9549436796; -0.00119850684494; 0.00206195599449
25172.71589486859; -0.00116097762759; 0.00190853613413
25181.47684605757; -0.00112041822012; 0.00175805152174
25190.23779724656; -0.00108520196123; 0.00161242706219
25198.99874843554; -0.0010504499063; 0.00146725621334
25207.75969962453; -0.00101877653694; 0.00132536847682
25216.52065081352; -0.000988867598291; 0.00118627492173
25225.2816020025; -0.000959414162012; 0.00105194005315
25234.04255319149; -0.000932329119177; 0.000919096797531
25242.80350438048; -0.000904830210923; 0.00079198067697
25251.56445556946; -0.000880850283492; 0.000664681026024
25260.32540675845; -0.000858891340918; 0.000543171891908
25269.08635794744; -0.000834309844474; 0.000422973969749
25277.84730913642; -0.000813825357117; 0.000303391925943
25286.60826032541; -0.000792078089203; 0.000189559326802
25295.36921151439; -0.000771402504317; 7.82147552439e-05
25304.13016270338; -0.000751782278681; -3.31704898309e-05
25312.89111389236; -0.000734696574078; -0.000138804084091
25321.65206508135; -0.000716067665408; -0.00024524594287
25330.41301627034; -0.000700333421686; -0.00034590191051
25339.17396745932; -0.000680476646089; -0.000447038799656
25347.93491864831; -0.000665693275529; -0.000546425494229
25356.6958698373; -0.000650919910411; -0.000642390282219
25365.45682102628; -0.000635731127299; -0.00073732147356
25374.21777221527; -0.000620341208085; -0.00083064639355
25382.97872340426; -0.000606100831578; -0.00092069760923
25391.73967459324; -0.000592251735135; -0.00101178046717
25400.50062578223; -0.00058063216468; -0.0010961804398
25409.26157697121; -0.000566480408205; -0.00118499316668
25418.0225281602; -0.000552295321002; -0.00126804055714
25426.78347934919; -0.000541934162653; -0.00134979802884
25435.54443053817; -0.000529328233071; -0.00143097653283
25444.30538172716; -0.000518091454004; -0.00151108519942
25453.06633291615; -0.000508089877346; -0.00158971080421
25461.82728410513; -0.000497133964773; -0.0016675321138
25470.58823529412; -0.000486184247275; -0.00174294109708
25479.3491864831; -0.00047668945278; -0.00181696365347
25488.11013767209; -0.000466902335598; -0.00188918626079
25496.87108886108; -0.000456038117514; -0.00196117555996
25505.63204005006; -0.000447467698756; -0.00203085072736
25514.39299123905; -0.000438202110215; -0.00210063974381
25523.15394242803; -0.000428963589486; -0.00216767577352
25531.91489361702; -0.00041905540739; -0.0022367894731
25540.67584480601; -0.000410407103985; -0.00230216703148
25549.436795995; -0.000404005015621; -0.00236612250417
25558.19774718398; -0.000394895629128; -0.0024296716619
25566.95869837297; -0.000387200655818; -0.00249414083812
25575.71964956195; -0.000379700572867; -0.00255422146549
25584.48060075094; -0.000372712117984; -0.00261533287083
25593.24155193993; -0.000365989851934; -0.00267482056622
25602.00250312891; -0.000358183454851; -0.00273294522541
25610.7634543179; -0.00035187019029; -0.00279143209192
25619.52440550688; -0.000344806281751; -0.00285092417524
25628.28535669587; -0.000339433758238; -0.00290545596276
25637.04630788486; -0.000332488795794; -0.00295970779716
25645.80725907384; -0.000325379751744; -0.00301588692028
25654.56821026283; -0.0003196296965; -0.00306959206815
25663.32916145182; -0.000313333048278; -0.00312383305134
25672.0901126408; -0.000308352922581; -0.00317652284285
25680.85106382979; -0.000301677590164; -0.00322652650166
25689.61201501877; -0.000296883269089; -0.00327970630846
25698.37296620776; -0.000290148229587; -0.00332868526915
25707.13391739675; -0.000286137531339; -0.00337972547178
25715.89486858573; -0.000280256571994; -0.00342785943659
25724.65581977472; -0.000275333778296; -0.00347511901293
25733.4167709637; -0.00026964541254; -0.00352261074129
25742.17772215269; -0.000264165803743; -0.00356970538538
25750.93867334168; -0.00025973279208; -0.0036173244015
25759.69962453067; -0.000254202562178; -0.00366252907372
25768.46057571965; -0.000249983306235; -0.00370747017797
25777.22152690864; -0.000246287449406; -0.00375159632569
25785.98247809762; -0.000242697233931; -0.0037953791222
25794.74342928661; -0.000237057633668; -0.00383999700087
25803.5043804756; -0.000233611204147; -0.0038812613441
25812.26533166458; -0.000229248009515; -0.00392455242855
25821.02628285357; -0.000227266956903; -0.00396651269282
25829.78723404255; -0.000220730782312; -0.00400675805995
25838.54818523154; -0.000216510058324; -0.00404692173997
25847.30913642052; -0.00021372451697; -0.00408968186425
25856.07008760951; -0.000210248273795; -0.00412970146004
25864.8310387985; -0.000206343373292; -0.00416824907045
25873.59198998749; -0.000202572784833; -0.00420706992479
25882.35294117647; -0.000200572768567; -0.00424562699986
25891.11389236546; -0.000196484875908; -0.00428122411279
25899.87484355444; -0.000193067775157; -0.00432038678197
25908.63579474343; -0.000189235568583; -0.00435694376148
25917.39674593242; -0.000186876675479; -0.00439268764738
25926.1576971214; -0.000181256972706; -0.00442911206632
25934.91864831039; -0.000179023118704; -0.00446532409296
25943.67959949937; -0.000175716046882; -0.00450120079897
25952.44055068836; -0.000173883038691; -0.00453666042212
25961.20150187735; -0.000169706647678; -0.00457136957596
25969.96245306634; -0.000166943446132; -0.00460440077288
25978.72340425532; -0.000165584704945; -0.00463883824315
25987.48435544431; -0.000159844512516; -0.00467359484851
25996.24530663329; -0.000159056423919; -0.00470534865738
26005.00625782228; -0.000155064445484; -0.00473589790536
26013.76720901126; -0.000151997993789; -0.00477165296036
26022.52816020025; -0.000148194524162; -0.00480348585713
26031.28911138924; -0.000147231621255; -0.0048357158701
26040.05006257822; -0.000145628116331; -0.00486654343276
26048.81101376721; -0.000141268760567; -0.00489786141897
26057.57196495619; -0.000140696928839; -0.00492835326893
26066.33291614518; -0.000137633952562; -0.00495818228085
26075.09386733417; -0.000135026067217; -0.00498942817896
26083.85481852316; -0.000132195228482; -0.00501907785988
26092.61576971214; -0.000131406484118; -0.0050473221242
26101.37672090113; -0.000129401305148; -0.00507680460899
26110.13767209011; -0.000126555469759; -0.0051069997124
26118.8986232791; -0.000123474165985; -0.00513571633793
26127.65957446809; -0.000121149765818; -0.00516467104127
26136.42052565707; -0.000119549979303; -0.00519204979091
26145.18147684606; -0.000118087168216; -0.00522024227509
26153.94242803504; -0.000116122191643; -0.00524936457662
26162.70337922403; -0.000112177661199; -0.00527456170599
26171.46433041301; -0.000113407425271; -0.00530260514163
26180.225281602; -0.000110751357851; -0.00532946506816
26188.98623279099; -0.000108409611157; -0.00535470043824
26197.74718397998; -0.000106940960892; -0.00538216707968
26206.50813516896; -0.000103889466752; -0.00540940436657
26215.26908635795; -0.000105204345596; -0.00543364976641
26224.03003754693; -0.000100058356615; -0.00545849210007
26232.79098873592; -9.71229621213e-05; -0.00548613251859
26241.55193992491; -9.76850776807e-05; -0.00550984760294
26250.31289111389; -9.64104952635e-05; -0.00553601878534
26259.07384230288; -9.38642667653e-05; -0.00555974738929
26267.83479349186; -9.19576745373e-05; -0.0055862763818
26276.59574468085; -9.04295320417e-05; -0.00560987435156
26285.35669586984; -8.84515218539e-05; -0.00563348863158
26294.11764705883; -8.7337712e-05; -0.00565727409239
26302.87859824781; -8.61079176e-05; -0.00568087453138
26311.6395494368; -8.4214948739e-05; -0.00570528211702
26320.40050062578; -8.05809437568e-05; -0.00572842997622
26329.16145181477; -8.03999327879e-05; -0.00575134215218
26337.92240300375; -7.90233515444e-05; -0.00577403523238
26346.68335419274; -7.78889000075e-05; -0.00579655630099
26355.44430538173; -7.57120323386e-05; -0.00581941505945
26364.20525657071; -7.49185024826e-05; -0.00584106205797
26372.9662077597; -7.52026146828e-05; -0.00586515537392
26381.72715894868; -7.24495694884e-05; -0.00588604055861
26390.48811013767; -7.10870248767e-05; -0.00590864124227
26399.24906132666; -7.0206750575e-05; -0.00592938750726
26408.01001251565; -6.86091918901e-05; -0.00595056520428
26416.77096370463; -6.68771151993e-05; -0.00597244933873
26425.53191489362; -6.61976293839e-05; -0.00599399709303
26434.2928660826; -6.56632909941e-05; -0.00601408083835
26443.05381727159; -6.32879738717e-05; -0.00603447336509
26451.81476846058; -6.15668751901e-05; -0.00605403960967
26460.57571964956; -6.1275134947e-05; -0.00607555712694
26469.33667083855; -6.04066231635e-05; -0.00609687217611
26478.09762202753; -5.89652813849e-05; -0.00611559410214
26486.85857321652; -5.74398765708e-05; -0.00613699453989
26495.61952440551; -5.58165910847e-05; -0.00615495571576
26504.38047559449; -5.56831514893e-05; -0.00617592865523
26513.14142678348; -5.41522423239e-05; -0.00619674534819
26521.90237797247; -5.30727408805e-05; -0.00621427859205
26530.66332916145; -5.20068989784e-05; -0.00623587601851
26539.42428035044; -5.11133209109e-05; -0.00625401454273
26548.18523153942; -4.83182005338e-05; -0.00627203381623
26556.94618272841; -4.89350311141e-05; -0.0062925428867
26565.7071339174; -4.77645051996e-05; -0.00631021443335
26574.46808510638; -4.63763522973e-05; -0.00633059115444
26583.22903629537; -4.55269912522e-05; -0.00634787839002
26591.98998748435; -4.66605100504e-05; -0.00636522431005
26600.75093867334; -4.54266957882e-05; -0.00638395221386
26609.51188986233; -4.296914201e-05; -0.00640170080365
26618.27284105132; -4.27052409324e-05; -0.00642060818716
26627.0337922403; -4.18069078225e-05; -0.00643916791849
26635.79474342929; -4.0485215042e-05; -0.00645661640579
26644.55569461827; -3.83417670145e-05; -0.00647519969882
26653.31664580726; -3.8538482534e-05; -0.00649189305652
26662.07759699625; -3.67500365451e-05; -0.00650893730931
26670.83854818523; -3.60273022548e-05; -0.00652544067005
26679.59949937422; -3.55938159516e-05; -0.00654286012005
26688.3604505632; -3.37239637341e-05; -0.00656052534508
26697.12140175219; -3.26225255164e-05; -0.00657662772786
26705.88235294117; -3.33821520662e-05; -0.00659332883236
26714.64330413016; -3.08276861634e-05; -0.00661141859351
26723.40425531915; -3.05742046456e-05; -0.00662841749484
26732.16520650814; -3.0579254564e-05; -0.00664357765854
26740.92615769712; -3.03398571796e-05; -0.00666145096869
26749.68710888611; -2.90775425039e-05; -0.00667629260557
26758.44806007509; -2.69976493208e-05; -0.00669229820144
26767.20901126408; -2.64884007223e-05; -0.00670914083312
26775.96996245307; -2.71109468538e-05; -0.00672590980732
26784.73091364205; -2.51926342502e-05; -0.00674115527629
26793.49186483104; -2.49584949391e-05; -0.00675694595069
26802.25281602002; -2.42550389111e-05; -0.00677231093967
26811.01376720901; -2.48865053754e-05; -0.00678872654333
26819.774718398; -2.14603919676e-05; -0.00680278743489
26828.53566958699; -2.3864226921e-05; -0.00681744908709
26837.29662077597; -2.38045627098e-05; -0.00683453259419
26846.05757196496; -2.0017467895e-05; -0.00685044699787
26854.81852315394; -2.07452617258e-05; -0.00686648955566
26863.57947434293; -1.82735703442e-05; -0.00687949389544
26872.34042553191; -1.96509621617e-05; -0.00689495776689
26881.1013767209; -1.95670301823e-05; -0.0069096867944
26889.86232790989; -1.70660546089e-05; -0.00692378765061
26898.62327909887; -1.54948772744e-05; -0.00693870555623
26907.38423028786; -1.71643211411e-05; -0.00695353132839
26916.14518147684; -1.7170410616e-05; -0.00696867927746
26924.90613266583; -1.53542802684e-05; -0.00698188004957
26933.66708385482; -1.66109433375e-05; -0.00699738134858
26942.42803504381; -1.26819251229e-05; -0.00701097189642
26951.18898623279; -1.31666193596e-05; -0.00702506179325
26959.94993742178; -1.4466850992e-05; -0.00703987287557
26968.71088861076; -1.35550992596e-05; -0.00705271146461
26977.47183979975; -1.15864242529e-05; -0.00706658746053
26986.23279098874; -1.12021858897e-05; -0.00708105553317
26994.99374217772; -9.75000580552e-06; -0.00709540024437
27003.75469336671; -1.05704051833e-05; -0.00710840010473
27012.51564455569; -9.51005033707e-06; -0.00712404525024
27021.27659574468; -9.81925062331e-06; -0.00713696279344
27030.03754693367; -7.30724466702e-06; -0.00714991453433
27038.79849812265; -8.8264840034e-06; -0.00716352761101
27047.55944931164; -6.74296911985e-06; -0.0071753633052
27056.32040050063; -6.82936753388e-06; -0.00719105404991
27065.08135168961; -7.69604465541e-06; -0.00720356435515
27073.8423028786; -4.72889612527e-06; -0.00721520422795
27082.60325406758; -5.50017861897e-06; -0.00722927723014
27091.36420525657; -7.43358421925e-06; -0.0072429421956
27100.12515644556; -5.25454657506e-06; -0.00725644753329
27108.88610763454; -3.99917019311e-06; -0.00726844365049
27117.64705882353; -3.94809636061e-06; -0.007282331744
27126.40801001251; -4.05002783196e-06; -0.00729373706691
27135.1689612015; -3.85381826643e-06; -0.00730622628066
27143.92991239049; -3.4463723975e-06; -0.0073196991563
27152.69086357948; -2.2979731423e-06; -0.00733282123745
27161.45181476846; -2.51766060789e-06; -0.00734491663187
27170.21276595745; -1.30950786261e-06; -0.00735613483083
27178.97371714643; -1.23013957903e-06; -0.00736871932423
27187.73466833542; -1.42089984648e-06; -0.00738150724454
27196.4956195244; 7.01614058135e-07; -0.00739475077707
27205.25657071339; -3.3090393675e-07; -0.00740544936402
27214.01752190238; -8.83417209335e-07; -0.00741843078544
27222.77847309136; 1.95741649383e-06; -0.00743102210728
27231.53942428035; 1.69058663166e-06; -0.00744298845564
27240.30037546934; 2.37563026833e-06; -0.00745399645371
27249.06132665832; 1.24766332315e-06; -0.00746609229769
27257.82227784731; 3.77207599382e-06; -0.00747865844094
27266.5832290363; 3.1063838207e-06; -0.00748986624908
27275.34418022528; 3.9893077431e-06; -0.0075027316482
27284.10513141427; 4.41116343674e-06; -0.00751481475393
27292.86608260325; 4.20495281366e-06; -0.00752399951856
27301.62703379224; 5.78566568901e-06; -0.00753684670516
27310.38798498123; 5.11319892025e-06; -0.00754764773855
27319.14893617021; 6.12634450212e-06; -0.00755974653068
27327.9098873592; 4.90378887468e-06; -0.00757081852353
27336.67083854818; 5.78453417405e-06; -0.00758198953356
27345.43178973717; 5.88030747573e-06; -0.00759314964707
27354.19274092616; 6.51642642752e-06; -0.00760446825428
27362.95369211514; 8.42400608195e-06; -0.0076152176119
27371.71464330413; 8.16830879229e-06; -0.00762678410006
27380.47559449312; 8.83003274612e-06; -0.0076389285915
27389.2365456821; 9.66026448949e-06; -0.0076490752665
27397.99749687109; 8.9773773084e-06; -0.00766023795631
27406.75844806007; 1.00528038364e-05; -0.00767022672894
27415.51939924906; 9.96830999712e-06; -0.00768189007259
27424.28035043805; 1.02190099857e-05; -0.00769348973264
27433.04130162703; 1.1067336468e-05; -0.00770287799482
27441.80225281602; 1.12818691461e-05; -0.00771473384984
27450.56320400501; 1.26967528408e-05; -0.00772413508473
27459.32415519399; 1.26147204424e-05; -0.00773579228031
27468.08510638298; 1.2485555635e-05; -0.0077464405509
27476.84605757197; 1.38386584913e-05; -0.00775737275756
27485.60700876095; 1.2231452332e-05; -0.00776663405986
27494.36795994994; 1.29143443851e-05; -0.0077785533573
27503.12891113892; 1.34639743042e-05; -0.00778899151141
27511.88986232791; 1.60885686783e-05; -0.00779961658655
27520.6508135169; 1.54391095428e-05; -0.007809736174
27529.41176470588; 1.48489517785e-05; -0.00781971871904
27538.17271589487; 1.58277950399e-05; -0.00783002275136
27546.93366708385; 1.64653966538e-05; -0.00784196092159
27555.69461827284; 1.53941083769e-05; -0.00785121587779
27564.45556946183; 1.71807974117e-05; -0.0078611386535
27573.21652065081; 1.66343800694e-05; -0.00787160250128
27581.9774718398; 1.74444196909e-05; -0.00788142942598
27590.73842302879; 1.77330110582e-05; -0.00789252518565
27599.49937421777; 1.693877026e-05; -0.00790356690834
27608.26032540676; 1.66599940846e-05; -0.00791130951003
27617.02127659574; 1.84074273456e-05; -0.00792423291859
27625.78222778473; 1.87263631671e-05; -0.00793281364985
27634.54317897372; 1.7422608857e-05; -0.00794445345383
27643.3041301627; 1.87084702494e-05; -0.00795343266544
27652.06508135169; 1.79634842121e-05; -0.00796330198712
27660.82603254068; 1.66269376485e-05; -0.0079716517942
27669.58698372966; 1.68297252257e-05; -0.00798199062176
27678.34793491865; 1.93183266051e-05; -0.00799125294571
27687.10888610764; 1.58868837497e-05; -0.00800062599614
27695.86983729662; 1.84936730234e-05; -0.00801067193671
27704.63078848561; 1.80124213205e-05; -0.00801908361318
27713.39173967459; 1.84642535127e-05; -0.00802966964679
27722.15269086358; 1.92164408085e-05; -0.00803882642098
27730.91364205256; 1.8990470938e-05; -0.00804780247409
27739.67459324155; 2.02649799102e-05; -0.00805824004173
27748.43554443054; 2.07104306748e-05; -0.00806750387258
27757.19649561952; 2.03095366307e-05; -0.00807673565063
27765.95744680851; 2.04011537768e-05; -0.00808654335639
27774.7183979975; 2.0317880366e-05; -0.00809496249026
27783.47934918648; 2.05889883047e-05; -0.00810445185238
27792.24030037547; 2.02572942563e-05; -0.00811240994165
27801.00125156446; 2.28187595961e-05; -0.00812226856303
27809.76220275344; 2.26129010946e-05; -0.00813235216441
27818.52315394243; 2.17803987698e-05; -0.00814127101402
27827.28410513141; 2.2123767032e-05; -0.00814925474556
27836.0450563204; 2.22022069617e-05; -0.00815854892294
27844.80600750939; 2.17147481258e-05; -0.00816790429287
27853.56695869837; 2.15491277091e-05; -0.00817731267385
27862.32790988736; 2.21292956213e-05; -0.00818441263326
27871.08886107635; 2.27407103983e-05; -0.00819397507444
27879.84981226533; 2.53229247262e-05; -0.00820283123227
27888.61076345432; 2.41734670356e-05; -0.00821202662925
27897.3717146433; 2.35683977555e-05; -0.00822158587223
27906.13266583229; 2.44496705674e-05; -0.0082293601718
27914.89361702128; 2.36435436248e-05; -0.00823793558262
27923.65456821026; 2.35405423907e-05; -0.00824738128971
27932.41551939925; 2.46639540442e-05; -0.00825427818737
27941.17647058823; 2.50023499742e-05; -0.00826369444389
27949.93742177722; 2.56494362169e-05; -0.00827323074574
27958.69837296621; 2.62901053448e-05; -0.00828246989349
27967.45932415519; 2.53279472397e-05; -0.0082907492905
27976.22027534418; 2.57557076388e-05; -0.00829829621025
27984.98122653317; 2.62945958392e-05; -0.00830680690828
27993.74217772215; 2.73680948942e-05; -0.00831594405002
28002.50312891114; 2.92325084101e-05; -0.00832540648502
28011.26408010013; 2.69197644302e-05; -0.00833107784626
28020.02503128911; 2.80775773052e-05; -0.00834036369391
28028.7859824781; 2.61359335696e-05; -0.00834923152997
28037.54693366708; 2.5623255957e-05; -0.0083576780951
28046.30788485607; 2.83404732954e-05; -0.00836450876516
28055.06883604506; 2.69671465276e-05; -0.00837303619987
28063.82978723404; 2.82210401256e-05; -0.00838264421467
28072.59073842303; 2.85970368213e-05; -0.00839011960892
28081.35168961202; 2.90939846707e-05; -0.00839877149834
28090.112640801; 2.9498262176e-05; -0.00840562676563
28098.87359198999; 2.96971419463e-05; -0.00841585751828
28107.63454317897; 2.92716023128e-05; -0.00842415815159
28116.39549436796; 3.03028632177e-05; -0.00842975818464
28125.15644555695; 3.0225343603e-05; -0.0084382816096
28133.91739674593; 3.06400826887e-05; -0.00844708031668
28142.67834793492; 3.18447640338e-05; -0.00845382093592
28151.43929912391; 3.15512345599e-05; -0.00846217732102
28160.20025031289; 3.24140646523e-05; -0.00847109179973
28168.96120150188; 2.98619096465e-05; -0.00847884780348
28177.72215269087; 3.34188084007e-05; -0.00848604432837
28186.48310387985; 3.3323738246e-05; -0.00849445005068
28195.24405506884; 3.24388349641e-05; -0.00850236178109
28204.00500625782; 3.36970126069e-05; -0.00851060282924
28212.76595744681; 3.46394638381e-05; -0.00851646048888
28221.52690863579; 3.40334368506e-05; -0.00852540591788
28230.28785982478; 3.43429927907e-05; -0.00853341322305
28239.04881101377; 3.59106923914e-05; -0.00853943347908
28247.80976220275; 3.4608120143e-05; -0.00854865958042
28256.57071339174; 3.61269878699e-05; -0.00855524015023
28265.33166458073; 3.69316466445e-05; -0.00856189261496
28274.09261576971; 3.65257769795e-05; -0.00857112428716
28282.8535669587; 3.59367537752e-05; -0.00857683542962
28291.61451814769; 3.78149038096e-05; -0.00858624367613
28300.37546933667; 3.97915499678e-05; -0.00859455790797
28309.13642052566; 3.83844978425e-05; -0.00860039346823
28317.89737171464; 3.86107958401e-05; -0.00860767762305
28326.65832290363; 4.01506958601e-05; -0.00861520816933
28335.41927409262; 3.96445226925e-05; -0.00862139261646
28344.1802252816; 4.06071263391e-05; -0.00862774891573
28352.94117647059; 4.27746844048e-05; -0.00863695712465
28361.70212765958; 4.33606914945e-05; -0.00864366102922
28370.46307884856; 4.21994497272e-05; -0.00865119503545
28379.22403003755; 4.40045675964e-05; -0.00865822264015
28387.98498122653; 4.37223888374e-05; -0.00866709989799
28396.74593241552; 4.62032609587e-05; -0.00867395261042
28405.50688360451; 4.69730316802e-05; -0.00868156230465
28414.26783479349; 4.65457493431e-05; -0.00868875604606
28423.02878598248; 4.90339710742e-05; -0.0086948282441
28431.78973717146; 4.91886730415e-05; -0.00870285355377
28440.55068836045; 5.04263920656e-05; -0.00870918192107
28449.31163954944; 5.21241097992e-05; -0.00871813912794
28458.07259073842; 4.95825412182e-05; -0.00872262666498
28466.83354192741; 5.51893828436e-05; -0.00873246425382
28475.5944931164; 5.26663750054e-05; -0.00873770508519
28484.35544430538; 5.46566223631e-05; -0.00874449022876
28493.11639549437; 5.60587087333e-05; -0.00875363381879
28501.87734668336; 5.72921405458e-05; -0.0087603184842
28510.63829787234; 6.01232154501e-05; -0.0087682592703
28519.39924906133; 6.05928721088e-05; -0.00877558925501
28528.16020025031; 6.17416914496e-05; -0.00878284311482
28536.9211514393; 6.3519788157e-05; -0.00879061218629
28545.68210262829; 6.58060328849e-05; -0.0087982787811
28554.44305381727; 6.81510012903e-05; -0.0088034651754
28563.20400500626; 6.97473377198e-05; -0.00881143869578
28571.96495619525; 7.02918189413e-05; -0.00882150756506
28580.72590738423; 7.24608126546e-05; -0.00882830934372
28589.48685857322; 7.13785011809e-05; -0.00883640007383
28598.2478097622; 7.27986732769e-05; -0.00884628733276
28607.00876095119; 7.52168430267e-05; -0.00885257885275
28615.76971214018; 7.67484594802e-05; -0.00886111115772
28624.53066332916; 7.86203329561e-05; -0.0088689974003
28633.29161451815; 7.912240831e-05; -0.00887712950719
28642.05256570713; 8.0689104894e-05; -0.00888696270224
28650.81351689612; 8.16165455867e-05; -0.00889671653876
28659.57446808511; 8.29540543642e-05; -0.00890670949605
28668.33541927409; 8.66735476765e-05; -0.00891305351224
28677.09637046308; 8.54457244755e-05; -0.00892039069321
28685.85732165207; 8.6889857162e-05; -0.00893043013372
28694.61827284105; 8.87788364888e-05; -0.00893977857084
28703.37922403004; 8.77637558823e-05; -0.0089502479768
28712.14017521902; 8.85862174431e-05; -0.00895915193535
28720.90112640801; 8.87029051362e-05; -0.00896686849368
28729.662077597; 8.92223784156e-05; -0.00897702294727
28738.42302878598; 8.97010466348e-05; -0.00898483358211
28747.18397997497; 8.83255537893e-05; -0.00899441925967
28755.94493116395; 8.88939314132e-05; -0.00900609938968
28764.70588235294; 8.77328378756e-05; -0.00901176583851
28773.46683354193; 8.75603277629e-05; -0.00902122183106
28782.22778473092; 8.74421084444e-05; -0.00903035795675
28790.9887359199; 8.64970986982e-05; -0.00903919594177
28799.74968710889; 8.5685631955e-05; -0.00904738666783
28808.51063829787; 8.56718579224e-05; -0.0090542656498
28817.27158948686; 8.41966482811e-05; -0.00906336766695
28826.03254067585; 8.1127632955e-05; -0.00907027629473
28834.79349186483; 8.10922854753e-05; -0.00908010316329
28843.55444305382; 8.20927163125e-05; -0.00908709793553
28852.3153942428; 7.85601721693e-05; -0.00909482482402
28861.07634543179; 7.74884786663e-05; -0.00910343942119
28869.83729662078; 7.65404738768e-05; -0.00911009237616
28878.59824780976; 7.46923475991e-05; -0.00911639585245
28887.35919899875; 7.53133617397e-05; -0.00912471119327
28896.12015018774; 7.23015684282e-05; -0.00913346332371
28904.88110137672; 7.14733927779e-05; -0.00913911739189
28913.64205256571; 7.05877748998e-05; -0.00914588568965
28922.40300375469; 6.86937579564e-05; -0.00915447144829
28931.16395494368; 6.81136013714e-05; -0.00915878175002
28939.92490613267; 6.81510299131e-05; -0.00916716679886
28948.68585732165; 6.62092975076e-05; -0.00917539002608
28957.44680851064; 6.4595250494e-05; -0.00918243010119
28966.20775969962; 6.18954826022e-05; -0.00918837472792
28974.96871088861; 6.28165746312e-05; -0.00919588843692
28983.7296620776; 6.24498394281e-05; -0.00920124159532
28992.49061326659; 6.16032563801e-05; -0.00920985482615
29001.25156445557; 6.19423402321e-05; -0.00921388174014
29010.01251564456; 6.05257045771e-05; -0.00922066974453
29018.77346683354; 6.05968897786e-05; -0.00922699044615
29027.53441802253; 5.88583762415e-05; -0.00923313554287
29036.29536921152; 5.85428503116e-05; -0.00923977423076
29045.0563204005; 5.794104111e-05; -0.00924802956694
29053.81727158949; 5.6545352245e-05; -0.00925270760591
29062.57822277847; 5.54456747572e-05; -0.00925976349897
29071.33917396746; 5.62859582266e-05; -0.0092660339785
29080.10012515644; 5.50936758007e-05; -0.00927225177133
29088.86107634543; 5.50384808909e-05; -0.00927775860007
29097.62202753442; 5.40037280017e-05; -0.00928555397542
29106.38297872341; 5.29768790307e-05; -0.00929200059127
29115.14392991239; 5.24974904908e-05; -0.00929773267881
29123.90488110138; 5.09359178791e-05; -0.00930486798875
29132.66583229036; 5.15446892471e-05; -0.00931148000967
29141.42678347935; 5.23809358025e-05; -0.00931759773432
29150.18773466834; 5.26735547053e-05; -0.0093229243299
29158.94868585732; 5.02148376226e-05; -0.00932953592161
29167.70963704631; 4.98748699952e-05; -0.00933586782657
29176.47058823529; 4.84008067284e-05; -0.00934312396586
29185.23153942428; 4.86683470456e-05; -0.00934890878979
29193.99249061327; 4.62853632698e-05; -0.00935463325112
29202.75344180226; 4.7203084992e-05; -0.00936171985171
29211.51439299124; 4.69680449756e-05; -0.00936799501954
29220.27534418023; 4.63352255653e-05; -0.00937408399603
29229.03629536921; 4.55482332836e-05; -0.00938000967372
29237.7972465582; 4.61435012568e-05; -0.00938770918868
29246.55819774718; 4.54096297657e-05; -0.00939455882629
29255.31914893617; 4.47102956675e-05; -0.00939835037798
29264.08010012516; 4.37164217707e-05; -0.00940350620055
29272.84105131414; 4.39068306474e-05; -0.00941056683415
29281.60200250313; 4.3244011353e-05; -0.00941583917864
29290.36295369211; 4.12629280484e-05; -0.00942125866599
29299.1239048811; 4.21636693729e-05; -0.00942733859036
29307.88485607009; 4.17928581582e-05; -0.00943366584406
29316.64580725908; 4.08082073872e-05; -0.0094379300237
29325.40675844806; 4.03045448673e-05; -0.00944592850111
29334.16770963705; 4.03805075223e-05; -0.00945124002208
29342.92866082603; 3.85459359168e-05; -0.0094581324094
29351.68961201502; 4.02360916228e-05; -0.00946361570835
29360.45056320401; 3.89699815609e-05; -0.00946847097399
29369.21151439299; 3.94103794839e-05; -0.00947410733293
29377.97246558198; 3.74395472908e-05; -0.00948031556087
29386.73341677096; 3.81474706714e-05; -0.00948558538216
29395.49436795995; 3.57953465606e-05; -0.00949107049884
29404.25531914894; 3.61525370879e-05; -0.00949797031031
29413.01627033792; 3.82426213354e-05; -0.00950312501597
29421.77722152691; 3.53886480518e-05; -0.00950804977235
29430.5381727159; 3.51124395262e-05; -0.00951357672768
29439.29912390488; 3.50474777787e-05; -0.00952057961382
29448.06007509387; 3.42857433712e-05; -0.00952643302205
29456.82102628285; 3.44909183353e-05; -0.0095313422461
29465.58197747184; 3.41093104704e-05; -0.00953719662422
29474.34292866083; 3.47390589564e-05; -0.00954247058706
29483.10387984981; 3.33377703713e-05; -0.00954960460092
29491.8648310388; 3.30818416631e-05; -0.00955409106199
29500.62578222778; 3.31617367284e-05; -0.00955947405086
29509.38673341677; 3.24677644765e-05; -0.0095649522016
29518.14768460576; 3.16782710473e-05; -0.00957122182927
29526.90863579475; 3.26371370407e-05; -0.00957643818374
29535.66958698373; 3.26663006511e-05; -0.00958167692029
29544.43053817272; 3.28274662606e-05; -0.0095882458305
29553.1914893617; 3.10749489774e-05; -0.00959288287258
29561.95244055069; 3.09885238893e-05; -0.00959940074622
29570.71339173967; 3.23732795672e-05; -0.00960518440125
29579.47434292866; 3.08428953566e-05; -0.00961157286649
29588.23529411765; 3.21938990029e-05; -0.00961529843393
29596.99624530663; 3.22800530877e-05; -0.00962172978907
29605.75719649562; 3.0187525182e-05; -0.0096266165297
29614.5181476846; 3.03904349238e-05; -0.00963318105697
29623.27909887359; 2.94422465829e-05; -0.00963839579285
29632.04005006258; 2.9568273111e-05; -0.00964379848823
29640.80100125157; 3.14357760647e-05; -0.00964937064094
29649.56195244055; 3.0549076853e-05; -0.00965524835641
29658.32290362954; 2.97444570542e-05; -0.00965937888818
29667.08385481852; 2.9082594371e-05; -0.00966619920238
29675.84480600751; 2.9058307115e-05; -0.00967145881422
29684.6057571965; 2.84654316443e-05; -0.00967712150408
29693.36670838548; 2.84867616147e-05; -0.00968163850729
29702.12765957447; 2.94898110138e-05; -0.00968734531393
29710.88861076345; 2.84492255243e-05; -0.00969213463405
29719.64956195244; 2.75286969386e-05; -0.00969772092242
29728.41051314143; 2.90463555644e-05; -0.00970327819224
29737.17146433041; 2.87259414656e-05; -0.00971018725266
29745.9324155194; 2.97049737594e-05; -0.0097151452573
29754.69336670839; 2.79748202786e-05; -0.00971959011442
29763.45431789737; 2.83034673972e-05; -0.00972664535877
29772.21526908636; 2.84708536593e-05; -0.00973033344883
29780.97622027534; 2.90820824488e-05; -0.009735861552
29789.73717146433; 2.66042838096e-05; -0.00974317891818
29798.49812265332; 2.75107869691e-05; -0.00974771328788
29807.2590738423; 2.71377949389e-05; -0.00975314961069
29816.02002503129; 2.84654104512e-05; -0.00975885356565
29824.78097622027; 2.59326646418e-05; -0.00976327318573
29833.54192740926; 2.71115973835e-05; -0.00976713581423
29842.30287859825; 2.86255031311e-05; -0.00977535758387
29851.06382978724; 2.90990965849e-05; -0.00977939696219
29859.82478097622; 2.67880724103e-05; -0.00978553530988
29868.58573216521; 2.69910541354e-05; -0.00979203693174
29877.34668335419; 2.69814294375e-05; -0.00979588753864
29886.10763454318; 2.65410311491e-05; -0.00980210035963
29894.86858573217; 2.79369226881e-05; -0.00980800655103
29903.62953692115; 2.7706508485e-05; -0.00981281351243
29912.39048811014; 2.66693369065e-05; -0.00981833789634
29921.15143929912; 2.60802823998e-05; -0.00982308572238
29929.91239048811; 2.66441331112e-05; -0.00982858404575
29938.67334167709; 2.69151540853e-05; -0.00983389344802
29947.43429286608; 2.63066233926e-05; -0.009838611833
29956.19524405507; 2.57984328641e-05; -0.0098457876234
29964.95619524406; 2.7608193964e-05; -0.00984967521915
29973.71714643304; 2.62490320826e-05; -0.00985383740386
29982.47809762203; 2.6344764338e-05; -0.0098616573572
29991.23904881101; 2.60784772132e-05; -0.00986574258757
30000; 2.55347018182e-05; -0.00987136128124
23008.76095118899; 0.0133334861165
23017.52190237797; 0.0133646325267
23026.28285356696; 0.0133949648031
23035.04380475594; 0.0134257363521
23043.80475594493; 0.0134586234717
23052.56570713392; 0.0134929959939
23061.32665832291; 0.0135237308311
23070.08760951189; 0.0135556205783
23078.84856070088; 0.0135916938356
23087.60951188986; 0.0136243256507
23096.37046307885; 0.0136572722836
23105.13141426783; 0.0136913341286
23113.89236545682; 0.0137262128468
23122.65331664581; 0.0137627864548
23131.41426783479; 0.0137970124213
23140.17521902378; 0.0138353197683
23148.93617021276; 0.0138708027318
23157.69712140175; 0.0139080544361
23166.45807259074; 0.0139454195729
23175.21902377973; 0.0139819496392
23183.97997496871; 0.0140208561969
23192.7409261577; 0.0140589758647
23201.50187734668; 0.0141002194584
23210.26282853567; 0.0141392187724
23219.02377972466; 0.0141773403157
23227.78473091364; 0.0142196133783
23236.54568210263; 0.0142608404257
23245.30663329161; 0.0143016591933
23254.0675844806; 0.0143437267984
23262.82853566959; 0.0143876003756
23271.58948685857; 0.0144304458563
23280.35043804756; 0.0144737949873
23289.11138923655; 0.0145179706469
23297.87234042553; 0.0145622851947
23306.63329161452; 0.0146066691001
23315.3942428035; 0.0146529405629
23324.15519399249; 0.0147015258078
23332.91614518148; 0.0147499531149
23341.67709637046; 0.0147980166167
23350.43804755945; 0.0148458194119
23359.19899874843; 0.0148950600184
23367.95994993742; 0.0149452156657
23376.72090112641; 0.0149962798558
23385.4818523154; 0.0150486568457
23394.24280350438; 0.015098576587
23403.00375469337; 0.0151536626918
23411.76470588235; 0.0152078039067
23420.52565707134; 0.0152635168707
23429.28660826033; 0.0153167341185
23438.04755944931; 0.0153739033123
23446.8085106383; 0.0154324010325
23455.56946182728; 0.0154888204424
23464.33041301627; 0.0155494672035
23473.09136420526; 0.0156087639636
23481.85231539424; 0.0156687419996
23490.61326658323; 0.0157291952696
23499.37421777222; 0.0157929164305
23508.1351689612; 0.0158577364938
23516.89612015019; 0.0159205197238
23525.65707133917; 0.015987896106
23534.41802252816; 0.0160522846502
23543.17897371715; 0.0161216627005
23551.93992490613; 0.0161883724482
23560.70087609512; 0.0162581167887
23569.4618272841; 0.0163278815781
23578.22277847309; 0.0164003250797
23586.98372966208; 0.0164727677472
23595.74468085106; 0.0165470392807
23604.50563204005; 0.0166228085865
23613.26658322904; 0.0167012125267
23622.02753441802; 0.016780978741
23630.78848560701; 0.0168615523004
23639.54943679599; 0.0169445656837
23648.31038798498; 0.0170286215706
23657.07133917397; 0.0171138542938
23665.83229036295; 0.017201717228
23674.59324155194; 0.0172898487601
23683.35419274093; 0.0173791593899
23692.11514392991; 0.0174719696337
23700.8760951189; 0.0175666154529
23709.63704630789; 0.0176644896131
23718.39799749687; 0.0177620834617
23727.15894868586; 0.0178626450369
23735.91989987484; 0.0179653771653
23744.68085106383; 0.0180683943702
23753.44180225282; 0.0181752153797
23762.2027534418; 0.0182850489974
23770.96370463079; 0.0183956185673
23779.72465581977; 0.0185095060256
23788.48560700876; 0.0186267110489
23797.24655819775; 0.018746016226
23806.00750938673; 0.0188665728436
23814.76846057572; 0.0189906688522
23823.52941176471; 0.0191181459527
23832.29036295369; 0.0192495499385
23841.05131414268; 0.019383356896
23849.81226533166; 0.0195194601232
23858.57321652065; 0.0196598597978
23867.33416770964; 0.0198039327776
23876.09511889862; 0.0199518895051
23884.85607008761; 0.0201036574469
23893.6170212766; 0.0202560673984
23902.37797246558; 0.0204174222902
23911.13892365457; 0.0205812618964
23919.89987484356; 0.0207501758096
23928.66082603254; 0.0209223878312
23937.42177722153; 0.0211007819564
23946.18272841051; 0.021283613388
23954.9436795995; 0.0214698590102
23963.70463078848; 0.0216661103023
23972.46558197747; 0.021864619695
23981.22653316646; 0.0220695668711
23989.98748435544; 0.0222828915685
23998.74843554443; 0.0225022323187
24007.50938673342; 0.0227269992253
24016.2703379224; 0.022959897245
24025.03128911139; 0.0232014823884
24033.79224030038; 0.023450221794
24042.55319148936; 0.0237093934376
24051.31414267835; 0.0239754558069
24060.07509386733; 0.0242530917425
24068.83604505632; 0.0245383386944
24077.59699624531; 0.0248356527983
24086.35794743429; 0.0251423856346
24095.11889862328; 0.0254619340791
24103.87984981227; 0.0257943788288
24112.64080100125; 0.0261406944938
24121.40175219024; 0.0264995089985
24130.16270337922; 0.026876837916
24138.92365456821; 0.0272647427355
24147.6846057572; 0.02767640546
24156.44555694618; 0.0281039888191
24165.20650813517; 0.0285504265526
24173.96745932415; 0.0290195491332
24182.72841051314; 0.0295087904961
24191.48936170213; 0.0300265976596
24200.25031289111; 0.0305645254597
24209.0112640801; 0.0311297736158
24217.77221526909; 0.0317244232034
24226.53316645807; 0.0323516115708
24235.29411764706; 0.033013542727
24244.05506883605; 0.0337105419036
24252.81602002503; 0.0344489832215
24261.57697121402; 0.0352321359944
24270.337922403; 0.0360600412036
24279.09887359199; 0.0369452162157
24287.85982478098; 0.0378852134888
24296.62077596996; 0.0388917557488
24305.38172715895; 0.0399662186349
24314.14267834794; 0.0411147640641
24322.90362953692; 0.0423455375602
24331.66458072591; 0.0436703158654
24340.42553191489; 0.0450969038979
24349.18648310388; 0.0466426731543
24357.94743429287; 0.0483177807547
24366.70838548185; 0.0501340870271
24375.46933667084; 0.0521138728362
24384.23028785982; 0.0542694051685
24392.99123904881; 0.0566380183571
24401.7521902378; 0.0592339118988
24410.51314142678; 0.0620840121043
24419.27409261577; 0.0652179635121
24428.03504380476; 0.0686753849588
24436.79599499374; 0.0724962606387
24445.55694618273; 0.0767030590043
24454.31789737171; 0.0813209443806
24463.0788485607; 0.0863440198802
24471.83979974969; 0.091741337071
24480.60075093867; 0.0973992475667
24489.36170212766; 0.10314561085
24498.12265331664; 0.108618457706
24506.88360450563; 0.113368407382
24515.64455569462; 0.116796244863
24524.40550688361; 0.118314765592
24533.16645807259; 0.117556270829
24541.92740926158; 0.114508873948
24550.68836045056; 0.109523827419
24559.44931163955; 0.103222822833
24568.21026282854; 0.0962313418512
24576.97121401752; 0.0890956789186
24585.73216520651; 0.0821632142935
24594.49311639549; 0.0756590040302
24603.25406758448; 0.0696732662159
24612.01501877347; 0.0642416600211
24620.77596996245; 0.0593396918585
24629.53692115144; 0.0549170817138
24638.29787234043; 0.0509492677445
24647.05882352941; 0.0473751314437
24655.8197747184; 0.0441516926029
24664.58072590738; 0.0412438453898
24673.34167709637; 0.0386065802243
24682.10262828536; 0.0362059234502
24690.86357947434; 0.0340222949578
24699.62453066333; 0.0320275680399
24708.38548185231; 0.0301918203869
24717.1464330413; 0.0285001430658
24725.90738423029; 0.0269430483996
24734.66833541928; 0.0255024930721
24743.42928660826; 0.0241718336635
24752.19023779725; 0.0229410533575
24760.95118898623; 0.0217913116193
24769.71214017522; 0.0207201100136
24778.47309136421; 0.0197177984409
24787.23404255319; 0.0187757562985
24795.99499374218; 0.0178905693209
24804.75594493116; 0.017057317121
24813.51689612015; 0.0162733246164
24822.27784730914; 0.0155313518976
24831.03879849812; 0.0148303931098
24839.79974968711; 0.0141680041881
24848.5607008761; 0.0135401621444
24857.32165206508; 0.0129440442511
24866.08260325407; 0.0123783557076
24874.84355444305; 0.0118416055865
24883.60450563204; 0.0113282581264
24892.36545682103; 0.0108411354322
24901.12640801001; 0.0103745709585
24909.887359199; 0.00992981747661
24918.64831038798; 0.00950638234398
24927.40926157697; 0.00909726548597
24936.17021276596; 0.0087074814048
24944.93116395495; 0.00833148844351
24953.69211514393; 0.00797189714103
24962.45306633292; 0.00762739450723
24971.2140175219; 0.00729268252151
24979.97496871089; 0.00697083771859
24988.73591989987; 0.00666119316845
24997.49687108886; 0.00636191979183
25006.25782227785; 0.00607391853421
25015.01877346683; 0.00579581834007
25023.77972465582; 0.00552814972005
25032.54067584481; 0.0052720056339
25041.30162703379; 0.00502251945647
25050.06257822278; 0.00478316786059
25058.82352941177; 0.00455331368552
25067.58448060075; 0.00433226167237
25076.34543178974; 0.00412046186651
25085.10638297872; 0.00391812375247
25093.86733416771; 0.00372294064718
25102.6282853567; 0.00353752213892
25111.38923654568; 0.00335908599462
25120.15018773467; 0.00318749427191
25128.91113892365; 0.00302037396082
25137.67209011264; 0.0028563889501
25146.43304130163; 0.00269783747195
25155.19399249061; 0.00254067589463
25163.9549436796; 0.00238496984898
25172.71589486859; 0.00223391567142
25181.47684605757; 0.0020847259151
25190.23779724656; 0.00194360086632
25198.99874843554; 0.00180451816318
25207.75969962453; 0.00167167796886
25216.52065081352; 0.00154437926588
25225.2816020025; 0.00142374625889
25234.04255319149; 0.00130918925664
25242.80350438048; 0.00120247706976
25251.56445556946; 0.00110349358325
25260.32540675845; 0.00101623326046
25269.08635794744; 0.000935403600416
25277.84730913642; 0.000868538066301
25286.60826032541; 0.000814444864784
25295.36921151439; 0.000775357576608
25304.13016270338; 0.000752513704815
25312.89111389236; 0.000747693539977
25321.65206508135; 0.000756900570707
25330.41301627034; 0.000781098606596
25339.17396745932; 0.00081418189262
25347.93491864831; 0.000861236528387
25356.6958698373; 0.00091452829615
25365.45682102628; 0.000973548674483
25374.21777221527; 0.00103672399681
25382.97872340426; 0.00110228957433
25391.73967459324; 0.00117237444168
25400.50062578223; 0.00124046171535
25409.26157697121; 0.00131343399452
25418.0225281602; 0.0013830968788
25426.78347934919; 0.00145452650553
25435.54443053817; 0.00152573989128
25444.30538172716; 0.00159743457913
25453.06633291615; 0.00166893252245
25461.82728410513; 0.00174005905919
25470.58823529412; 0.00180948025416
25479.3491864831; 0.00187845408579
25488.11013767209; 0.0019460273685
25496.87108886108; 0.0020134995261
25505.63204005006; 0.00207956293924
25514.39299123905; 0.00214585843491
25523.15394242803; 0.00220971220303
25531.91489361702; 0.00227570529319
25540.67584480601; 0.0023384625359
25549.436795995; 0.00240036575492
25558.19774718398; 0.00246155376593
25566.95869837297; 0.00252401720839
25575.71964956195; 0.00258228964677
25584.48060075094; 0.00264175705699
25593.24155193993; 0.0026997432532
25602.00250312891; 0.00275631728805
25610.7634543179; 0.00281352194848
25619.52440550688; 0.00287169984938
25628.28535669587; 0.0029252161677
25637.04630788486; 0.00297832487212
25645.80725907384; 0.0030333885176
25654.56821026283; 0.00308618836233
25663.32916145182; 0.00313950800791
25672.0901126408; 0.00319145404103
25680.85106382979; 0.00324059911657
25689.61201501877; 0.00329311602365
25698.37296620776; 0.0033413068725
25707.13391739675; 0.00339181646783
25715.89486858573; 0.00343929703038
25724.65581977472; 0.00348600930054
25733.4167709637; 0.00353291594624
25742.17772215269; 0.00357946645609
25750.93867334168; 0.00362663714052
25759.69962453067; 0.00367134010389
25768.46057571965; 0.00371588842324
25777.22152690864; 0.00375967186051
25785.98247809762; 0.00380313089817
25794.74342928661; 0.00384730727761
25803.5043804756; 0.00388828545968
25812.26533166458; 0.00393124234998
25821.02628285357; 0.00397301814897
25829.78723404255; 0.0040128334415
25838.54818523154; 0.00405270923887
25847.30913642052; 0.00409526261917
25856.07008760951; 0.00413504999796
25864.8310387985; 0.0041733533161
25873.59198998749; 0.00421194409807
25882.35294117647; 0.00425036210898
25891.11389236546; 0.00428573053404
25899.87484355444; 0.00432469849951
25908.63579474343; 0.00436105136878
25917.39674593242; 0.00439666096706
25926.1576971214; 0.00443281939471
25934.91864831039; 0.00446891133635
25943.67959949937; 0.00450462925909
25952.44055068836; 0.00453999153048
25961.20150187735; 0.00457451856989
25969.96245306634; 0.00460742624374
25978.72340425532; 0.00464179259992
25987.48435544431; 0.0046763275202
25996.24530663329; 0.00470803620775
26005.00625782228; 0.00473843581282
26013.76720901126; 0.00477407324664
26022.52816020025; 0.00480577132172
26031.28911138924; 0.00483795670987
26040.05006257822; 0.00486872185806
26048.81101376721; 0.00489989829916
26057.57196495619; 0.00493036120068
26066.33291614518; 0.00496009220025
26075.09386733417; 0.00499125491152
26083.85481852316; 0.00502081847332
26092.61576971214; 0.00504903241122
26101.37672090113; 0.00507845347873
26110.13767209011; 0.00510856754378
26118.8986232791; 0.00513720042176
26127.65957446809; 0.00516609177525
26136.42052565707; 0.00519342596259
26145.18147684606; 0.00522157772995
26153.94242803504; 0.00525064880007
26162.70337922403; 0.00527575445012
26171.46433041301; 0.0053038177318
26180.225281602; 0.00533061570328
26188.98623279099; 0.00535579773956
26197.74718397998; 0.00538322940647
26206.50813516896; 0.00541040189102
26215.26908635795; 0.00543466813507
26224.03003754693; 0.00545940909635
26232.79098873592; 0.00548699215247
26241.55193992491; 0.00551071347305
26250.31289111389; 0.00553685822242
26259.07384230288; 0.00556053968004
26267.83479349186; 0.00558703320446
26276.59574468085; 0.00561060315301
26285.35669586984; 0.00563418297838
26294.11764705883; 0.00565794821754
26302.87859824781; 0.00568152708475
26311.6395494368; 0.00570590362628
26320.40050062578; 0.00572899670806
26329.16145181477; 0.00575190409349
26337.92240300375; 0.00577457596321
26346.68335419274; 0.00579707957779
26355.44430538173; 0.00581990755477
26364.20525657071; 0.00584154249724
26372.9662077597; 0.00586563747545
26381.72715894868; 0.00588648642212
26390.48811013767; 0.00590906885177
26399.24906132666; 0.00592980313324
26408.01001251565; 0.00595096071837
26416.77096370463; 0.00597282375868
26425.53191489362; 0.00599436262479
26434.2928660826; 0.00601443929207
26443.05381727159; 0.0060348052298
26451.81476846058; 0.00605435265536
26460.57571964956; 0.00607586611479
26469.33667083855; 0.00609717141731
26478.09762202753; 0.00611587836099
26486.85857321652; 0.00613726334143
26495.61952440551; 0.00615520879864
26504.38047559449; 0.00617617967418
26513.14142678348; 0.00619698195702
26521.90237797247; 0.00621450522048
26530.66332916145; 0.00623609288223
26539.42428035044; 0.0062542234108
26548.18523153942; 0.00627221992922
26556.94618272841; 0.00629273315962
26565.7071339174; 0.00631039520496
26574.46808510638; 0.00633076102303
26583.22903629537; 0.00634804164774
26591.98998748435; 0.00636539533105
26600.75093867334; 0.00638411383463
26609.51188986233; 0.00640184500957
26618.27284105132; 0.00642075020778
26627.0337922403; 0.00643930363472
26635.79474342929; 0.00645674333269
26644.55569461827; 0.00647531321487
26653.31664580726; 0.00649200744546
26662.07759699625; 0.00650904105546
26670.83854818523; 0.00652554012361
26679.59949937422; 0.0065429569363
26688.3604505632; 0.00656061202245
26697.12140175219; 0.00657670863731
26705.88235294117; 0.00659341333906
26714.64330413016; 0.00661149046471
26723.40425531915; 0.00662848800768
26732.16520650814; 0.00664364803372
26740.92615769712; 0.0066615200604
26749.68710888611; 0.0066763559266
26758.44806007509; 0.00669235265733
26767.20901126408; 0.00670919312242
26775.96996245307; 0.0067259644468
26784.73091364205; 0.00674120235031
26793.49186483104; 0.0067569920458
26802.25281602002; 0.00677235437426
26811.01376720901; 0.00678877215837
26819.774718398; 0.00680282128479
26828.53566958699; 0.00681749085488
26837.29662077597; 0.00683457404951
26846.05757196496; 0.006850476244
26854.81852315394; 0.00686652089372
26863.57947434293; 0.00687951816487
26872.34042553191; 0.00689498576993
26881.1013767209; 0.00690971449956
26889.86232790989; 0.00692380868316
26898.62327909887; 0.00693872285707
26907.38423028786; 0.00695355251284
26916.14518147684; 0.00696870043086
26924.90613266583; 0.00698189693282
26933.66708385482; 0.00699740106475
26942.42803504381; 0.00701098336637
26951.18898623279; 0.00702507413191
26959.94993742178; 0.00703988774016
26968.71088861076; 0.00705272449084
26977.47183979975; 0.00706659695912
26986.23279098874; 0.00708106439406
26994.99374217772; 0.00709540694326
27003.75469336671; 0.00710840796399
27012.51564455569; 0.00712405159783
27021.27659574468; 0.00713696954825
27030.03754693367; 0.00714991826835
27038.79849812265; 0.00716353304874
27047.55944931164; 0.00717536647352
27056.32040050063; 0.00719105729284
27065.08135168961; 0.00720356846624
27073.8423028786; 0.00721520577763
27082.60325406758; 0.00722927932246
27091.36420525657; 0.00724294601022
27100.12515644556; 0.00725644943576
27108.88610763454; 0.00726844475068
27117.64705882353; 0.00728233281423
27126.40801001251; 0.00729373819135
27135.1689612015; 0.00730622729705
27143.92991239049; 0.00731969996764
27152.69086357948; 0.00733282159753
27161.45181476846; 0.00734491706337
27170.21276595745; 0.00735613494739
27178.97371714643; 0.00736871942691
27187.73466833542; 0.00738150738129
27196.4956195244; 0.00739475081036
27205.25657071339; 0.00740544937142
27214.01752190238; 0.00741843083804
27222.77847309136; 0.00743102236508
27231.53942428035; 0.00744298864764
27240.30037546934; 0.00745399683227
27249.06132665832; 0.00746609240194
27257.82227784731; 0.00747865939222
27266.5832290363; 0.00748986689326
27275.34418022528; 0.00750273270878
27284.10513141427; 0.00751481604859
27292.86608260325; 0.00752400069358
27301.62703379224; 0.00753684892584
27310.38798498123; 0.00754764947053
27319.14893617021; 0.00755974901304
27327.9098873592; 0.00757082011168
27336.67083854818; 0.00758199174016
27345.43178973717; 0.00759315192399
27354.19274092616; 0.00760447104631
27362.95369211514; 0.00761522227125
27371.71464330413; 0.0076267884742
27380.47559449312; 0.00763893369493
27389.2365456821; 0.00764908136663
27397.99749687109; 0.0076602432168
27406.75844806007; 0.00767023331668
27415.51939924906; 0.00768189654021
27424.28035043805; 0.00769349651942
27433.04130162703; 0.00770288594548
27441.80225281602; 0.00771474209902
27450.56320400501; 0.00772414552004
27459.32415519399; 0.00773580256569
27468.08510638298; 0.00774645061287
27476.84605757197; 0.00775738510119
27485.60700876095; 0.00776664369134
27494.36795994994; 0.00777856407782
27503.12891113892; 0.00778900314825
27511.88986232791; 0.00779963317978
27520.6508135169; 0.00780975143482
27529.41176470588; 0.00781973281745
27538.17271589487; 0.00783003874868
27546.93366708385; 0.00784197820738
27555.69461827284; 0.00785123096961
27564.45556946183; 0.0078611574281
27573.21652065081; 0.00787162007726
27581.9774718398; 0.00788144873133
27590.73842302879; 0.00789254510698
27599.49937421777; 0.00790358505974
27608.26032540676; 0.00791132705169
27617.02127659574; 0.00792425429813
27625.78222778473; 0.00793283575273
27634.54317897372; 0.00794447255817
27643.3041301627; 0.00795345466892
27652.06508135169; 0.00796332224796
27660.82603254068; 0.00797166913407
27669.58698372966; 0.00798200836416
27678.34793491865; 0.00799127629607
27687.10888610764; 0.00800064176946
27695.86983729662; 0.0080106932842
27704.63078848561; 0.00801910384285
27713.39173967459; 0.00802969087607
27722.15269086358; 0.00803884938895
27730.91364205256; 0.00804782488005
27739.67459324155; 0.00805826552302
27748.43554443054; 0.00806753045585
27757.19649561952; 0.00807676118549
27765.95744680851; 0.0080865690909
27774.7183979975; 0.00809498798856
27783.47934918648; 0.00810447800503
27792.24030037547; 0.0081124352336
27801.00125156446; 0.00812230061656
27809.76220275344; 0.00813238360318
27818.52315394243; 0.00814130014859
27827.28410513141; 0.00814928477654
27836.0450563204; 0.00815857913279
27844.80600750939; 0.00816793315764
27853.56695869837; 0.00817734106729
27862.32790988736; 0.00818444255018
27871.08886107635; 0.00819400663049
27879.84981226533; 0.00820287031932
27888.61076345432; 0.00821206220848
27897.3717146433; 0.00822161965332
27906.13266583229; 0.00822939649207
27914.89361702128; 0.008237969512
27923.65456821026; 0.00824741488559
27932.41551939925; 0.00825431503549
27941.17647058823; 0.00826373226693
27949.93742177722; 0.00827327050602
27958.69837296621; 0.00828251161823
27967.45932415519; 0.0082907879784
27976.22027534418; 0.00829833617959
27984.98122653317; 0.008306848525
27993.74217772215; 0.00831598908463
28002.50312891114; 0.00832545780605
28011.26408010013; 0.00833112133834
28020.02503128911; 0.00834041095493
28028.7859824781; 0.00834927243705
28037.54693366708; 0.00835771737334
28046.30788485607; 0.00836455677635
28055.06883604506; 0.00837307962647
28063.82978723404; 0.00838269171907
28072.59073842303; 0.00839016834411
28081.35168961202; 0.00839882189008
28090.112640801; 0.00840567852529
28098.87359198999; 0.00841590991445
28107.63454317897; 0.00842420900677
28116.39549436796; 0.00842981265006
28125.15644555695; 0.00843833574198
28133.91739674593; 0.00844713588686
28142.67834793492; 0.00845388091386
28151.43929912391; 0.00846223614021
28160.20025031289; 0.00847115381463
28168.96120150188; 0.00847890038909
28177.72215269087; 0.00848611013126
28186.48310387985; 0.00849451541496
28195.24405506884; 0.00850242366237
28204.00500625782; 0.00851066953921
28212.76595744681; 0.00851653093407
28221.52690863579; 0.00852547384838
28230.28785982478; 0.00853348233001
28239.04881101377; 0.00853950898597
28247.80976220275; 0.00854872963334
28256.57071339174; 0.00855531642824
28265.33166458073; 0.00856197226675
28274.09261576971; 0.00857120211396
28282.8535669587; 0.0085769107164
28291.61451814769; 0.00858632694654
28300.37546933667; 0.00859465002201
28309.13642052566; 0.00860047912491
28317.89737171464; 0.00860776421935
28326.65832290363; 0.00861530172886
28335.41927409262; 0.00862148376646
28344.1802252816; 0.0086278444754
28352.94117647059; 0.0086370630452
28361.70212765958; 0.00864376978741
28370.46307884856; 0.00865129795667
28379.22403003755; 0.00865833446387
28387.98498122653; 0.00866721017912
28396.74593241552; 0.00867407566425
28405.50688360451; 0.00868168938141
28414.26783479349; 0.00868888071818
28423.02878598248; 0.0086949665051
28431.78973717146; 0.00870299256026
28440.55068836045; 0.00870932790491
28449.31163954944; 0.00871829494665
28458.07259073842; 0.00872276758632
28466.83354192741; 0.00873263865118
28475.5944931164; 0.0087378638066
28484.35544430538; 0.00874466104015
28493.11639549437; 0.00875381331834
28501.87734668336; 0.00876050582637
28510.63829787234; 0.00876846539779
28519.39924906133; 0.00877579844053
28528.16020025031; 0.00878306012823
28536.9211514393; 0.00879084167604
28545.68210262829; 0.00879852487318
28554.44305381727; 0.00880372896297
28563.20400500626; 0.00881171473554
28571.96495619525; 0.00882178761137
28580.72590738423; 0.00882860670989
28589.48685857322; 0.00883668835906
28598.2478097622; 0.00884658686843
28607.00876095119; 0.00885289839079
28615.76971214018; 0.00886144352098
28624.53066332916; 0.00886934586332
28633.29161451815; 0.00887748211166
28642.05256570713; 0.00888732900273
28650.81351689612; 0.00889709089711
28659.57446808511; 0.00890709579056
28668.33541927409; 0.00891347492373
28677.09637046308; 0.0089207999132
28685.85732165207; 0.00893085282717
28694.61827284105; 0.00894021938083
28703.37922403004; 0.0089506782605
28712.14017521902; 0.00895958988563
28720.90112640801; 0.00896730722058
28729.662077597; 0.00897746632567
28738.42302878598; 0.00898528134095
28747.18397997497; 0.00899485292943
28755.94493116395; 0.00900653808896
28764.70588235294; 0.00901219288403
28773.46683354193; 0.00902164675301
28782.22778473092; 0.00903078130337
28790.9887359199; 0.0090396097826
28799.74968710889; 0.00904779241278
28808.51063829787; 0.00905467095616
28817.27158948686; 0.00906375874248
28826.03254067585; 0.00907063910403
28834.79349186483; 0.00908046526422
28843.55444305382; 0.0090874687402
28852.3153942428; 0.00909516411508
28861.07634543179; 0.00910376920619
28869.83729662078; 0.00911041390643
28878.59824780976; 0.00911670183155
28887.35919899875; 0.00912502199795
28896.12015018774; 0.00913374949308
28904.88110137672; 0.00913939687007
28913.64205256571; 0.00914615808316
28922.40300375469; 0.00915472917841
28931.16395494368; 0.00915903502599
28939.92490613267; 0.00916742012133
28948.68585732165; 0.00917562890497
28957.44680851064; 0.00918265730111
28966.20775969962; 0.00918858319826
28974.96871088861; 0.00919610298258
28983.7296620776; 0.00920145351985
28992.49061326659; 0.00921006085104
29001.25156445557; 0.00921408994827
29010.01251564456; 0.00922086839178
29018.77346683354; 0.00922718942454
29027.53441802253; 0.00923332314291
29036.29536921152; 0.00923995969151
29045.0563204005; 0.00924821107216
29053.81727158949; 0.00925288038491
29062.57822277847; 0.00925992949647
29071.33917396746; 0.00926620492973
29080.10012515644; 0.00927241544713
29088.86107634543; 0.00927792185112
29097.62202753442; 0.00928571101387
29106.38297872341; 0.00929215160971
29115.14392991239; 0.00929788088508
29123.90488110138; 0.00930500740224
29132.66583229036; 0.00931162267414
29141.42678347935; 0.00931774496866
29150.18773466834; 0.00932307312877
29158.94868585732; 0.00932967105757
29167.70963704631; 0.00933600104851
29176.47058823529; 0.00934324933197
29185.23153942428; 0.00934903546725
29193.99249061327; 0.00935474775703
29202.75344180226; 0.00936183885319
29211.51439299124; 0.00936811275996
29220.27534418023; 0.00937419851069
29229.03629536921; 0.00938012026153
29237.7972465582; 0.00938782259281
29246.55819774718; 0.00939466857186
29255.31914893617; 0.00939845672639
29264.08010012516; 0.00940360781771
29272.84105131414; 0.00941066926152
29281.60200250313; 0.00941593848124
29290.36295369211; 0.00942134902658
29299.1239048811; 0.00942743287817
29307.88485607009; 0.00943375841859
29316.64580725908; 0.0094380182476
29325.40675844806; 0.00944601448784
29334.16770963705; 0.00945132628473
29342.92866082603; 0.00945821095466
29351.68961201502; 0.00946370124308
29360.45056320401; 0.00946855116925
29369.21151439299; 0.00947418930219
29377.97246558198; 0.00948038948848
29386.73341677096; 0.00948566208927
29395.49436795995; 0.00949113799925
29404.25531914894; 0.00949803911455
29413.01627033792; 0.00950320196393
29421.77722152691; 0.00950811562981
29430.5381727159; 0.00951364152345
29439.29912390488; 0.00952064412258
29448.06007509387; 0.00952649471925
29456.82102628285; 0.00953140465177
29465.58197747184; 0.00953725761915
29474.34292866083; 0.00954253382006
29483.10387984981; 0.009549662792
29491.8648310388; 0.00955414833615
29500.62578222778; 0.00955953156958
29509.38673341677; 0.00956500730657
29518.14768460576; 0.00957127425257
29526.90863579475; 0.00957649379835
29535.66958698373; 0.00958173260387
29544.43053817272; 0.00958830202636
29553.1914893617; 0.00959293320416
29561.95244055069; 0.00959945076425
29570.71339173967; 0.00960523895649
29579.47434292866; 0.00961162235276
29588.23529411765; 0.00961535232951
29596.99624530663; 0.00962178393728
29605.75719649562; 0.00962666386121
29614.5181476846; 0.00963322899421
29623.27909887359; 0.00963844076112
29632.04005006258; 0.00964384381688
29640.80100125157; 0.00964942184663
29649.56195244055; 0.00965529668472
29658.32290362954; 0.00965942468464
29667.08385481852; 0.00966624295253
29675.84480600751; 0.00967150246757
29684.6057571965; 0.00967716336979
29693.36670838548; 0.0096816804162
29702.12765957447; 0.00968739019965
29710.88861076345; 0.00969217638733
29719.64956195244; 0.00969775999488
29728.41051314143; 0.00970332166667
29737.17146433041; 0.00971022974297
29745.9324155194; 0.00971519067007
29754.69336670839; 0.00971963037275
29763.45431789737; 0.00972668653867
29772.21526908636; 0.00973037510145
29780.97622027534; 0.00973590498758
29789.73717146433; 0.00974321524034
29798.49812265332; 0.00974775210939
29807.2590738423; 0.0097531873656
29816.02002503129; 0.00975889508067
29824.78097622027; 0.00976330762613
29833.54192740926; 0.00976717344232
29842.30287859825; 0.00977539949629
29851.06382978724; 0.00977944025502
29859.82478097622; 0.00978557197622
29868.58573216521; 0.00979207413113
29877.34668335419; 0.0097959246969
29886.10763454318; 0.00980213629198
29894.86858573217; 0.00980804633843
29903.62953692115; 0.00981285262706
29912.39048811014; 0.00981837411694
29921.15143929912; 0.00982312034388
29929.91239048811; 0.00982862016024
29938.67334167709; 0.00983393028105
29947.43429286608; 0.00983864700245
29956.19524405507; 0.00984582142252
29964.95619524406; 0.00984971391133
29973.71714643304; 0.00985387236539
29982.47809762203; 0.00986169254629
29991.23904881101; 0.00986577705461
30000; 0.00987139430708
