% Module: Sweep, ID: c0p1t8p1cfm0
% Devices: DEV646
% Time: 2025/10/15 11:32:09
% Demod 1 Sample X, /dev646/demods/0/sample.X
% Demod 1 Sample Y, /dev646/demods/0/sample.Y
% Frequency (Hz); Demod 1 Sample X  Amplitude (V); Demod 1 Sample Y  Amplitude (V)
20000; 6.4945597442e-05; -0.00447337689085
20012.51564455569; 6.41258001639e-05; -0.00447803375585
20025.03128911139; 6.54556462808e-05; -0.00448132662182
20037.54693366708; 6.31847234352e-05; -0.00448345506037
20050.06257822278; 6.44734604131e-05; -0.00448736322733
20062.57822277847; 6.39980405211e-05; -0.00449376805369
20075.09386733417; 6.45928977754e-05; -0.00449742767773
20087.60951188986; 6.384435725e-05; -0.00449952642531
20100.12515644556; 6.42998892525e-05; -0.00450339997874
20112.64080100125; 6.51697238986e-05; -0.00450793190572
20125.15644555695; 6.32402609602e-05; -0.00450988586681
20137.67209011264; 6.33513372534e-05; -0.00451554534885
20150.18773466834; 6.22821814971e-05; -0.00451962556253
20162.70337922403; 6.45497482536e-05; -0.00452137812059
20175.21902377973; 6.23241598999e-05; -0.00452611889267
20187.73466833542; 6.21555995625e-05; -0.0045307224224
20200.25031289111; 6.41022553246e-05; -0.00453420658495
20212.76595744681; 6.20440794376e-05; -0.00453847196908
20225.2816020025; 6.24003094936e-05; -0.0045432439531
20237.7972465582; 6.25440637387e-05; -0.00454512690483
20250.31289111389; 6.23226243912e-05; -0.00455075956167
20262.82853566959; 6.10486379192e-05; -0.00455346443349
20275.34418022528; 6.10534341615e-05; -0.00455598528284
20287.85982478098; 6.219599136e-05; -0.00456115339602
20300.37546933667; 6.05981977982e-05; -0.0045656415781
20312.89111389236; 6.26078038215e-05; -0.00456895635717
20325.40675844806; 6.19227241502e-05; -0.00457241444231
20337.92240300375; 6.26205887867e-05; -0.00457663138302
20350.43804755945; 6.13446674817e-05; -0.00458090865998
20362.95369211514; 5.98536633206e-05; -0.00458600324665
20375.46933667084; 6.0448232395e-05; -0.00459006544411
20387.98498122653; 6.13920858694e-05; -0.00459358402003
20400.50062578223; 6.11554974378e-05; -0.00459506164957
20413.01627033792; 6.13247028852e-05; -0.00460140145731
20425.53191489362; 6.1810406993e-05; -0.00460398426371
20438.04755944931; 6.10860488333e-05; -0.00460897409689
20450.56320400501; 6.03787591746e-05; -0.00461272942311
20463.0788485607; 6.23865260934e-05; -0.00461437731073
20475.59449311639; 6.22676214535e-05; -0.00461905926777
20488.11013767209; 6.03887001356e-05; -0.00462556624493
20500.62578222778; 6.05403233809e-05; -0.00462795639814
20513.14142678348; 6.02260903761e-05; -0.00463181675261
20525.65707133917; 6.04349952684e-05; -0.00463604530679
20538.17271589487; 6.18467764564e-05; -0.00464005877998
20550.68836045056; 5.90696339088e-05; -0.00464668275877
20563.20400500626; 6.08136945245e-05; -0.00465016524135
20575.71964956195; 6.08011237671e-05; -0.00465234531619
20588.23529411765; 6.08577483691e-05; -0.00465783055536
20600.75093867334; 6.12703073878e-05; -0.0046618009162
20613.26658322904; 6.06171063984e-05; -0.00466272500089
20625.78222778473; 5.99561367371e-05; -0.00466882286277
20638.29787234043; 5.91605632241e-05; -0.0046736059023
20650.81351689612; 5.97077398944e-05; -0.00467641660723
20663.32916145181; 6.03736047588e-05; -0.00468074571193
20675.84480600751; 5.96585786279e-05; -0.00468575807037
20688.3604505632; 5.96769559976e-05; -0.0046896334966
20700.8760951189; 6.03203476837e-05; -0.00469388222411
20713.39173967459; 6.01213939468e-05; -0.00469605599903
20725.90738423029; 5.91852060808e-05; -0.00470244905042
20738.42302878598; 5.89882820351e-05; -0.00470612804715
20750.93867334168; 5.8570151871e-05; -0.00471092167611
20763.45431789737; 5.87469046961e-05; -0.00471462168971
20775.96996245307; 5.93453643226e-05; -0.00471921913409
20788.48560700876; 6.03188614068e-05; -0.00472351290183
20801.00125156446; 5.97259489312e-05; -0.00472832958355
20813.51689612015; 5.95502165462e-05; -0.0047324292255
20826.03254067585; 5.94760072556e-05; -0.00473635940688
20838.54818523154; 6.04941591599e-05; -0.00474089084814
20851.06382978724; 5.8713516489e-05; -0.00474339018234
20863.57947434293; 5.96801308243e-05; -0.00474788152197
20876.09511889862; 5.89501657144e-05; -0.00475223334576
20888.61076345432; 5.89828216613e-05; -0.00475716728125
20901.12640801001; 5.73119108588e-05; -0.00476123917488
20913.64205256571; 5.81435987252e-05; -0.0047651907364
20926.1576971214; 5.86448097176e-05; -0.00477087089989
20938.67334167709; 5.74755800957e-05; -0.00477371811017
20951.18898623279; 5.86630863859e-05; -0.00477809689692
20963.70463078848; 5.822852015e-05; -0.00478220370519
20976.22027534418; 5.64179804999e-05; -0.00478661659576
20988.73591989987; 5.74857536643e-05; -0.00479199002749
21001.25156445557; 5.76681681415e-05; -0.00479699139768
21013.76720901126; 5.74790424806e-05; -0.00479902650949
21026.28285356696; 5.79174961606e-05; -0.00480551989993
21038.79849812265; 5.66419743042e-05; -0.00480911260159
21051.31414267835; 5.58917249644e-05; -0.00481359351478
21063.82978723404; 5.76418379782e-05; -0.0048177627253
21076.34543178974; 5.72434518623e-05; -0.00482010374584
21088.86107634543; 5.60923965912e-05; -0.0048250775358
21101.37672090113; 5.54661605564e-05; -0.00483010996352
21113.89236545682; 5.74275382301e-05; -0.00483467929607
21126.40801001251; 5.69033368773e-05; -0.00483893295534
21138.92365456821; 5.72013490126e-05; -0.00484300574497
21151.4392991239; 5.76425696168e-05; -0.00484810854054
21163.9549436796; 5.60338355401e-05; -0.00485193478486
21176.47058823529; 5.58625079055e-05; -0.0048574170521
21188.98623279099; 5.73930672974e-05; -0.00486052314024
21201.50187734668; 5.57260716628e-05; -0.00486553807552
21214.01752190238; 5.61278128732e-05; -0.0048694582876
21226.53316645807; 5.6944441665e-05; -0.00487429866447
21239.04881101377; 5.55292884746e-05; -0.0048798409589
21251.56445556946; 5.56905366528e-05; -0.00488379979553
21264.08010012516; 5.52509042701e-05; -0.0048866111989
21276.59574468085; 5.54628262237e-05; -0.00489216460218
21289.11138923655; 5.672964214e-05; -0.00489813228472
21301.62703379224; 5.60507161898e-05; -0.00490264321871
21314.14267834794; 5.59596751084e-05; -0.00490545166893
21326.65832290363; 5.53354913913e-05; -0.00491042567323
21339.17396745932; 5.60544207552e-05; -0.00491485038003
21351.68961201502; 5.52667015724e-05; -0.00492104384663
21364.20525657071; 5.52698276646e-05; -0.00492284972244
21376.72090112641; 5.56606308466e-05; -0.00493029370576
21389.2365456821; 5.40451215601e-05; -0.00493377983285
21401.7521902378; 5.38700810305e-05; -0.00493932431051
21414.26783479349; 5.39951161431e-05; -0.00494294678135
21426.78347934919; 5.45948267038e-05; -0.00494739752915
21439.29912390488; 5.36340417319e-05; -0.00495185188018
21451.81476846058; 5.61330145316e-05; -0.00495721203427
21464.33041301627; 5.46983942837e-05; -0.00496145237411
21476.84605757197; 5.4781352903e-05; -0.0049679458292
21489.36170212766; 5.33410269929e-05; -0.00497259281639
21501.87734668336; 5.539335636e-05; -0.00497693667197
21514.39299123905; 5.41024889898e-05; -0.00498046300712
21526.90863579474; 5.4194015924e-05; -0.00498627265734
21539.42428035044; 5.37754832033e-05; -0.00499099846918
21551.93992490613; 5.37542367162e-05; -0.00499620051335
21564.45556946183; 5.17273089467e-05; -0.00500134005695
21576.97121401752; 5.41713471861e-05; -0.00500496917047
21589.48685857322; 5.44861779341e-05; -0.00501066075113
21602.00250312891; 5.42841441044e-05; -0.00501526927838
21614.5181476846; 5.39757704246e-05; -0.0050185633826
21627.0337922403; 5.30117331729e-05; -0.00502356824886
21639.54943679599; 5.4002849383e-05; -0.00502970376347
21652.06508135169; 5.33804822681e-05; -0.00503406594793
21664.58072590738; 5.45165290639e-05; -0.00503874182148
21677.09637046308; 5.31197832049e-05; -0.00504418978662
21689.61201501877; 5.3359061605e-05; -0.00504778797378
21702.12765957447; 5.25579530004e-05; -0.00505512175976
21714.64330413016; 5.39103089708e-05; -0.00505993370915
21727.15894868586; 5.39347765326e-05; -0.00506471078256
21739.67459324155; 5.25119034048e-05; -0.00506880301426
21752.19023779725; 5.18918238261e-05; -0.00507350912556
21764.70588235294; 5.26638275109e-05; -0.00507968191047
21777.22152690864; 5.24370366962e-05; -0.00508396798375
21789.73717146433; 5.07028448101e-05; -0.00508814099394
21802.25281602002; 5.23169956233e-05; -0.00509339646502
21814.76846057572; 5.37233011458e-05; -0.00510015431006
21827.28410513141; 5.29255553437e-05; -0.00510334800897
21839.79974968711; 5.26407274979e-05; -0.00510934053479
21852.3153942428; 5.14599408452e-05; -0.00511480581408
21864.8310387985; 5.11745019537e-05; -0.00511843791782
21877.34668335419; 5.2029495587e-05; -0.00512551950505
21889.86232790989; 5.15652961844e-05; -0.0051299793279
21902.37797246558; 5.1255254841e-05; -0.00513213929505
21914.89361702128; 5.1664887554e-05; -0.00513877003973
21927.40926157697; 5.27194238404e-05; -0.00514615204089
21939.92490613267; 5.23752456192e-05; -0.005149967264
21952.44055068836; 5.05465444235e-05; -0.0051555532689
21964.95619524406; 5.19659337829e-05; -0.00516052511545
21977.47183979975; 5.08618278301e-05; -0.00516616741574
21989.98748435544; 5.15254591144e-05; -0.00517087360934
22002.50312891114; 5.14920067569e-05; -0.00517727039079
22015.01877346683; 5.01981785191e-05; -0.00518351649993
22027.53441802253; 5.20414534338e-05; -0.00518734426596
22040.05006257822; 5.06994552782e-05; -0.00519249112793
22052.56570713392; 5.07155165174e-05; -0.00519739513735
22065.08135168961; 5.17945373979e-05; -0.00520330611622
22077.59699624531; 5.06612984284e-05; -0.00520927551939
22090.112640801; 5.22586603421e-05; -0.00521462559302
22102.6282853567; 5.1122628092e-05; -0.00521842040299
22115.14392991239; 5.01650571084e-05; -0.00522525524352
22127.65957446809; 4.99038591385e-05; -0.0052309643518
22140.17521902378; 5.04454550907e-05; -0.00523460486334
22152.69086357948; 5.08349532581e-05; -0.00524193822639
22165.20650813517; 4.91868725642e-05; -0.00524667464357
22177.72215269086; 5.07785790419e-05; -0.00525306489037
22190.23779724656; 4.96289164328e-05; -0.00525897381531
22202.75344180225; 5.18411015648e-05; -0.00526357666064
22215.26908635795; 4.88728306432e-05; -0.00526919752236
22227.78473091364; 4.94825519099e-05; -0.00527544874999
22240.30037546933; 4.87692148261e-05; -0.00528148930698
22252.81602002503; 4.98178674203e-05; -0.00528492813901
22265.33166458072; 5.05381589871e-05; -0.00529113571585
22277.84730913642; 5.16251136399e-05; -0.00529758228428
22290.36295369211; 4.93407582325e-05; -0.00530197462295
22302.87859824781; 4.96315196241e-05; -0.00530884940734
22315.3942428035; 4.92257813172e-05; -0.00531322151051
22327.9098873592; 5.18892735962e-05; -0.00532051574288
22340.42553191489; 5.0157236221e-05; -0.00532652206203
22352.94117647059; 5.06823775772e-05; -0.0053301452271
22365.45682102628; 5.03217907593e-05; -0.00533689413682
22377.97246558198; 4.96190488221e-05; -0.00534236818447
22390.48811013767; 4.77877939155e-05; -0.0053495666152
22403.00375469337; 4.80640533221e-05; -0.00535700731615
22415.51939924906; 4.92919446965e-05; -0.00536130525293
22428.03504380476; 4.86415110042e-05; -0.00536540973636
22440.55068836045; 4.97961047457e-05; -0.00537091229877
22453.06633291614; 4.98785492909e-05; -0.0053763325652
22465.58197747184; 4.8711675707e-05; -0.005381483129
22478.09762202753; 4.90264925309e-05; -0.00539015987105
22490.61326658323; 4.90416488257e-05; -0.0053963139418
22503.12891113892; 4.86863934591e-05; -0.00540215707807
22515.64455569462; 5.02549886104e-05; -0.00540666303841
22528.16020025031; 4.72987514968e-05; -0.00541207056177
22540.67584480601; 4.99773384067e-05; -0.00541792312605
22553.1914893617; 4.97893774001e-05; -0.00542350772709
22565.7071339174; 4.95394087465e-05; -0.00542953917955
22578.22277847309; 5.31033521058e-05; -0.00543542907319
22590.73842302879; 5.26603466018e-05; -0.00544068282352
22603.25406758448; 5.29413252951e-05; -0.00544568057729
22615.76971214018; 5.52784986701e-05; -0.00545268929605
22628.28535669587; 5.80706204772e-05; -0.00545885169753
22640.80100125157; 6.03727363653e-05; -0.00546670507225
22653.31664580726; 6.4584586684e-05; -0.00547605770156
22665.83229036295; 6.41760738692e-05; -0.00548819871243
22678.34793491865; 6.21781031999e-05; -0.00549967472633
22690.86357947434; 5.88529895604e-05; -0.00550690537228
22703.37922403004; 5.53050965e-05; -0.00551571004889
22715.89486858573; 5.49888287068e-05; -0.00552035411513
22728.41051314143; 5.16205558483e-05; -0.00552627036913
22740.92615769712; 5.19779101538e-05; -0.00553247082515
22753.44180225282; 4.97729874519e-05; -0.00554027429441
22765.95744680851; 4.86537335339e-05; -0.00554460038354
22778.47309136421; 4.96990593791e-05; -0.0055497779333
22790.9887359199; 4.94636627041e-05; -0.00555814293601
22803.5043804756; 5.01107585826e-05; -0.0055623045033
22816.02002503129; 4.84611635149e-05; -0.00557048183989
22828.53566958699; 4.94682434953e-05; -0.00557678302657
22841.05131414268; 4.95958328161e-05; -0.00558492075049
22853.56695869837; 4.91578632485e-05; -0.0055920304283
22866.08260325407; 4.68356983488e-05; -0.0055987974946
22878.59824780976; 4.9051107415e-05; -0.00560547223072
22891.11389236546; 4.69463643773e-05; -0.00561387703755
22903.62953692115; 4.82172243841e-05; -0.00561915208372
22916.14518147684; 4.61328729911e-05; -0.00562613035948
22928.66082603254; 4.63017657672e-05; -0.00563269664549
22941.17647058823; 4.6415974866e-05; -0.00564006544409
22953.69211514393; 4.73102530796e-05; -0.00564679473993
22966.20775969962; 4.66957839321e-05; -0.00565361540842
22978.72340425532; 4.74107134643e-05; -0.00566128663173
22991.23904881101; 4.66421499107e-05; -0.0056683235409
23003.75469336671; 4.57417684511e-05; -0.00567518697302
23016.2703379224; 4.56983206793e-05; -0.00568170690982
23028.7859824781; 4.81050561653e-05; -0.00568957704099
23041.30162703379; 4.65265991222e-05; -0.0056965299798
23053.81727158949; 4.50358422387e-05; -0.00570580911405
23066.33291614518; 4.60291904128e-05; -0.00571309231652
23078.84856070088; 4.59005014584e-05; -0.0057191491037
23091.36420525657; 4.59730010643e-05; -0.00572781708088
23103.87984981226; 4.57634153813e-05; -0.00573249940168
23116.39549436796; 4.59321189384e-05; -0.00574262310436
23128.91113892365; 4.61577219747e-05; -0.0057499003294
23141.42678347935; 4.52577746496e-05; -0.00575691854592
23153.94242803504; 4.52158362787e-05; -0.00576481081472
23166.45807259074; 4.55902483936e-05; -0.00577147702778
23178.97371714643; 4.78845978476e-05; -0.00578088532912
23191.48936170213; 4.48509440442e-05; -0.00578885208409
23204.00500625782; 4.5740748757e-05; -0.00579534734944
23216.52065081352; 4.55650024478e-05; -0.00580397932602
23229.03629536921; 4.5513799804e-05; -0.00581154855381
23241.55193992491; 4.5495522887e-05; -0.0058192976548
23254.0675844806; 4.65714297345e-05; -0.00582634693332
23266.5832290363; 4.70269166079e-05; -0.00583977249336
23279.09887359199; 4.42581362483e-05; -0.00584626080969
23291.61451814769; 4.33186187739e-05; -0.00585477312675
23304.13016270338; 4.597573467e-05; -0.00586350451431
23316.64580725907; 4.48028047097e-05; -0.00586958253479
23329.16145181477; 4.42020937248e-05; -0.00587759367629
23341.67709637046; 4.50629172188e-05; -0.00588814047011
23354.19274092616; 4.52293308775e-05; -0.0058956941618
23366.70838548185; 4.61316467971e-05; -0.00590305059303
23379.22403003755; 4.46852707267e-05; -0.00591121123036
23391.73967459324; 4.52532263066e-05; -0.00591991398828
23404.25531914894; 4.36330212305e-05; -0.00593043139807
23416.77096370463; 4.53557158851e-05; -0.0059379617063
23429.28660826033; 4.47052400475e-05; -0.00594439117626
23441.80225281602; 4.35533230962e-05; -0.00595467222911
23454.31789737171; 4.39162368606e-05; -0.00596214301142
23466.83354192741; 4.58968093252e-05; -0.00597214772144
23479.3491864831; 4.57523322684e-05; -0.0059804992799
23491.8648310388; 4.45066416246e-05; -0.00598813809578
23504.38047559449; 4.34865976544e-05; -0.00599572683899
23516.89612015019; 4.60227369499e-05; -0.00600410867237
23529.41176470588; 4.70357205142e-05; -0.00601121923399
23541.92740926158; 4.74006491753e-05; -0.00601967779618
23554.44305381727; 4.89808926102e-05; -0.00602303223442
23566.95869837297; 5.55755910667e-05; -0.00602590561535
23579.47434292866; 7.52685997285e-05; -0.00603456074802
23591.98998748435; 9.95005385917e-05; -0.00607529515977
23604.50563204005; 7.21601862582e-05; -0.00610820181721
23617.02127659574; 5.60413922419e-05; -0.00611224731131
23629.53692115144; 5.07937652985e-05; -0.00611822859723
23642.05256570713; 4.65384341383e-05; -0.00612473048401
23654.56821026283; 4.50839386819e-05; -0.00613323451695
23667.08385481852; 4.45923512548e-05; -0.00613921652966
23679.59949937422; 4.50913052944e-05; -0.00615031957172
23692.11514392991; 4.47744034559e-05; -0.00615881735696
23704.63078848561; 4.53395873873e-05; -0.00616895615104
23717.1464330413; 4.48663115632e-05; -0.00617990541746
23729.662077597; 4.39073991386e-05; -0.00619178545637
23742.17772215269; 4.43822281251e-05; -0.00619962798407
23754.69336670839; 4.22443869251e-05; -0.00620864372929
23767.20901126408; 4.2367518534e-05; -0.00622066658493
23779.72465581977; 4.16982816672e-05; -0.00622927222476
23792.24030037547; 4.45003819807e-05; -0.006241039124
23804.75594493116; 4.29911209185e-05; -0.00625170610945
23817.27158948686; 4.33204478083e-05; -0.00626313050223
23829.78723404255; 4.12117261981e-05; -0.00627489977964
23842.30287859825; 4.27302096366e-05; -0.00628538754085
23854.81852315394; 4.16091115169e-05; -0.00629642483576
23867.33416770964; 4.28969496422e-05; -0.00630822097842
23879.84981226533; 4.10328510616e-05; -0.00631772635969
23892.36545682103; 4.3203659388e-05; -0.0063306436405
23904.88110137672; 4.32472038829e-05; -0.00634149199089
23917.39674593242; 4.25840117061e-05; -0.00635399865074
23929.91239048811; 4.32084206957e-05; -0.00636652908804
23942.42803504381; 4.17001222635e-05; -0.00637839586385
23954.9436795995; 4.32555721627e-05; -0.00639008046263
23967.45932415519; 4.36852431955e-05; -0.00640136706555
23979.97496871089; 4.20854240453e-05; -0.00641524127944
23992.49061326658; 4.22828560733e-05; -0.00642688452964
24005.00625782228; 4.28497393706e-05; -0.00643968328574
24017.52190237797; 4.25711741524e-05; -0.00645176611038
24030.03754693366; 4.2127503025e-05; -0.00646477478784
24042.55319148936; 4.1937084409e-05; -0.00647557710492
24055.06883604505; 4.18927931082e-05; -0.00648987032868
24067.58448060075; 4.19955392885e-05; -0.00650406109257
24080.10012515644; 4.15510404212e-05; -0.00651663904039
24092.61576971214; 4.3138502649e-05; -0.00652857038588
24105.13141426783; 4.26937169694e-05; -0.00654468210805
24117.64705882353; 4.06844367957e-05; -0.00655653792295
24130.16270337922; 4.18302488847e-05; -0.0065701132368
24142.67834793492; 4.24662402669e-05; -0.0065837332215
24155.19399249061; 4.42310009717e-05; -0.00659564534472
24167.70963704631; 4.20920731919e-05; -0.0066106811225
24180.225281602; 4.3408367646e-05; -0.00662290566114
24192.7409261577; 4.4929254365e-05; -0.00663694585704
24205.25657071339; 4.56315666432e-05; -0.00665168326426
24217.77221526908; 4.62475504133e-05; -0.00666405284985
24230.28785982478; 4.79645580539e-05; -0.00667710285537
24242.80350438048; 4.98237727447e-05; -0.00668765373953
24255.31914893617; 6.04424971439e-05; -0.00670292065133
24267.83479349186; 6.8908319155e-05; -0.00672468683553
24280.35043804756; 7.22892121269e-05; -0.00675478696813
24292.86608260325; 6.48498851868e-05; -0.00678075623368
24305.38172715895; 5.60553472073e-05; -0.00679814397624
24317.89737171464; 5.11184478682e-05; -0.00681217790243
24330.41301627034; 4.86289228417e-05; -0.00682734799886
24342.92866082603; 4.78141787808e-05; -0.00684181964373
24355.44430538173; 4.49654172043e-05; -0.00685753729652
24367.95994993742; 4.45543384949e-05; -0.00687545426357
24380.47559449312; 4.42808307209e-05; -0.00688896074147
24392.99123904881; 4.52641156005e-05; -0.00690625979004
24405.50688360451; 4.57405795539e-05; -0.0069244526613
24418.0225281602; 4.37375780455e-05; -0.00694112585749
24430.5381727159; 4.37833997577e-05; -0.00695694488406
24443.05381727159; 4.49854120112e-05; -0.00697569823812
24455.56946182728; 4.58745523439e-05; -0.00699258726075
24468.08510638298; 4.75911079476e-05; -0.00701018047279
24480.60075093867; 4.76311382149e-05; -0.00702946095103
24493.11639549437; 4.9924261475e-05; -0.0070509535091
24505.63204005006; 4.90830247611e-05; -0.00707419252025
24518.14768460576; 4.77215242404e-05; -0.00709524255904
24530.66332916145; 4.79884756125e-05; -0.00711628949884
24543.17897371715; 4.62009448469e-05; -0.00713517984113
24555.69461827284; 4.38360353441e-05; -0.00715637063314
24568.21026282854; 4.22847999818e-05; -0.00717335416458
24580.72590738423; 4.25613878487e-05; -0.00719493737559
24593.24155193993; 4.45267443436e-05; -0.00721592873261
24605.75719649562; 4.14191715429e-05; -0.00723657107029
24618.27284105132; 4.19084470665e-05; -0.00725845247197
24630.78848560701; 4.24054294737e-05; -0.00728133648833
24643.3041301627; 4.24153159813e-05; -0.00730102478404
24655.8197747184; 4.19349163468e-05; -0.00732654621937
24668.33541927409; 4.07590824587e-05; -0.00734849999957
24680.85106382979; 4.0848264171e-05; -0.0073708479302
24693.36670838548; 4.04143992389e-05; -0.00739428848672
24705.88235294117; 4.08252633675e-05; -0.00741729099186
24718.39799749687; 4.2500142175e-05; -0.00744136148947
24730.91364205256; 4.14956088191e-05; -0.00746775997973
24743.42928660826; 4.19361467678e-05; -0.00749051161699
24755.94493116395; 4.29186032858e-05; -0.00751765223832
24768.46057571965; 4.15768456944e-05; -0.00754308655085
24780.97622027534; 4.103558877e-05; -0.00756774726438
24793.49186483104; 4.36467682041e-05; -0.00759574740866
24806.00750938673; 4.27217380446e-05; -0.0076228545529
24818.52315394243; 4.14485293349e-05; -0.00765055223318
24831.03879849812; 4.02585498948e-05; -0.00767725460671
24843.55444305382; 4.08844247725e-05; -0.00770510249681
24856.07008760951; 4.14563498493e-05; -0.00773596526639
24868.58573216521; 3.84868952521e-05; -0.00776324854581
24881.1013767209; 4.25345122821e-05; -0.00779431568213
24893.61702127659; 4.09132606582e-05; -0.00782473798984
24906.13266583229; 4.09412964035e-05; -0.00785587868313
24918.64831038798; 4.14957612387e-05; -0.00788549928624
24931.16395494368; 3.9636019047e-05; -0.0079174353591
24943.67959949937; 4.24185579423e-05; -0.00794945555734
24956.19524405507; 4.01303214314e-05; -0.0079834895074
24968.71088861076; 4.16418479004e-05; -0.00801551959526
24981.22653316646; 4.11273549009e-05; -0.00805087038318
24993.74217772215; 4.20543289689e-05; -0.00808413774132
25006.25782227785; 4.36695135247e-05; -0.00812052585592
25018.77346683354; 4.22349789352e-05; -0.00815564128521
25031.28911138924; 4.01082603826e-05; -0.0081944809878
25043.80475594493; 4.32457836212e-05; -0.00823250492948
25056.32040050063; 4.04230927468e-05; -0.00826929693943
25068.83604505632; 4.07965361397e-05; -0.00830960609821
25081.35168961201; 4.2088935289e-05; -0.00834914808646
25093.86733416771; 4.24521311414e-05; -0.00838896398206
25106.3829787234; 4.26703455601e-05; -0.00843096378201
25118.8986232791; 4.30390801096e-05; -0.00847314404333
25131.41426783479; 4.33931830056e-05; -0.00851726710828
25143.92991239049; 4.29340322202e-05; -0.00856058061018
25156.44555694618; 4.13874289943e-05; -0.00860767362863
25168.96120150188; 4.18677373761e-05; -0.00865240396854
25181.47684605757; 4.2659079693e-05; -0.00869978154045
25193.99249061327; 4.17185058493e-05; -0.00874538423653
25206.50813516896; 4.26186753389e-05; -0.00879562210715
25219.02377972466; 4.38416644237e-05; -0.00884622505936
25231.53942428035; 4.22784033343e-05; -0.00889764533284
25244.05506883605; 4.27440621602e-05; -0.00894999991094
25256.57071339174; 4.1443442675e-05; -0.00900431734292
25269.08635794743; 4.2788148453e-05; -0.00905982750933
25281.60200250313; 4.2919990229e-05; -0.0091152728195
25294.11764705883; 4.31069120227e-05; -0.00917489065176
25306.63329161452; 4.47205945126e-05; -0.00923405258502
25319.14893617021; 4.25489044902e-05; -0.00929604279248
25331.66458072591; 4.261942028e-05; -0.00935838360776
25344.1802252816; 4.35067497294e-05; -0.00941975081891
25356.6958698373; 4.34467148337e-05; -0.00948917935164
25369.21151439299; 4.68820049192e-05; -0.00955460786862
25381.72715894868; 4.41798281653e-05; -0.00962550771231
25394.24280350438; 4.4944234992e-05; -0.00969979894753
25406.75844806007; 4.36538773445e-05; -0.00977267596782
25419.27409261577; 4.18108697234e-05; -0.00984710271419
25431.78973717146; 4.26818087273e-05; -0.0099240703148
25444.30538172716; 4.60939427303e-05; -0.0100023154672
25456.82102628285; 4.49545663261e-05; -0.0100882906737
25469.33667083855; 4.57894849644e-05; -0.0101721518024
25481.85231539424; 4.53157027743e-05; -0.0102611309302
25494.36795994994; 4.30539289546e-05; -0.0103521827218
25506.88360450563; 4.48751885712e-05; -0.0104451053348
25519.39924906133; 4.57139219248e-05; -0.0105440583171
25531.91489361702; 4.64526276608e-05; -0.0106430160762
25544.43053817272; 4.46032511162e-05; -0.0107465044528
25556.94618272841; 4.60152844305e-05; -0.0108541601721
25569.4618272841; 4.86070691629e-05; -0.0109637563857
25581.9774718398; 4.54851158405e-05; -0.0110786557557
25594.49311639549; 4.54940940471e-05; -0.011199357401
25607.00876095119; 4.69004798821e-05; -0.0113211924631
25619.52440550688; 4.61928376445e-05; -0.0114492620296
25632.04005006258; 4.95385755364e-05; -0.0115833493636
25644.55569461827; 4.77375437072e-05; -0.0117222934076
25657.07133917397; 4.69781076718e-05; -0.0118685545278
25669.58698372966; 4.61734992611e-05; -0.0120178811135
25682.10262828536; 4.75761625038e-05; -0.0121722716664
25694.61827284105; 4.75001865888e-05; -0.0123376353411
25707.13391739675; 4.52740346807e-05; -0.0125074799156
25719.64956195244; 4.77408827642e-05; -0.0126867439379
25732.16520650814; 4.65732469582e-05; -0.0128744085794
25744.68085106383; 4.75717898287e-05; -0.0130700640751
25757.19649561952; 4.9281281794e-05; -0.0132771423363
25769.71214017522; 4.8739606897e-05; -0.013490785298
25782.22778473091; 4.94461946301e-05; -0.0137183968488
25794.74342928661; 4.95161934865e-05; -0.0139594527227
25807.2590738423; 4.94866069408e-05; -0.01420976442
25819.774718398; 4.75725245753e-05; -0.0144751223204
25832.29036295369; 4.84651648384e-05; -0.014756746197
25844.80600750939; 4.81663853838e-05; -0.0150563755113
25857.32165206508; 4.81554696092e-05; -0.0153737402459
25869.83729662078; 4.81336093414e-05; -0.015710261636
25882.35294117647; 4.78099879896e-05; -0.0160690530155
25894.86858573217; 4.66931260388e-05; -0.0164532998834
25907.38423028786; 4.59029626733e-05; -0.0168607056655
25919.89987484356; 4.58525612887e-05; -0.0173016806238
25932.41551939925; 4.3127958226e-05; -0.0177780875886
25944.93116395494; 4.26135755007e-05; -0.0182889774351
25957.44680851064; 4.01990483431e-05; -0.0188395379689
25969.96245306633; 3.87313925915e-05; -0.0194444514199
25982.47809762203; 3.57335507889e-05; -0.0200988190666
25994.99374217772; 3.19228039056e-05; -0.0208173785983
26007.50938673341; 2.90195339468e-05; -0.0216080252685
26020.02503128911; 2.28653478285e-05; -0.0224794267611
26032.5406758448; 1.74446471393e-05; -0.023447709463
26045.0563204005; 8.33161835392e-06; -0.024529375346
26057.57196495619; 1.01923599751e-06; -0.0257407122141
26070.08760951189; -1.41865266083e-05; -0.0271129063934
26082.60325406758; -2.96044083434e-05; -0.0286777808097
26095.11889862328; -5.17959717079e-05; -0.0304815124915
26107.63454317897; -7.73498947742e-05; -0.032587895795
26120.15018773467; -0.000114524153144; -0.0350728922562
26132.66583229036; -0.00016404361358; -0.0380438709616
26145.18147684606; -0.000230453814156; -0.0416573437481
26157.69712140175; -0.000333647281322; -0.0461612007092
26170.21276595745; -0.0004812771768; -0.051921849919
26182.72841051314; -0.000718997552346; -0.0595583321197
26195.24405506883; -0.00111476161101; -0.0701469262548
26207.75969962453; -0.00186459009154; -0.0858387855855
26220.27534418023; -0.00347521752598; -0.11152253041
26232.79098873592; -0.00788360532773; -0.160704070016
26245.30663329161; -0.0312158736836; -0.297948664576
26257.82227784731; -0.928463026332; -0.756917077904
26270.337922403; 0.0433252322022; 0.308763516318
26282.8535669587; -0.0106233355259; 0.175983065728
26295.36921151439; -0.00596253557675; 0.112221447966
26307.88485607009; -0.00335911164362; 0.0818686216186
26320.40050062578; -0.0022197955698; 0.0640167224391
26332.91614518148; -0.00158693283459; 0.0522354657508
26345.43178973717; -0.00120246908256; 0.0438904873174
26357.94743429287; -0.000950003116628; 0.0376706236007
26370.46307884856; -0.000773105732328; 0.0328430323368
26382.97872340426; -0.000644545266003; 0.0289983935801
26395.49436795995; -0.000548836853874; 0.0258680827235
26408.01001251565; -0.000473350578417; 0.0232613784836
26420.52565707134; -0.000413485577744; 0.0210595990471
26433.04130162703; -0.000366558919496; 0.0191777035994
26445.55694618273; -0.000326650368608; 0.0175486447859
26458.07259073842; -0.000294652303891; 0.016124402586
26470.58823529412; -0.000267620268546; 0.0148671986665
26483.10387984981; -0.000243731239565; 0.0137546450842
26495.61952440551; -0.000224294800093; 0.0127535130929
26508.1351689612; -0.000206320513232; 0.0118549461354
26520.6508135169; -0.000191384895101; 0.0110414940296
26533.16645807259; -0.000179179862436; 0.0103027518653
26545.68210262829; -0.000166609208261; 0.00962813092667
26558.19774718398; -0.000156653317243; 0.00901185658634
26570.71339173967; -0.000146943901662; 0.0084410940508
26583.22903629537; -0.000137801470577; 0.00791910471313
26595.74468085106; -0.000130432679194; 0.00743299874571
26608.26032540676; -0.000123638611888; 0.00698275959235
26620.77596996245; -0.000117324881681; 0.00656469089256
26633.29161451815; -0.000109986309273; 0.00617210105432
26645.80725907384; -0.000106433960615; 0.00580761558163
26658.32290362954; -0.000101651793705; 0.00546421449832
26670.83854818523; -9.64542644261e-05; 0.00514312293804
26683.35419274092; -9.27872463018e-05; 0.0048354436063
26695.86983729662; -8.8918275779e-05; 0.00455201291245
26708.38548185231; -8.34011530768e-05; 0.00428164191096
26720.90112640801; -8.31838534239e-05; 0.00402458772551
26733.4167709637; -7.86283695414e-05; 0.00378398008206
26745.9324155194; -7.81071884823e-05; 0.00354945377467
26758.44806007509; -7.39053133134e-05; 0.00333200422712
26770.96370463079; -7.13928935305e-05; 0.00312437886271
26783.47934918648; -6.99147147394e-05; 0.00292274965296
26795.99499374218; -6.60024804422e-05; 0.00273390391932
26808.51063829787; -6.55969625593e-05; 0.00255392737951
26821.02628285357; -6.20605367687e-05; 0.00237859085513
26833.54192740926; -5.97217020705e-05; 0.00221469888891
26846.05757196496; -5.68589380374e-05; 0.00205449403384
26858.57321652065; -5.71369491497e-05; 0.00190221950049
26871.08886107634; -5.72445552256e-05; 0.00175818887067
26883.60450563204; -5.28692856829e-05; 0.00161594792401
26896.12015018773; -5.28272336811e-05; 0.001480146255
26908.63579474343; -5.2277250552e-05; 0.001348352311
26921.15143929912; -4.99426479202e-05; 0.00122391588481
26933.66708385482; -4.77507823257e-05; 0.00110334278017
26946.18272841051; -4.7224436532e-05; 0.000986285217231
26958.69837296621; -4.45496535213e-05; 0.000874951012434
26971.2140175219; -4.53893743695e-05; 0.000766134289464
26983.7296620776; -4.40436272652e-05; 0.0006610823109
26996.24530663329; -4.40605069203e-05; 0.000558999917721
27008.76095118899; -4.01805677857e-05; 0.000462505972001
27021.27659574468; -4.17749956856e-05; 0.000365349129122
27033.79224030038; -4.10463691573e-05; 0.000274601151351
27046.30788485607; -3.89500422637e-05; 0.000185544877091
27058.82352941176; -3.86734203324e-05; 9.84417970926e-05
27071.33917396746; -3.89435434231e-05; 1.5305972729e-05
27083.85481852316; -3.66202561388e-05; -6.7526379001e-05
27096.37046307885; -3.53089230275e-05; -0.000146201646764
27108.88610763454; -3.57173986698e-05; -0.000221254381026
27121.40175219024; -3.61292936815e-05; -0.000296416637174
27133.91739674593; -3.46162671358e-05; -0.000370487023576
27146.43304130163; -3.3709187795e-05; -0.000441155536195
27158.94868585732; -3.25830277555e-05; -0.000508695662294
27171.46433041301; -3.31966505147e-05; -0.0005758260878
27183.97997496871; -3.1955689352e-05; -0.000641694058006
27196.4956195244; -3.23312933478e-05; -0.000704517029969
27209.0112640801; -3.1834476787e-05; -0.000766792445705
27221.52690863579; -3.16487384203e-05; -0.000826758538819
27234.04255319149; -3.200952863e-05; -0.000886206353931
27246.55819774718; -3.18219736611e-05; -0.000941510543249
27259.07384230288; -2.9088196708e-05; -0.000997494690146
27271.58948685857; -2.79812481186e-05; -0.00105289109204
27284.10513141427; -2.81731194445e-05; -0.00110730975036
27296.62077596996; -2.60958117982e-05; -0.00115758061882
27309.13642052566; -2.89008068396e-05; -0.00121177240514
27321.65206508135; -2.79215988716e-05; -0.00125986192682
27334.16770963705; -2.72301113639e-05; -0.00130897460191
27346.68335419274; -2.53099927623e-05; -0.00135606669751
27359.19899874843; -2.64746555171e-05; -0.00140312524415
27371.71464330413; -2.57515453079e-05; -0.0014480482385
27384.23028785982; -2.53113565814e-05; -0.00149258931115
27396.74593241552; -2.54602819016e-05; -0.00153752193603
27409.26157697121; -2.50247189712e-05; -0.00157952213841
27421.77722152691; -2.60032150678e-05; -0.00162084062156
27434.2928660826; -2.37718153777e-05; -0.00166200560295
27446.8085106383; -2.4536935319e-05; -0.00170367380041
27459.32415519399; -2.49609039219e-05; -0.00174243372628
27471.83979974969; -2.28942934911e-05; -0.00178233254532
27484.35544430538; -2.38115465248e-05; -0.00181862620034
27496.87108886108; -2.27330082647e-05; -0.00185642428799
27509.38673341677; -2.32566925598e-05; -0.00189323570706
27521.90237797247; -2.24074513341e-05; -0.00192807098067
27534.41802252816; -2.26153063218e-05; -0.00196527134866
27546.93366708385; -2.22719146898e-05; -0.00199827597655
27559.44931163955; -2.17350111706e-05; -0.00203350966052
27571.96495619524; -2.19316479068e-05; -0.00206595281712
27584.48060075094; -2.11039304075e-05; -0.00209756104763
27596.99624530663; -2.41379929838e-05; -0.0021299607025
27609.51188986233; -2.12537937419e-05; -0.0021616114511
27622.02753441802; -2.22917369369e-05; -0.00219162804027
27634.54317897372; -2.22832953067e-05; -0.00222317373165
27647.05882352941; -2.22018339048e-05; -0.00225289161447
27659.57446808511; -2.14421086949e-05; -0.00228286501931
27672.0901126408; -2.08911004015e-05; -0.0023128176711
27684.6057571965; -2.01657290124e-05; -0.00234081342617
27697.12140175219; -2.00802973676e-05; -0.00237046572869
27709.63704630789; -2.09547796905e-05; -0.00239651191612
27722.15269086358; -2.13976576395e-05; -0.00242411557643
27734.66833541927; -2.09929565562e-05; -0.00245160849922
27747.18397997497; -2.00375302621e-05; -0.00247760221417
27759.69962453066; -1.97879923864e-05; -0.00250382759364
27772.21526908636; -2.16261595064e-05; -0.00252861551693
27784.73091364205; -2.15990944721e-05; -0.0025532327541
27797.24655819774; -2.16451029169e-05; -0.00257867003171
27809.76220275344; -1.99305615883e-05; -0.00260263558388
27822.27784730913; -2.03877652328e-05; -0.00262712504163
27834.79349186483; -2.13475356078e-05; -0.00264996930882
27847.30913642052; -1.86292025079e-05; -0.00267421699513
27859.82478097622; -1.99307223375e-05; -0.00269718320839
27872.34042553191; -1.95496493897e-05; -0.00272156015579
27884.85607008761; -2.08777622006e-05; -0.00274301098161
27897.3717146433; -1.92057825966e-05; -0.0027650213312
27909.887359199; -2.05390564124e-05; -0.00278691090088
27922.40300375469; -2.08365447766e-05; -0.00280782740835
27934.91864831039; -2.01392765157e-05; -0.00282909951817
27947.43429286608; -2.04511171804e-05; -0.00285052999312
27959.94993742178; -1.95529949114e-05; -0.0028711625808
27972.46558197747; -1.99288076448e-05; -0.00289287316705
27984.98122653316; -2.00003495936e-05; -0.00291174248279
27997.49687108886; -1.87724697813e-05; -0.0029331721351
28010.01251564456; -1.81142746278e-05; -0.00295165041405
28022.52816020025; -2.00262410223e-05; -0.00297196860387
28035.04380475594; -1.83653759848e-05; -0.00299164783572
28047.55944931164; -1.83953123743e-05; -0.00301069107855
28060.07509386733; -1.75658281264e-05; -0.00302702939598
28072.59073842303; -1.88257616667e-05; -0.00304750484061
28085.10638297872; -1.59858743632e-05; -0.00306595267867
28097.62202753442; -1.87880695349e-05; -0.00308191408473
28110.13767209011; -1.9827370333e-05; -0.00310088112326
28122.65331664581; -1.79869235092e-05; -0.00311884836774
28135.1689612015; -1.82453778032e-05; -0.00313676872805
28147.6846057572; -1.92721705025e-05; -0.00315321635701
28160.20025031289; -1.97693512042e-05; -0.00317143525111
28172.71589486859; -1.88972159681e-05; -0.00318515767218
28185.23153942428; -1.85436543728e-05; -0.00320260309534
28197.74718397998; -1.8184450271e-05; -0.00322081198757
28210.26282853567; -1.87834182527e-05; -0.00323764835036
28222.77847309136; -1.92075524534e-05; -0.00325251973883
28235.29411764706; -1.80180695578e-05; -0.003267593321
28247.80976220275; -1.76703031371e-05; -0.00328451517636
28260.32540675845; -1.7462091965e-05; -0.00330050064207
28272.84105131414; -1.92284520803e-05; -0.00331573354331
28285.35669586984; -1.85418300626e-05; -0.00332925707318
28297.87234042553; -1.7035772297e-05; -0.00334430348178
28310.38798498123; -1.88028826994e-05; -0.00336073308434
28322.90362953692; -1.73095321974e-05; -0.00337575897822
28335.41927409262; -1.9314979256e-05; -0.00339038582559
28347.93491864831; -1.86172163154e-05; -0.00340480828756
28360.450563204; -1.79459072392e-05; -0.00341921037965
28372.9662077597; -1.88748804149e-05; -0.00343365514273
28385.4818523154; -1.82362883278e-05; -0.00344738110265
28397.99749687109; -1.83659269827e-05; -0.00346254135161
28410.51314142678; -1.61856448997e-05; -0.003476155337
28423.02878598247; -1.7889694518e-05; -0.00348895199403
28435.54443053817; -1.75665141386e-05; -0.00350264098662
28448.06007509387; -1.70660043257e-05; -0.00351630779109
28460.57571964956; -1.79599739706e-05; -0.00353092122119
28473.09136420525; -1.70361424055e-05; -0.00354294125309
28485.60700876095; -1.74831903838e-05; -0.00355454715677
28498.12265331664; -1.60536703471e-05; -0.00356867826098
28510.63829787234; -1.85660800599e-05; -0.00358045014369
28523.15394242803; -1.75883051587e-05; -0.00359309384661
28535.66958698373; -1.58906340367e-05; -0.00360557902065
28548.18523153942; -2.02500052028e-05; -0.0036192954531
28560.70087609512; -1.86205336159e-05; -0.0036320699725
28573.21652065081; -1.90574700626e-05; -0.00364162522256
28585.73216520651; -1.80619280916e-05; -0.00365468817741
28598.2478097622; -1.7274627876e-05; -0.00366753826954
28610.7634543179; -1.68206695492e-05; -0.00367852796754
28623.27909887359; -1.65533835006e-05; -0.0036903488821
28635.79474342929; -1.77095488044e-05; -0.00370197157593
28648.31038798498; -1.87008803412e-05; -0.00371348166231
28660.82603254067; -1.97197604031e-05; -0.0037242793485
28673.34167709637; -1.92716268397e-05; -0.00373838271856
28685.85732165207; -1.71968783745e-05; -0.00374923944842
28698.37296620776; -1.7645517558e-05; -0.00376056927135
28710.88861076345; -1.76017755145e-05; -0.00377144396596
28723.40425531915; -1.87671548649e-05; -0.00378103394007
28735.91989987484; -1.58501880345e-05; -0.00379038983844
28748.43554443054; -1.68632658354e-05; -0.0038026026128
28760.95118898623; -1.79130529978e-05; -0.00381406003338
28773.46683354193; -1.70523314484e-05; -0.0038245433748
28785.98247809762; -1.58299710631e-05; -0.00383540813366
28798.49812265332; -1.4853692136e-05; -0.00384598765043
28811.01376720901; -1.46879324142e-05; -0.00385517735171
28823.52941176471; -1.47506873646e-05; -0.00386763998346
28836.0450563204; -1.53352431223e-05; -0.00387733602342
28848.56070087609; -1.48033290428e-05; -0.00388700245085
28861.07634543179; -1.26429972592e-05; -0.00389637544121
28873.59198998749; -1.23687296253e-05; -0.00390742735038
28886.10763454318; -1.41430773446e-05; -0.00392014456065
28898.62327909887; -1.33335712443e-05; -0.00392980896386
28911.13892365457; -1.07952827837e-05; -0.00394147915105
28923.65456821026; -1.27691959072e-05; -0.0039519407273
28936.17021276596; -1.34407521368e-05; -0.00396059409682
28948.68585732165; -1.38576825876e-05; -0.00397372232639
28961.20150187735; -1.42512902392e-05; -0.00398364867164
28973.71714643304; -1.54790860094e-05; -0.00399193126399
28986.23279098874; -1.57818495067e-05; -0.00400235562228
28998.74843554443; -1.70807420264e-05; -0.00401255645596
29011.26408010013; -1.78601798308e-05; -0.00402149193613
29023.77972465582; -1.77347902745e-05; -0.00403043530159
29036.29536921151; -1.890653917e-05; -0.00403908462851
29048.81101376721; -2.08515414412e-05; -0.0040484327817
29061.32665832291; -1.94764888847e-05; -0.00405754708815
29073.8423028786; -2.01760976432e-05; -0.00406565358186
29086.35794743429; -2.01185260759e-05; -0.00407571271275
29098.87359198998; -2.0183933325e-05; -0.00408311686397
29111.38923654568; -2.00593262552e-05; -0.00409100517049
29123.90488110138; -2.05954102397e-05; -0.00410080739576
29136.42052565707; -2.07275718978e-05; -0.00410861653476
29148.93617021276; -1.97185686465e-05; -0.00411672871983
29161.45181476846; -2.13653430826e-05; -0.00412630986654
29173.96745932415; -2.05576361793e-05; -0.0041344877519
29186.48310387985; -2.22828179079e-05; -0.00414273530491
29198.99874843554; -2.02592989402e-05; -0.0041511882696
29211.51439299124; -2.0838729498e-05; -0.00415798366729
29224.03003754693; -2.19647526583e-05; -0.00416711499189
29236.54568210263; -2.04803947843e-05; -0.00417419695147
29249.06132665832; -2.13572736743e-05; -0.00418429117067
29261.57697121402; -2.08680901494e-05; -0.00419184440933
29274.09261576971; -2.06501383001e-05; -0.00420011689549
29286.6082603254; -2.14933462734e-05; -0.00420702004782
29299.1239048811; -2.13014367805e-05; -0.00421420984098
29311.6395494368; -2.24332430561e-05; -0.00422363853808
29324.15519399249; -2.15726520454e-05; -0.00423062649061
29336.67083854818; -2.22207085649e-05; -0.0042370866945
29349.18648310388; -2.12835529716e-05; -0.00424498607518
29361.70212765957; -2.07797755874e-05; -0.00425432978085
29374.21777221527; -2.02565822424e-05; -0.00426184457908
29386.73341677096; -2.05211648956e-05; -0.00426889570243
29399.24906132666; -2.02828422877e-05; -0.00427800425448
29411.76470588235; -1.98926678052e-05; -0.00428589840367
29424.28035043805; -2.133153193e-05; -0.0042912345876
29436.79599499374; -2.13392866777e-05; -0.00430024652693
29449.31163954944; -1.94036773533e-05; -0.00430604720106
29461.82728410513; -1.96545152707e-05; -0.00431421833271
29474.34292866083; -1.78942322937e-05; -0.0043222289978
29486.85857321652; -1.9277417663e-05; -0.00432995034985
29499.37421777222; -1.94822647893e-05; -0.00433660342723
29511.88986232791; -2.02896239623e-05; -0.00434454148629
29524.4055068836; -2.07403119826e-05; -0.00435113873224
29536.9211514393; -1.93602426354e-05; -0.00435882026414
29549.43679599499; -1.84307640882e-05; -0.00436530927432
29561.95244055069; -1.92103369071e-05; -0.00437513739388
29574.46808510638; -1.85606230428e-05; -0.00438045411946
29586.98372966208; -1.85316951584e-05; -0.0043875895042
29599.49937421777; -2.02580354495e-05; -0.00439394984967
29612.01501877347; -1.78129818672e-05; -0.00440198996704
29624.53066332916; -1.99826781278e-05; -0.00440884071005
29637.04630788486; -1.98324024153e-05; -0.0044166763673
29649.56195244055; -2.00188485507e-05; -0.00442221774386
29662.07759699625; -1.91647522781e-05; -0.00443109449464
29674.59324155194; -1.93647695949e-05; -0.00443493408288
29687.10888610764; -2.0176982696e-05; -0.00444454779392
29699.62453066333; -2.0013716513e-05; -0.00444906694178
29712.14017521902; -1.91776621875e-05; -0.00445672497919
29724.65581977472; -2.02912448806e-05; -0.00446492815213
29737.17146433041; -2.06799824422e-05; -0.00447026605607
29749.68710888611; -1.95582474177e-05; -0.00447582927984
29762.2027534418; -2.13425176983e-05; -0.00448449853244
29774.71839799749; -2.0421848279e-05; -0.0044896652322
29787.23404255319; -2.00718211757e-05; -0.0044975327516
29799.74968710889; -2.12604944824e-05; -0.00450302168738
29812.26533166458; -2.20518160374e-05; -0.00451040850406
29824.78097622027; -2.1408764871e-05; -0.00451617216771
29837.29662077597; -2.07587498973e-05; -0.0045222468847
29849.81226533166; -2.14750691078e-05; -0.00452730249001
29862.32790988736; -2.199785828e-05; -0.0045339588873
29874.84355444305; -2.32383431627e-05; -0.00453986526773
29887.35919899875; -2.28490636788e-05; -0.00454675707387
29899.87484355444; -2.21986389378e-05; -0.00455301919564
29912.39048811014; -2.26510929609e-05; -0.00455925329771
29924.90613266583; -2.02370430778e-05; -0.00456443315614
29937.42177722153; -2.13891436535e-05; -0.00457129180532
29949.93742177722; -2.10200486928e-05; -0.00457622079986
29962.45306633291; -2.02878399327e-05; -0.0045836047765
29974.96871088861; -2.1681468402e-05; -0.00458768791785
29987.48435544431; -2.31514672621e-05; -0.00459405751603
30000; -2.22453806374e-05; -0.00459849925727
