% Module: Sweep, ID: c0p1t8p1cfm0
% Devices: DEV646
% Time: 2025/10/24 12:28:05
% Demod 1 Sample X, /dev646/demods/0/sample.X
% Demod 1 Sample Y, /dev646/demods/0/sample.Y
% Frequency (Hz); Demod 1 Sample X  Amplitude (V); Demod 1 Sample Y  Amplitude (V)
% Demod 1 Sample R, /dev646/demods/0/sample.R
% Frequency (Hz); Demod 1 Sample R  Amplitude (V)
23000; -6.87870150075e-05; -0.0141832781104
23005.65170310604; -7.10343573012e-05; -0.014215883234
23011.30479498367; -7.2916747289e-05; -0.0142484143103
23016.95927597425; -7.39528560473e-05; -0.0142810790199
23022.61514641909; -7.69417578002e-05; -0.0143150940976
23028.27240665955; -7.77627213521e-05; -0.0143483508751
23033.93105703725; -8.05422073349e-05; -0.0143824167065
23039.59109789373; -8.30454121998e-05; -0.0144171024052
23045.25252957062; -8.69027939466e-05; -0.0144517646804
23050.91535240977; -8.80625546351e-05; -0.0144882829222
23056.57956675299; -8.90647882229e-05; -0.0145223255234
23062.24517294219; -9.29401236652e-05; -0.0145576423136
23067.91217131935; -9.56444959338e-05; -0.0145946314273
23073.58056222666; -9.86734299307e-05; -0.0146310126268
23079.25034600626; -0.00010096897671; -0.0146680652673
23084.92152300035; -0.000102665224084; -0.0147052600937
23090.59409355139; -0.000104713336556; -0.0147430866616
23096.26805800176; -0.000107999285345; -0.0147802651268
23101.94341669393; -0.000111536792807; -0.0148191030429
23107.62016997059; -0.000115957282899; -0.014858442105
23113.29831817439; -0.000116923876323; -0.0148982659854
23118.97786164806; -0.000118870335636; -0.0149391755161
23124.65880073453; -0.000122178981713; -0.0149774759077
23130.3411357767; -0.00012562902514; -0.0150179005054
23136.02486711754; -0.000129121163481; -0.0150595915954
23141.70999510026; -0.000131431817386; -0.0151026767795
23147.396520068; -0.000136266742309; -0.0151430819539
23153.08444236399; -0.000139191195942; -0.0151875263865
23158.77376233168; -0.000142787060831; -0.0152304085898
23164.46448031448; -0.000145703618463; -0.015273327711
23170.1565966559; -0.000149319898001; -0.0153170430652
23175.85011169952; -0.000152639351082; -0.0153609285359
23181.54502578914; -0.000156956556513; -0.0154067026622
23187.24133926847; -0.000161516258754; -0.015452370853
23192.93905248135; -0.000164970213641; -0.015496722198
23198.63816577182; -0.000168379362729; -0.0155435763221
23204.33867948386; -0.000172658597855; -0.015592565406
23210.04059396156; -0.000177040528012; -0.0156389874111
23215.7439095492; -0.00018212573089; -0.0156869649446
23221.44862659104; -0.000186560358585; -0.015735084017
23227.15474543139; -0.000190608037762; -0.0157846883903
23232.86226641482; -0.000195385324239; -0.0158332439312
23238.57118988582; -0.000199484410248; -0.0158841802513
23244.28151618897; -0.000204239402348; -0.0159358833667
23249.99324566907; -0.000209450105459; -0.0159862730344
23255.70637867088; -0.000214472438247; -0.0160378904663
23261.42091553923; -0.000219043404116; -0.0160916842449
23267.13685661918; -0.000224337448602; -0.0161448463829
23272.85420225574; -0.000230091879119; -0.0161973091524
23278.57295279399; -0.000233919343927; -0.0162517402605
23284.29310857926; -0.000239345661659; -0.0163082397814
23290.0146699568; -0.000243442787918; -0.016363950409
23295.73763727199; -0.000248874390519; -0.0164206840371
23301.46201087028; -0.00025381021637; -0.0164773140341
23307.18779109731; -0.000259566117369; -0.0165354765189
23312.91497829869; -0.000264968323723; -0.016596757342
23318.64357282009; -0.0002702327688; -0.0166543189935
23324.37357500743; -0.000275648269054; -0.0167155289356
23330.10498520656; -0.000281080371032; -0.0167771470717
23335.83780376341; -0.000286932062994; -0.0168398380024
23341.57203102416; -0.000293985768775; -0.0169046202851
23347.30766733491; -0.000299074499811; -0.0169683344392
23353.04471304185; -0.000305449850927; -0.017035532415
23358.78316849141; -0.000311386312969; -0.0171006908151
23364.52303402995; -0.000318663166289; -0.0171672666069
23370.26431000391; -0.000325228684632; -0.0172362615247
23376.00699675997; -0.000330978194947; -0.0173056064376
23381.75109464475; -0.000338619263687; -0.0173754734683
23387.49660400496; -0.00034623512169; -0.0174465785296
23393.24352518753; -0.000353762730905; -0.0175194445924
23398.99185853932; -0.000361001942169; -0.0175919323694
23404.74160440735; -0.000369181806543; -0.0176672444315
23410.49276313867; -0.000375838423532; -0.017744267198
23416.24533508054; -0.000385329760147; -0.0178206790459
23421.99932058018; -0.000392952599682; -0.0179000489345
23427.75471998489; -0.000401877509044; -0.0179781744072
23433.5115336422; -0.000409711636891; -0.0180597719393
23439.26976189958; -0.000419074607701; -0.018140159292
23445.02940510459; -0.000428186405088; -0.0182251059449
23450.790463605; -0.000438038925053; -0.0183087364882
23456.55293774857; -0.000447538589325; -0.0183947350847
23462.31682788308; -0.000458069664437; -0.0184815953039
23468.08213435659; -0.000468429391401; -0.0185705572558
23473.84885751707; -0.000477971820361; -0.0186617577707
23479.61699771261; -0.000489954075829; -0.0187534916581
23485.38655529149; -0.00050071060962; -0.0188472040655
23491.15753060195; -0.000512294279748; -0.0189428118451
23496.92992399233; -0.000524637599812; -0.01903963445
23502.70373581118; -0.000536258640506; -0.0191396394902
23508.47896640699; -0.000549326932799; -0.019238920453
23514.2556161284; -0.000562692904632; -0.0193417405587
23520.03368532407; -0.000576093232011; -0.0194463906259
23525.8131743429; -0.000591768563145; -0.019551778526
23531.59408353373; -0.000608789523655; -0.019663013692
23537.37641324549; -0.000626702510511; -0.0197712181572
23543.16016382734; -0.000645694542549; -0.0198801044587
23548.94533562836; -0.0006619284148; -0.0199863840519
23554.73192899775; -0.000675518169964; -0.0200990534208
23560.51994428491; -0.000688957845197; -0.020215189603
23566.3093818392; -0.000702914143364; -0.020334539343
23572.10024201006; -0.000718511484982; -0.020457149028
23577.89252514716; -0.000735328327624; -0.0205835761992
23583.68623160011; -0.000755381439701; -0.0207110105862
23589.48136171861; -0.000773383244756; -0.0208414020662
23595.27791585259; -0.000792544000048; -0.0209746818794
23601.07589435192; -0.000812214463608; -0.0211116120632
23606.87529756655; -0.000833279774765; -0.0212489010294
23612.67612584667; -0.000854286607306; -0.0213912014406
23618.47837954241; -0.000877414010931; -0.0215347007721
23624.28205900398; -0.000900523584974; -0.021683650745
23630.08716458183; -0.000924383880459; -0.0218341682911
23635.89369662633; -0.000948004590015; -0.0219876578338
23641.70165548802; -0.000976032924374; -0.0221443664857
23647.51104151746; -0.0010017796347; -0.0223040895921
23653.32185506542; -0.00103005496075; -0.0224708362001
23659.13409648264; -0.00105865715918; -0.0226398104265
23664.94776611993; -0.00108714570686; -0.0228126007325
23670.76286432835; -0.0011190881713; -0.022987911494
23676.57939145889; -0.00115155660872; -0.0231711761538
23682.39734786261; -0.00118396879169; -0.0233556213326
23688.21673389083; -0.00122023389369; -0.0235461407784
23694.03754989479; -0.0012564973229; -0.023739895633
23699.85979622583; -0.00129398230923; -0.023939679995
23705.68347323551; -0.00133270962261; -0.0241453685063
23711.50858127534; -0.00137313057076; -0.0243558923318
23717.33512069692; -0.00141648525683; -0.0245728463918
23723.16309185206; -0.00146171744763; -0.0247946123575
23728.99249509253; -0.00150637312498; -0.0250221884517
23734.8233307702; -0.00155414014619; -0.0252584596929
23740.65559923713; -0.00160629944282; -0.0255004328051
23746.48930084536; -0.00165882939098; -0.0257483924343
23752.32443594704; -0.00171356300435; -0.0260026351973
23758.16100489438; -0.00177164504854; -0.0262657064784
23763.99900803981; -0.00183100331506; -0.0265370877752
23769.83844573569; -0.00189433796411; -0.0268148930065
23775.67931833449; -0.00196158683312; -0.0271039521723
23781.52162618889; -0.00203076275067; -0.0273996163511
23787.36536965153; -0.00210479799721; -0.0277054620271
23793.21054907513; -0.00218149016327; -0.0280221943449
23799.05716481263; -0.00226259990562; -0.0283466703416
23804.90521721692; -0.00234719894852; -0.0286836502428
23810.754706641; -0.00243617188294; -0.0290309690914
23816.60563343806; -0.00253095107857; -0.0293902310522
23822.45799796125; -0.00262966547409; -0.029762957234
23828.31180056382; -0.00273353621713; -0.0301473983158
23834.16704159923; -0.00284597831922; -0.0305441881077
23840.02372142091; -0.00296300520214; -0.0309549303189
23845.88184038234; -0.00308688747317; -0.0313807733682
23851.74139883726; -0.0032188524665; -0.0318224318455
23857.60239713934; -0.00335842375804; -0.0322826367533
23863.4648356424; -0.00350669196259; -0.0327585978498
23869.32871470026; -0.00366487394115; -0.0332534981526
23875.19403466703; -0.0038325496509; -0.0337697971615
23881.06079589671; -0.00401059901731; -0.0343055944276
23886.92899874342; -0.0042033618884; -0.0348617951423
23892.79864356148; -0.00440673407382; -0.0354444263623
23898.6697307052; -0.00462657818091; -0.0360516926419
23904.54226052893; -0.00486142484203; -0.0366881854626
23910.41623338727; -0.00511280354798; -0.0373488493934
23916.29164963478; -0.00538551993791; -0.0380428176531
23922.16850962607; -0.00567823641815; -0.0387691805215
23928.04681371601; -0.00599382621491; -0.0395323744608
23933.92656225941; -0.00633444229812; -0.0403261212941
23939.80775561115; -0.00670536238045; -0.0411656453012
23945.69039412637; -0.00710608916692; -0.0420427536137
23951.57447816013; -0.00754337569652; -0.0429656298944
23957.46000806757; -0.00801846412603; -0.0439375803151
23963.3469842041; -0.00853998738269; -0.0449631580651
23969.23540692503; -0.00910912052284; -0.0460434715313
23975.12527658578; -0.00973502922604; -0.0471860614624
23981.01659354199; -0.0104255322427; -0.0483926847196
23986.90935814927; -0.0111865982428; -0.0496681061516
23992.80357076333; -0.0120292424307; -0.0510163494723
23998.69923173994; -0.0129657979472; -0.0524459420453
24004.5963414351; -0.0140077398427; -0.0539581557897
24010.49490020474; -0.0151756118405; -0.0555697012803
24016.39490840489; -0.0164838655185; -0.0572734869241
24022.29636639182; -0.0179583206144; -0.0590828281408
24028.19927452172; -0.0196231339913; -0.0609903058294
24034.10363315089; -0.0215117565325; -0.063012087945
24040.00944263584; -0.0236627914405; -0.065147166231
24045.91670333305; -0.0261260307591; -0.06739783157
24051.82541559907; -0.0289512906595; -0.069749726084
24057.73557979067; -0.0322115256395; -0.072194817409
24063.6471962646; -0.0359858246644; -0.0747110142542
24069.56026537765; -0.0403652136302; -0.0772465979148
24075.47478748689; -0.045461970443; -0.0797411887133
24081.3907629493; -0.0514030583997; -0.0820831921741
24087.30819212196; -0.0583264938495; -0.0841279763984
24093.22707536219; -0.0663637128049; -0.0856448380773
24099.14741302723; -0.0756373753712; -0.0863231240887
24105.06920547448; -0.0861840075678; -0.0857173395778
24110.99245306136; -0.0979262872677; -0.0832893694345
24116.91715614555; -0.110560477877; -0.0783811804127
24122.84331508464; -0.123445978332; -0.0703336768447
24128.77093023633; -0.135529109384; -0.0586761202454
24134.70000195855; -0.14541545354; -0.0434103519312
24140.63053060916; -0.151645596042; -0.0252678358202
24146.56251654612; -0.153161417008; -0.00566406827444
24152.49596012762; -0.149686615323; 0.0135276803915
24158.4308617118; -0.141897003068; 0.030568470914
24164.36722165687; -0.131098958565; 0.0443357300876
24170.3050403213; -0.118743013935; 0.0544752089103
24176.24431806347; -0.106066072899; 0.0612181803904
24182.18505524187; -0.0939302759906; 0.0651340825674
24188.12725221523; -0.0828119284081; 0.0668732043811
24194.0709093422; -0.072905644439; 0.0670422387069
24200.01602698152; -0.0642439468877; 0.0661439802317
24205.9626054922; -0.0567312121099; 0.0645336613296
24211.91064523315; -0.0502588048184; 0.0624907998666
24217.86014656343; -0.0446924675819; 0.0602132513031
24223.81110984214; -0.0398975985691; 0.0578185239105
24229.76353542863; -0.0357675548143; 0.0554056871279
24235.71742368217; -0.0321979418827; 0.0530262874669
24241.67277496213; -0.029094423768; 0.0507021698763
24247.62958962811; -0.0263919622879; 0.0484672419974
24253.58786803965; -0.0240308968037; 0.0463379487642
24259.54761055638; -0.0219597579054; 0.0443151330105
24265.50881753818; -0.0201307161069; 0.0423907946354
24271.47148934485; -0.0185134034732; 0.0405721670971
24277.43562633628; -0.0170773095022; 0.0388567030921
24283.40122887262; -0.0157986057221; 0.0372374590641
24289.36829731392; -0.0146512806961; 0.0357039307158
24295.33683202036; -0.0136223744415; 0.0342571360001
24301.30683335234; -0.0126962600249; 0.0328909346798
24307.27830167019; -0.011860458218; 0.0316019348558
24313.25123733433; -0.0111048761794; 0.0303834825663
24319.22564070545; -0.0104158234029; 0.0292276529946
24325.20151214413; -0.00978839695116; 0.0281286230018
24331.17885201107; -0.00921389427974; 0.0270875437771
24337.15766066721; -0.00868725649497; 0.0260952947455
24343.13793847341; -0.00820594609125; 0.0251547702541
24349.11968579068; -0.00776318034273; 0.0242623885715
24355.10290298007; -0.00735600427093; 0.0234152459255
24361.08759040287; -0.00697905538873; 0.0226089496269
24367.0737484203; -0.00663095090239; 0.0218430762301
24373.06137739367; -0.00630910747495; 0.0211104910345
24379.05047768453; -0.00600978276539; 0.0204105699377
24385.04104965439; -0.00573064038168; 0.0197415257534
24391.03309366481; -0.00547040357106; 0.0191012509559
24397.02661007762; -0.0052272273515; 0.0184867636414
24403.02159925457; -0.00499955346077; 0.0178973181687
24409.01806155752; -0.00478874893045; 0.0173315099475
24415.01599734854; -0.00458819352851; 0.0167871759642
24421.01540698967; -0.00440110454343; 0.0162639969449
24427.01629084301; -0.0042231024266; 0.0157603556634
24433.01864927091; -0.00405866550948; 0.015277209585
24439.02248263568; -0.00390060267262; 0.0148113340679
24445.02779129969; -0.00375446561596; 0.0143635316597
24451.03457562556; -0.00361510075014; 0.0139308980541
24457.04283597584; -0.00348401048206; 0.0135146759936
24463.05257271324; -0.00335971565093; 0.0131122895644
24469.0637862005; -0.00324140804046; 0.0127234466973
24475.07647680059; -0.00312952174193; 0.0123488953528
24481.09064487642; -0.00302329122164; 0.0119870305275
24487.106290791; -0.00292311204639; 0.0116376609397
24493.12341490757; -0.00282778656959; 0.0112990837232
24499.14201758933; -0.0027363207344; 0.0109710345015
24505.16209919952; -0.00264799770697; 0.0106540142329
24511.18366010168; -0.00256683401255; 0.0103457054927
24517.20670065926; -0.00248841707616; 0.0100468809937
24523.23122123578; -0.00241234128052; 0.00975696188677
24529.25722219503; -0.00234174483559; 0.00947589735049
24535.28470390073; -0.00227233844013; 0.00920372433889
24541.31366671669; -0.00220763639546; 0.00893768483139
24547.34411100696; -0.0021434235511; 0.00868105023969
24553.37603713552; -0.00208428806538; 0.00842940018488
24559.40944546644; -0.00202454561068; 0.00818575166318
24565.44433636405; -0.00197052614927; 0.007948786428
24571.48071019261; -0.00191758441407; 0.00771924351622
24577.51856731649; -0.00186569332278; 0.00749421023317
24583.55790810015; -0.00181718249967; 0.00727641788412
24589.59873290825; -0.00177014210107; 0.00706248925806
24595.64104210541; -0.00172493226238; 0.00685479318104
24601.68483605633; -0.00168261057871; 0.00665137651016
24607.73011512596; -0.00164044271396; 0.00645446713052
24613.77687967917; -0.00159896868213; 0.00626102541233
24619.82513008094; -0.00156161362575; 0.00607270829651
24625.87486669648; -0.00152361070508; 0.00588938675796
24631.92608989095; -0.00148673806469; 0.00571080717643
24637.97880002957; -0.00145150438425; 0.00553520227623
24644.03299747785; -0.00141962924494; 0.00536355330773
24650.08868260119; -0.00138420682135; 0.00519776433352
24656.1458557651; -0.00135278560188; 0.00503330001145
24662.20451733535; -0.00132309116388; 0.00487388243816
24668.26466767761; -0.001293536234; 0.00471740891064
24674.32630715767; -0.00126438060673; 0.00456504494399
24680.38943614155; -0.00123724838605; 0.00441613113429
24686.45405499521; -0.00121167172598; 0.00426969466537
24692.52016408469; -0.00118557206898; 0.00412693253782
24698.5877637763; -0.00115984368541; 0.00398668207129
24704.65685443626; -0.00113575805061; 0.00384856636546
24710.72743643093; -0.00111207138056; 0.00371460553443
24716.79951012673; -0.00109045505754; 0.0035834003964
24722.87307589031; -0.00106712567728; 0.00345462892037
24728.94813408826; -0.00104714344359; 0.00332733869778
24735.02468508726; -0.00102543038166; 0.00320291751553
24741.10272925423; -0.00100542557491; 0.00308217774435
24747.18226695603; -0.000985365651579; 0.00296346472863
24753.26329855961; -0.000965309896823; 0.00284725647036
24759.34582443216; -0.000947329916487; 0.00273246824703
24765.42984494082; -0.000930374597486; 0.0026194413165
24771.5153604528; -0.000912555115787; 0.00251081746462
24777.60237133556; -0.00089591750146; 0.00240235951841
24783.69087795652; -0.000878582069802; 0.00229532859964
24789.78088068315; -0.000862304221813; 0.00219025241352
24795.87237988319; -0.000847671249079; 0.0020886878591
24801.96537592432; -0.000831929239924; 0.00198781206758
24808.0598691743; -0.000815890969705; 0.00188866720516
24814.15586000113; -0.000801459763504; 0.00179254290535
24820.25334877275; -0.000788658530543; 0.00169839449472
24826.35233585725; -0.000773131411304; 0.00160418298782
24832.45282162276; -0.000758868783415; 0.00151181940074
24838.55480643764; -0.000746713430762; 0.00142294900849
24844.65829067019; -0.000733865904101; 0.00133291833913
24850.76327468881; -0.000721682839929; 0.00124669319244
24856.86975886214; -0.000709122187388; 0.00116112961489
24862.97774355876; -0.000697045714482; 0.00107691540949
24869.08722914733; -0.00068458243471; 0.000990748485033
24875.19821599677; -0.000674721069806; 0.000909393848375
24881.31070447591; -0.000661870134837; 0.000829489261655
24887.4246949537; -0.000650292530311; 0.000748869619843
24893.54018779933; -0.000641109038236; 0.000671189393848
24899.65718338191; -0.000630471335074; 0.000593915410102
24905.77568207066; -0.000620609167879; 0.000518135316956
24911.89568423502; -0.000610819501438; 0.000446411933549
24918.01719024439; -0.000600453832986; 0.0003702991029
24924.14020046825; -0.000590490213112; 0.000297679535287
24930.26471527634; -0.000580521381692; 0.000226163730916
24936.39073503831; -0.00057248678155; 0.000155276767506
24942.51826012397; -0.000562926114371; 8.48914504731e-05
24948.64729090318; -0.000554417601174; 1.81568061612e-05
24954.77782774601; -0.000546042767029; -4.91808078555e-05
24960.90987102249; -0.000537831913031; -0.000116866154688
24967.04342110276; -0.000528744314473; -0.000183064237774
24973.17847835716; -0.000520296053655; -0.000246205919429
24979.31504315601; -0.000512895402611; -0.000310350602372
24985.45311586968; -0.000505000626902; -0.000374654210793
24991.59269686883; -0.000498263973073; -0.000435147769749
24997.73378652402; -0.00049022348613; -0.000496270571602
25003.87638520592; -0.000483353287836; -0.000557183980462
25010.02049328544; -0.000475767793776; -0.000615986414799
25016.16611113343; -0.000469026905596; -0.000674170624198
25022.31323912082; -0.000462524083291; -0.000734500244053
25028.46187761879; -0.000454248901632; -0.000790770957643
25034.61202699847; -0.00044744259849; -0.000847765778201
25040.76368763108; -0.000439299024566; -0.000902869194652
25046.91685988806; -0.000432706112112; -0.000959206894293
25053.07154414082; -0.000425379146442; -0.00101293459318
25059.22774076083; -0.000418581892253; -0.00106807302265
25065.38545011983; -0.000411017541201; -0.00112284505296
25071.54467258949; -0.000405611809368; -0.00117650125058
25077.70540854162; -0.000400890970628; -0.00123069700678
25083.86765834806; -0.000395176332167; -0.00128385386282
25090.03142238093; -0.000390725046477; -0.0013359656491
25096.19670101224; -0.000387399348383; -0.00138526208767
25102.36349461412; -0.000384133347387; -0.00143505322203
25108.53180355895; -0.000379091192015; -0.00148536914206
25114.70162821903; -0.000375995148829; -0.00153282108081
25120.87296896676; -0.000370310562991; -0.00157868647712
25127.0458261748; -0.000366933157952; -0.00162698105214
25133.22020021571; -0.000362940874776; -0.0016724039255
25139.39609146218; -0.000359180194562; -0.00171988900533
25145.57350028712; -0.000355271888918; -0.0017652066405
25151.7524270634; -0.000350679433765; -0.00180937346442
25157.93287216395; -0.000344656791695; -0.00185301200544
25164.11483596199; -0.000341904062935; -0.00189774347164
25170.29831883063; -0.000337569612924; -0.00194133219592
25176.48332114311; -0.000333499205765; -0.00198308101634
25182.66984327288; -0.000329432456602; -0.00202615604793
25188.85788559337; -0.000324976056561; -0.00206842964331
25195.04744847812; -0.00032235009292; -0.00211044065804
25201.23853230072; -0.000318730914316; -0.0021511533512
25207.43113743501; -0.000314219940055; -0.00219128686143
25213.62526425476; -0.000311196999189; -0.00223086313075
25219.82091313385; -0.00030745720377; -0.00227224632178
25226.01808444638; -0.000304169687791; -0.00231075655201
25232.2167785664; -0.000300961277861; -0.0023512280728
25238.41699586805; -0.000296645831941; -0.00238888710098
25244.61873672574; -0.000294256184286; -0.00242709148868
25250.82200151377; -0.000289649615889; -0.00246359003062
25257.02679060657; -0.000286740545257; -0.00250271044606
25263.23310437881; -0.000283176555716; -0.00253930626905
25269.44094320508; -0.000280804529244; -0.00257590642164
25275.65030746008; -0.000277870802426; -0.00261224140194
25281.86119751875; -0.000273924382997; -0.00264850771486
25288.07361375597; -0.000271581706123; -0.00268375424878
25294.28755654671; -0.000268554533221; -0.0027192898453
25300.50302626619; -0.000265448038806; -0.00275443090765
25306.72002328956; -0.00026249123566; -0.00278893800446
25312.93854799213; -0.000259919060635; -0.00282374271004
25319.15860074922; -0.00025615910732; -0.00285870752876
25325.38018193642; -0.000253770406775; -0.00289154571031
25331.60329192927; -0.000252222946798; -0.00292440861126
25337.82793110338; -0.000248652992504; -0.00295769036518
25344.0540998346; -0.000246600718396; -0.0029907421312
25350.28179849874; -0.000243116679217; -0.00302162451193
25356.5110274717; -0.000241083601765; -0.00305499160802
25362.74178712961; -0.000238228343743; -0.00308708090169
25368.97407784855; -0.000236243919851; -0.00311845637715
25375.20790000469; -0.000232613200769; -0.00315031538646
25381.44325397445; -0.000231076724647; -0.00318104309944
25387.68014013418; -0.00022980863486; -0.00321093337125
25393.91855886034; -0.000226954241856; -0.00324179011932
25400.15851052961; -0.000223451904534; -0.00327067258414
25406.39999551863; -0.000221923251822; -0.00330090871246
25412.64301420412; -0.000218509818324; -0.00333047855495
25418.88756696307; -0.00021680467376; -0.00336014973113
25425.13365417236; -0.000216100516168; -0.00338928655832
25431.38127620902; -0.000211308435103; -0.00341774487262
25437.6304334503; -0.000211691904425; -0.00344794110195
25443.88112627337; -0.000208961838485; -0.00347536796729
25450.13335505557; -0.000207927842578; -0.00350288780504
25456.38712017428; -0.000204200862388; -0.00353201824361
25462.64242200712; -0.000202541941976; -0.00355891271874
25468.89926093164; -0.000200131860183; -0.00358640607965
25475.1576373255; -0.000199077579952; -0.00361269383525
25481.4175515666; -0.000196487624674; -0.00363912749732
25487.67900403278; -0.000194938219319; -0.00366783029717
25493.94199510197; -0.000193173117495; -0.00369389371403
25500.20652515234; -0.000190028048408; -0.00371880534306
25506.47259456201; -0.000188881386375; -0.00374600404492
25512.74020370919; -0.000188290924478; -0.00377042814715
25519.00935297235; -0.000185600610278; -0.00379625650097
25525.28004272986; -0.000183049936716; -0.00382183695071
25531.55227336023; -0.000182613377784; -0.00384812148289
25537.82604524218; -0.000179923648707; -0.0038722268974
25544.1013587544; -0.000178971460479; -0.00389674012671
25550.37821427565; -0.00017715125412; -0.0039156907308
25556.65661218494; -0.000175228338601; -0.00393750569608
25562.93655286123; -0.000173433940649; -0.00396079786411
25569.21803668362; -0.000172081093936; -0.0039877338153
25575.50106403124; -0.000170524478432; -0.00401195123968
25581.78563528349; -0.000168211223626; -0.0040384005683
25588.07175081969; -0.000168171352644; -0.00406514943073
25594.35941101926; -0.000165953238149; -0.0040890179529
25600.64861626187; -0.000163396496793; -0.00411308025402
25606.93936692712; -0.000161794079536; -0.00413701159268
25613.23166339471; -0.000161278076682; -0.0041593471027
25619.52550604459; -0.000159417160754; -0.00418203369112
25625.82089525665; -0.000158307514972; -0.0042045392257
25632.11783141087; -0.00015747329674; -0.00422641384982
25638.41631488747; -0.000156251755334; -0.00424829428743
25644.71634606662; -0.000154057946487; -0.00427003615683
25651.01792532857; -0.000152616803363; -0.0042918425567
25657.32105305384; -0.000150860473764; -0.00431418488455
25663.62572962288; -0.000149465713983; -0.00433554034793
25669.93195541622; -0.000148778263715; -0.00435808553486
25676.23973081465; -0.000147398717148; -0.00437931397113
25682.54905619889; -0.000145839196975; -0.00439851398707
25688.85993194983; -0.000145093435807; -0.00442075902949
25695.17235844837; -0.000143198908647; -0.00444185154256
25701.48633607568; -0.000141555405461; -0.00446132756934
25707.80186521285; -0.000141647126136; -0.00448289318197
25714.11894624109; -0.000140998897173; -0.00450275913928
25720.43757954183; -0.000138889670835; -0.00452315039321
25726.75776549647; -0.000138537939959; -0.00454317205526
25733.07950448647; -0.000135042958945; -0.00456335574015
25739.40279689356; -0.00013505104946; -0.0045820866988
25745.72764309941; -0.000134243339492; -0.00460218598826
25752.05404348576; -0.000133039100157; -0.00462163052324
25758.38199843463; -0.000130985472858; -0.00464139661942
25764.71150832797; -0.000130046040909; -0.00466031118361
25771.04257354781; -0.000129396711489; -0.00467996476714
25777.37519447643; -0.000126454840687; -0.00469766177921
25783.70937149607; -0.000128112842489; -0.00471762123327
25790.04510498905; -0.000126952977297; -0.00473609333541
25796.38239533794; -0.000125351441501; -0.00475492621311
25802.72124292524; -0.000124037086272; -0.00477367481207
25809.06164813361; -0.000123011746028; -0.00479263108251
25815.40361134574; -0.000122241473859; -0.00480976488636
25821.74713294459; -0.000120899601137; -0.00482715634494
25828.09221331304; -0.000119818075025; -0.00484591741785
25834.43885283406; -0.000118991724658; -0.00486542804828
25840.78705189088; -0.00011759567076; -0.00488243864063
25847.13681086668; -0.00011793151865; -0.00490167654904
25853.48813014471; -0.000115354450706; -0.00491826048352
25859.84101010847; -0.000114814676903; -0.00493621749837
25866.19545114144; -0.000114778562453; -0.00495177912711
25872.55145362713; -0.000112204157527; -0.00497012106848
25878.90901794936; -0.000112032583198; -0.00498734685074
25885.26814449185; -0.000112686433684; -0.00500293278074
25891.62883363843; -0.000110648371476; -0.00502116882401
25897.99108577317; -0.000109399346315; -0.00503911641317
25904.3549012801; -0.000107537318969; -0.00505633298582
25910.72028054331; -0.000108205658205; -0.0050703484062
25917.08722394718; -0.000106430943375; -0.0050887966816
25923.45573187599; -0.000104106833699; -0.00510616929869
25929.82580471414; -0.000105562837061; -0.0051218290914
25936.19744284628; -0.000107228072399; -0.00513880174609
25942.57064665698; -0.000103269527368; -0.00515366504631
25948.94541653098; -0.000102631914914; -0.00517029236969
25955.32175285304; -0.000102563373609; -0.00518615209477
25961.69965600819; -0.000101906723689; -0.00520110373622
25968.07912638139; -0.000101228448071; -0.00521875542387
25974.46016435769; -0.000101234686507; -0.00523409876962
25980.84277032239; -9.8184142401e-05; -0.00524871258698
25987.22694466075; -9.92031913485e-05; -0.00526518785254
25993.61268775809; -9.81528697149e-05; -0.00528098275497
26000; -9.70681965538e-05; -0.0052962720389
23000; 0.0141834449134
23005.65170310604; 0.0142160607062
23011.30479498367; 0.0142486008861
23016.95927597425; 0.0142812704966
23022.61514641909; 0.0143153008721
23028.27240665955; 0.0143485615961
23033.93105703725; 0.0143826422248
23039.59109789373; 0.0144173415823
23045.25252957062; 0.0144520259643
23050.91535240977; 0.0144885505502
23056.57956675299; 0.0145225986361
23062.24517294219; 0.0145579389886
23067.91217131935; 0.0145949448224
23073.58056222666; 0.0146313453561
23079.25034600626; 0.0146684127778
23084.92152300035; 0.0147056184696
23090.59409355139; 0.0147434585222
23096.26805800176; 0.0147806596965
23101.94341669393; 0.0148195227808
23107.62016997059; 0.0148588945713
23113.29831817439; 0.0148987247966
23118.97786164806; 0.0149396484315
23124.65880073453; 0.0149779742378
23130.3411357767; 0.0150184259575
23136.02486711754; 0.0150601451286
23141.70999510026; 0.0151032486647
23147.396520068; 0.0151436950474
23153.08444236399; 0.0151881642054
23158.77376233168; 0.0152310778988
23164.46448031448; 0.0152740226827
23170.1565966559; 0.0153177708787
23175.85011169952; 0.0153616868949
23181.54502578914; 0.0154075021428
23187.24133926847; 0.0154532149561
23192.93905248135; 0.0154976002676
23198.63816577182; 0.0155444882994
23204.33867948386; 0.0155935213128
23210.04059396156; 0.0156399894691
23215.7439095492; 0.0156880221493
23221.44862659104; 0.0157361899388
23227.15474543139; 0.0157858391922
23232.86226641482; 0.0158344494319
23238.57118988582; 0.0158854328328
23244.28151618897; 0.0159371921118
23249.99324566907; 0.0159876450698
23255.70637867088; 0.016039324457
23261.42091553923; 0.0160931750084
23267.13685661918; 0.0161464049255
23272.85420225574; 0.0161989433622
23278.57295279399; 0.0162534236318
23284.29310857926; 0.0163099960489
23290.0146699568; 0.0163657611304
23295.73763727199; 0.016422569918
23301.46201087028; 0.0164792687157
23307.18779109731; 0.0165375136667
23312.91497829869; 0.0165988723256
23318.64357282009; 0.0166565112459
23324.37357500743; 0.0167178015769
23330.10498520656; 0.0167795014837
23335.83780376341; 0.0168422823262
23341.57203102416; 0.0169071764236
23347.30766733491; 0.0169709698956
23353.04471304185; 0.0170382705776
23358.78316849141; 0.0171035255953
23364.52303402995; 0.0171702239056
23370.26431000391; 0.0172393295997
23376.00699675997; 0.0173087712082
23381.75109464475; 0.01737877272
23387.49660400496; 0.0174500137865
23393.24352518753; 0.017523015919
23398.99185853932; 0.0175956360184
23404.74160440735; 0.0176711012959
23410.49276313867; 0.0177482470378
23416.24533508054; 0.0178248444784
23421.99932058018; 0.0179043615805
23427.75471998489; 0.0179826655573
23433.5115336422; 0.0180644187873
23439.26976189958; 0.0181449993846
23445.02940510459; 0.0182301352244
23450.790463605; 0.0183139758079
23456.55293774857; 0.0184001785216
23462.31682788308; 0.0184872711019
23468.08213435659; 0.0185764642191
23473.84885751707; 0.0186678777624
23479.61699771261; 0.018759890841
23485.38655529149; 0.018853854041
23491.15753060195; 0.0189497378881
23496.92992399233; 0.0190468612795
23502.70373581118; 0.0191471505228
23508.47896640699; 0.0192467612932
23514.2556161284; 0.0193499238021
23520.03368532407; 0.0194549220453
23525.8131743429; 0.0195607319281
23531.59408353373; 0.0196724358466
23537.37641324549; 0.0197811481835
23543.16016382734; 0.0198905875914
23548.94533562836; 0.0199973422408
23554.73192899775; 0.0201104021146
23560.51994428491; 0.0202269264496
23566.3093818392; 0.0203466847075
23572.10024201006; 0.0204697631913
23577.89252514716; 0.0205967064576
23583.68623160011; 0.0207247813166
23589.48136171861; 0.0208557464918
23595.27791585259; 0.0209896499717
23601.07589435192; 0.0211272302075
23606.87529756655; 0.0212652333667
23612.67612584667; 0.0214082531908
23618.47837954241; 0.0215525681228
23624.28205900398; 0.0217023420938
23630.08716458183; 0.021853727154
23635.89369662633; 0.0220080850989
23641.70165548802; 0.0221658658149
23647.51104151746; 0.0223265755316
23653.32185506542; 0.0224944324835
23659.13409648264; 0.022664548774
23664.94776611993; 0.0228384902735
23670.76286432835; 0.0230151348724
23676.57939145889; 0.023199773425
23682.39734786261; 0.0233856116006
23688.21673389083; 0.0235777377267
23694.03754989479; 0.0237731241151
23699.85979622583; 0.0239746255128
23705.68347323551; 0.024182120156
23711.50858127534; 0.0243945686341
23717.33512069692; 0.0246136387045
23723.16309185206; 0.0248376613202
23728.99249509253; 0.025067490399
23734.8233307702; 0.0253062272504
23740.65559923713; 0.0255509739765
23746.48930084536; 0.0258017717977
23752.32443594704; 0.0260590355803
23758.16100489438; 0.026325388183
23763.99900803981; 0.0266001804642
23769.83844573569; 0.0268817224759
23775.67931833449; 0.0271748421571
23781.52162618889; 0.0274747697631
23787.36536965153; 0.0277852982842
23793.21054907513; 0.0281069791197
23799.05716481263; 0.028436826085
23804.90521721692; 0.0287795263018
23810.754706641; 0.0291330070509
23816.60563343806; 0.0294990066725
23822.45799796125; 0.0298789016501
23828.31180056382; 0.0302710727504
23834.16704159923; 0.0306764896908
23840.02372142091; 0.0310964163671
23845.88184038234; 0.0315322344825
23851.74139883726; 0.0319848117044
23857.60239713934; 0.0324568582258
23863.4648356424; 0.0329457527097
23869.32871470026; 0.0334548418078
23875.19403466703; 0.033986580251
23881.06079589671; 0.0345392344083
23886.92899874342; 0.0351142850092
23892.79864356148; 0.0357173160435
23898.6697307052; 0.0363473488443
23904.54226052893; 0.0370088692617
23910.41623338727; 0.0376971790872
23916.29164963478; 0.0384221264377
23922.16850962607; 0.039182798868
23928.04681371601; 0.0399841791613
23933.92656225941; 0.0408205979606
23939.80775561115; 0.0417081795061
23945.69039412637; 0.0426390623099
23951.57447816013; 0.0436227907076
23957.46000806757; 0.0446632592954
23963.3469842041; 0.0457669855648
23969.23540692503; 0.0469358854966
23975.12527658578; 0.0481798214024
23981.01659354199; 0.0495029661426
23986.90935814927; 0.0509122848528
23992.80357076333; 0.052415365943
23998.69923173994; 0.0540248901287
24004.5963414351; 0.0557467429697
24010.49490020474; 0.0576046082802
24016.39490840489; 0.0595984070834
24022.29636639182; 0.0617517761721
24028.19927452172; 0.0640693748433
24034.10363315089; 0.0665828723945
24040.00944263584; 0.0693114778856
24045.91670333305; 0.0722844186776
24051.82541559907; 0.0755195439582
24057.73557979067; 0.0790548799553
24063.6471962646; 0.0829259623258
24069.56026537765; 0.0871572565012
24075.47478748689; 0.0917902387728
24081.3907629493; 0.0968500121339
24087.30819212196; 0.102369410947
24093.22707536219; 0.108347499586
24099.14741302723; 0.11477235863
24105.06920547448; 0.121553056172
24110.99245306136; 0.128556123148
24116.91715614555; 0.135525749255
24122.84331508464; 0.142076513417
24128.77093023633; 0.147685566585
24134.70000195855; 0.151756755312
24140.63053060916; 0.153736301262
24146.56251654612; 0.153266112789
24152.49596012762; 0.150296643155
24158.4308617118; 0.145152302406
24164.36722165687; 0.138392896852
24170.3050403213; 0.130642457663
24176.24431806347; 0.122465004922
24182.18505524187; 0.114303742107
24188.12725221523; 0.10644172561
24194.0709093422; 0.0990449128522
24200.01602698152; 0.0922079759706
24205.9626054922; 0.085924524276
24211.91064523315; 0.0801938122908
24217.86014656343; 0.0749870141495
24223.81110984214; 0.0702481322084
24229.76353542863; 0.0659477682981
24235.71742368217; 0.0620362363785
24241.67277496213; 0.0584567833921
24247.62958962811; 0.0551870385167
24253.58786803965; 0.0521985583791
24259.54761055638; 0.049457678686
24265.50881753818; 0.0469278723234
24271.47148934485; 0.0445964892241
24277.43562633628; 0.0424438202218
24283.40122887262; 0.0404502694714
24289.36829731392; 0.0385931431033
24295.33683202036; 0.0368662508584
24301.30683335234; 0.0352563271305
24307.27830167019; 0.0337542998116
24313.25123733433; 0.0323492548263
24319.22564070545; 0.0310281336327
24325.20151214413; 0.0297830849116
24331.17885201107; 0.0286117261918
24337.15766066721; 0.0275033240402
24343.13793847341; 0.0264594032017
24349.11968579068; 0.0254741136887
24355.10290298007; 0.0245435233939
24361.08759040287; 0.0236616106246
24367.0737484203; 0.0228273846304
24373.06137739367; 0.0220331039313
24379.05047768453; 0.02127695594
24385.04104965439; 0.0205564607424
24391.03309366481; 0.0198691495367
24397.02661007762; 0.019211567758
24403.02159925457; 0.0185825060861
24409.01806155752; 0.0179809163665
24415.01599734854; 0.0174028962161
24421.01540698967; 0.0168489559862
24427.01629084301; 0.0163163539047
24433.01864927091; 0.0158071470677
24439.02248263568; 0.0153163415371
24445.02779129969; 0.0148461124137
24451.03457562556; 0.0143923199668
24457.04283597584; 0.0139565323864
24463.05257271324; 0.013535871855
24469.0637862005; 0.0131298447037
24475.07647680059; 0.0127392748132
24481.09064487642; 0.0123624103911
24487.106290791; 0.0119991556446
24493.12341490757; 0.0116475606831
24499.14201758933; 0.011307123825
24505.16209919952; 0.0109781560898
24511.18366010168; 0.0106593742306
24517.20670065926; 0.0103504607263
24523.23122123578; 0.0100507559772
24529.25722219503; 0.00976096304019
24535.28470390073; 0.0094800877471
24541.31366671669; 0.00920629505284
24547.34411100696; 0.00894175026398
24553.37603713552; 0.00868326230264
24559.40944546644; 0.00843239676611
24565.44433636405; 0.00818939429891
24571.48071019261; 0.00795385758282
24577.51856731649; 0.00772295271212
24583.55790810015; 0.00749989396335
24589.59873290825; 0.0072809448273
24595.64104210541; 0.007068492121
24601.68483605633; 0.00686090284434
24607.73011512596; 0.0066596695291
24613.77687967917; 0.00646197648249
24619.82513008094; 0.0062702809483
24625.87486669648; 0.00608327756768
24631.92608989095; 0.00590116163813
24637.97880002957; 0.00572235346831
24644.03299747785; 0.00554824758622
24650.08868260119; 0.0053789202068
24656.1458557651; 0.0052119226673
24662.20451733535; 0.00505027724476
24668.26466767761; 0.0048915419674
24674.32630715767; 0.00473690760511
24680.38943614155; 0.00458617463296
24686.45405499521; 0.00443829256664
24692.52016408469; 0.00429385063812
24698.5877637763; 0.00415197197873
24704.65685443626; 0.00401265615507
24710.72743643093; 0.00387749881133
24716.79951012673; 0.00374564422142
24722.87307589031; 0.00361569055487
24728.94813408826; 0.00348822192545
24735.02468508726; 0.00336306230672
24741.10272925423; 0.0032420210108
24747.18226695603; 0.00312299034023
24753.26329855961; 0.00300644185124
24759.34582443216; 0.00289202639886
24765.42984494082; 0.00277976072752
24771.5153604528; 0.00267150915776
24777.60237133556; 0.00256398116708
24783.69087795652; 0.00245773062676
24789.78088068315; 0.00235388491773
24795.87237988319; 0.00225414363324
24801.96537592432; 0.0021548789006
24808.0598691743; 0.00205736284751
24814.15586000113; 0.00196355489357
24820.25334877275; 0.0018725720647
24826.35233585725; 0.0017807681594
24832.45282162276; 0.00169159088757
24838.55480643764; 0.00160697381075
24844.65829067019; 0.00152158813875
24850.76327468881; 0.00144051033926
24856.86975886214; 0.00136054263411
24862.97774355876; 0.00128281702798
24869.08722914733; 0.00120425731076
24875.19821599677; 0.00113236288066
24881.31070447591; 0.00106119013875
24887.4246949537; 0.000991809499099
24893.54018779933; 0.000928178862785
24899.65718338191; 0.000866157964061
24905.77568207066; 0.000808467652991
24911.89568423502; 0.000756560690065
24918.01719024439; 0.000705454627283
24924.14020046825; 0.000661280422748
24930.26471527634; 0.000623020952925
24936.39073503831; 0.000593171130094
24942.51826012397; 0.000569291110597
24948.64729090318; 0.000554714833136
24954.77782774601; 0.000548253094187
24960.90987102249; 0.000550382471365
24967.04342110276; 0.000559538260747
24973.17847835716; 0.000575608667596
24979.31504315601; 0.00059948243545
24985.45311586968; 0.00062880156714
24991.59269686883; 0.000661528962617
24997.73378652402; 0.000697569743174
25003.87638520592; 0.000737620762279
25010.02049328544; 0.000778327859459
25016.16611113343; 0.000821274782703
25022.31323912082; 0.000867997198232
25028.46187761879; 0.00091195436952
25034.61202699847; 0.000958598817875
25040.76368763108; 0.00100406992567
25046.91685988806; 0.0010522891454
25053.07154414082; 0.00109862819383
25059.22774076083; 0.00114716641436
25065.38545011983; 0.00119570750275
25071.54467258949; 0.00124445816824
25077.70540854162; 0.00129434488944
25083.86765834806; 0.00134329634653
25090.03142238093; 0.00139193041403
25096.19670101224; 0.00143841207818
25102.36349461412; 0.00148557604269
25108.53180355895; 0.00153298128496
25114.70162821903; 0.00157826259466
25120.87296896676; 0.00162153658797
25127.0458261748; 0.00166784510264
25133.22020021571; 0.00171133309692
25139.39609146218; 0.00175699419545
25145.57350028712; 0.00180060339851
25151.7524270634; 0.00184304324393
25157.93287216395; 0.00188479224223
25164.11483596199; 0.00192829683203
25170.29831883063; 0.00197046287417
25176.48332114311; 0.00201092815327
25182.66984327288; 0.00205276254692
25188.85788559337; 0.00209380291018
25195.04744847812; 0.0021349167088
25201.23853230072; 0.00217463793219
25207.43113743501; 0.00221370103668
25213.62526425476; 0.00225246395763
25219.82091313385; 0.00229295296049
25226.01808444638; 0.00233068982098
25232.2167785664; 0.0023704115974
25238.41699586805; 0.00240723499701
25244.61873672574; 0.00244486396277
25250.82200151377; 0.00248055895696
25257.02679060657; 0.0025190831104
25263.23310437881; 0.002555047023
25269.44094320508; 0.00259116674043
25275.65030746008; 0.00262697874465
25281.86119751875; 0.00266263547698
25288.07361375597; 0.00269746056337
25294.28755654671; 0.00273251876482
25300.50302626619; 0.00276719213036
25306.72002328956; 0.00280126343665
25312.93854799213; 0.0028356799556
25319.15860074922; 0.0028701613584
25325.38018193642; 0.00290266016167
25331.60329192927; 0.00293526525897
25337.82793110338; 0.00296812408888
25344.0540998346; 0.00300089160245
25350.28179849874; 0.00303138918827
25356.5110274717; 0.00306448935846
25362.74178712961; 0.00309625923291
25368.97407784855; 0.00312739210299
25375.20790000469; 0.00315889156751
25381.44325397445; 0.00318942497218
25387.68014013418; 0.0032191466452
25393.91855886034; 0.00324972481999
25400.15851052961; 0.00327829679961
25406.39999551863; 0.0033083603579
25412.64301420412; 0.00333763897774
25418.88756696307; 0.00336713683746
25425.13365417236; 0.00339616884261
25431.38127620902; 0.00342427091059
25437.6304334503; 0.00345443357222
25443.88112627337; 0.00348164437558
25450.13335505557; 0.00350905357075
25456.38712017428; 0.00353791617558
25462.64242200712; 0.00356467151052
25468.89926093164; 0.00359198570844
25475.1576373255; 0.003618174765
25481.4175515666; 0.0036444281209
25487.67900403278; 0.0036730069423
25493.94199510197; 0.00369894128419
25500.20652515234; 0.00372365732026
25506.47259456201; 0.00375076292009
25512.74020370919; 0.00377512673762
25519.00935297235; 0.00380079083977
25525.28004272986; 0.00382621810109
25531.55227336023; 0.00385245202342
25537.82604524218; 0.00387640473432
25544.1013587544; 0.00390084790767
25550.37821427565; 0.00391969596603
25556.65661218494; 0.00394140280576
25562.93655286123; 0.00396459317612
25569.21803668362; 0.00399144496198
25575.50106403124; 0.00401557360128
25581.78563528349; 0.00404190229543
25588.07175081969; 0.0040686264879
25594.35941101926; 0.00409238418241
25600.64861626187; 0.00411632452452
25606.93936692712; 0.00414017418017
25613.23166339471; 0.00416247269526
25619.52550604459; 0.00418507104179
25625.82089525665; 0.00420751843368
25632.11783141087; 0.00422934650616
25638.41631488747; 0.00425116677674
25644.71634606662; 0.00427281436895
25651.01792532857; 0.00429455520632
25657.32105305384; 0.00431682175919
25663.62572962288; 0.00433811596297
25669.93195541622; 0.00436062432467
25676.23973081465; 0.0043817938381
25682.54905619889; 0.00440093107942
25688.85993194983; 0.00442313943957
25695.17235844837; 0.00444415920659
25701.48633607568; 0.00446357274095
25707.80186521285; 0.00448513045398
25714.11894624109; 0.00450496621023
25720.43757954183; 0.00452528229178
25726.75776549647; 0.00454528382882
25733.07950448647; 0.00456535345969
25739.40279689356; 0.00458407649383
25745.72764309941; 0.00460414347569
25752.05404348576; 0.00462354497064
25758.38199843463; 0.00464324453081
25764.71150832797; 0.00466212529871
25771.04257354781; 0.00468175327528
25777.37519447643; 0.00469936346951
25783.70937149607; 0.00471936044407
25790.04510498905; 0.00473779454389
25796.38239533794; 0.00475657821086
25802.72124292524; 0.00477528600297
25809.06164813361; 0.00479420948465
25815.40361134574; 0.00481131803563
25821.74713294459; 0.0048286701163
25828.09221331304; 0.00484739847668
25834.43885283406; 0.00486688289602
25840.78705189088; 0.0048838546069
25847.13681086668; 0.00490309502606
25853.48813014471; 0.00491961307758
25859.84101010847; 0.00493755259225
25866.19545114144; 0.00495310918939
25872.55145362713; 0.00497138745305
25878.90901794936; 0.00498860500634
25885.26814449185; 0.00500420169867
25891.62883363843; 0.00502238782068
25897.99108577317; 0.00504030380458
25904.3549012801; 0.00505747640019
25910.72028054331; 0.00507150287634
25917.08722394718; 0.00508990954854
25923.45573187599; 0.00510723047646
25929.82580471414; 0.00512291682092
25936.19744284628; 0.00513992035397
25942.57064665698; 0.00515469960374
25948.94541653098; 0.00517131090712
25955.32175285304; 0.00518716616234
25961.69965600819; 0.00520210198432
25968.07912638139; 0.00521973709806
25974.46016435769; 0.00523507768728
25980.84277032239; 0.00524963083908
25987.22694466075; 0.00526612233011
25993.61268775809; 0.0052818948157
26000; 0.00529716147996
