% Module: Sweep, ID: c0p1t8p1cfm0
% Devices: DEV646
% Time: 2026/01/19 13:57:14
% Demod 1 Sample X, /dev646/demods/0/sample.X
% Demod 1 Sample Y, /dev646/demods/0/sample.Y
% Frequency (Hz); Demod 1 Sample X  Amplitude (V); Demod 1 Sample Y  Amplitude (V)
22500; -0.00034222369253; -0.0136392882248
22507.01402805611; -0.000346627947022; -0.0136693207515
22514.02805611222; -0.000350019826135; -0.0136983655824
22521.04208416834; -0.000354578774143; -0.0137291415757
22528.05611222445; -0.000359149178231; -0.0137589423963
22535.07014028056; -0.000364327904336; -0.0137897355069
22542.08416833667; -0.000367805882706; -0.0138210635942
22549.09819639278; -0.000372849837496; -0.0138522575847
22556.1122244489; -0.000377930235225; -0.0138834417003
22563.12625250501; -0.00038257285795; -0.0139163115365
22570.14028056112; -0.000386507870389; -0.0139482781653
22577.15430861724; -0.000392649579862; -0.0139798078769
22584.16833667335; -0.000396610096962; -0.0140148559968
22591.18236472946; -0.00040206698349; -0.0140473519824
22598.19639278557; -0.000407715605708; -0.0140799179739
22605.21042084168; -0.000413375184852; -0.0141141824173
22612.2244488978; -0.000417631930182; -0.0141483244047
22619.23847695391; -0.000423105436034; -0.0141837997305
22626.25250501002; -0.00043019807269; -0.0142186611455
22633.26653306613; -0.000434668843512; -0.0142553451076
22640.28056112224; -0.000439592082903; -0.0142899429714
22647.29458917836; -0.00044661280514; -0.0143256035197
22654.30861723447; -0.000452506201937; -0.0143626426099
22661.32264529058; -0.000458789570197; -0.0143997504797
22668.33667334669; -0.000465603236468; -0.0144359825396
22675.35070140281; -0.000470159484188; -0.0144748025605
22682.36472945892; -0.000478180003586; -0.0145127632746
22689.37875751503; -0.000484095680737; -0.0145504157316
22696.39278557114; -0.000489801390286; -0.0145900701033
22703.40681362725; -0.000497117067938; -0.0146289320161
22710.42084168337; -0.000503966171874; -0.0146688074573
22717.43486973948; -0.000512001358481; -0.0147101223634
22724.44889779559; -0.000520443156638; -0.0147501648126
22731.46292585171; -0.000527990789342; -0.0147916544231
22738.47695390782; -0.000535894532752; -0.0148348384317
22745.49098196393; -0.000543607285537; -0.0148768703133
22752.50501002004; -0.000549608785825; -0.014919476721
22759.51903807615; -0.00055681577654; -0.0149609259883
22766.53306613227; -0.000564377087342; -0.0150050399236
22773.54709418838; -0.000571563815584; -0.0150487805454
22780.56112224449; -0.000580349012708; -0.0150932052591
22787.5751503006; -0.00058805088341; -0.0151377996551
22794.58917835671; -0.000597094930298; -0.0151842431022
22801.60320641283; -0.000607126204958; -0.0152311582879
22808.61723446894; -0.00061508126054; -0.0152771695534
22815.63126252505; -0.000623821327309; -0.0153240184005
22822.64529058116; -0.000631804045545; -0.0153728806071
22829.65931863727; -0.000641967165088; -0.0154225616153
22836.67334669339; -0.000650956089813; -0.0154715661209
22843.6873747495; -0.00066186120815; -0.0155217267642
22850.70140280561; -0.000671861562531; -0.0155734464828
22857.71543086172; -0.000683086995487; -0.0156239078125
22864.72945891783; -0.000693117556037; -0.015676064542
22871.74348697395; -0.000704265791235; -0.0157286078294
22878.75751503006; -0.000715268253189; -0.0157827304773
22885.77154308617; -0.000726261414319; -0.0158360722051
22892.78557114229; -0.000738342504915; -0.0158908789469
22899.7995991984; -0.000749556845061; -0.0159455119123
22906.81362725451; -0.000762231378245; -0.0160015053753
22913.82765531062; -0.000773946497735; -0.0160591166988
22920.84168336673; -0.000785522404112; -0.0161169451711
22927.85571142285; -0.000799470506417; -0.0161767607226
22934.86973947896; -0.000812361458676; -0.0162353114922
22941.88376753507; -0.000824746360934; -0.0162955472356
22948.89779559118; -0.000839866917043; -0.0163556629561
22955.91182364729; -0.000853508833124; -0.0164183892839
22962.92585170341; -0.000868973929358; -0.0164808861332
22969.93987975952; -0.000884346914092; -0.0165452456786
22976.95390781563; -0.000897440354829; -0.0166092617228
22983.96793587174; -0.000913910277198; -0.016676011104
22990.98196392786; -0.000929370038997; -0.0167437345626
22997.99599198397; -0.000946943227023; -0.0168105232566
23005.01002004008; -0.000963072437285; -0.0168792519586
23012.02404809619; -0.0009804045778; -0.0169507101393
23019.0380761523; -0.000998949640002; -0.0170200806979
23026.05210420842; -0.00101656301034; -0.0170929397826
23033.06613226453; -0.00103645874705; -0.0171665849415
23040.08016032064; -0.00105407752841; -0.0172398161836
23047.09418837675; -0.00107466619141; -0.017315138005
23054.10821643287; -0.00109337762923; -0.0173928338005
23061.12224448898; -0.00111439148243; -0.0174708947441
23068.13627254509; -0.00113755809765; -0.0175504941344
23075.1503006012; -0.00115796098363; -0.0176310803637
23082.16432865732; -0.00118110172682; -0.0177139034135
23089.17835671343; -0.00120379703785; -0.0177978723299
23096.19238476954; -0.00122737225703; -0.0178825091301
23103.20641282565; -0.00125064643258; -0.0179689172971
23110.22044088176; -0.00127763605961; -0.0180557160113
23117.23446893788; -0.00130313257397; -0.018145573707
23124.24849699399; -0.00132905512679; -0.0182358057182
23131.2625250501; -0.00135678384384; -0.0183297497468
23138.27655310621; -0.00138490089241; -0.0184237174424
23145.29058116232; -0.00141306176334; -0.0185189308538
23152.30460921844; -0.00144467654142; -0.0186165662698
23159.31863727455; -0.00147311835201; -0.0187166971638
23166.33266533066; -0.00150600568014; -0.0188186083276
23173.34669338677; -0.00153833553396; -0.0189231006347
23180.36072144288; -0.00157230365419; -0.0190270378783
23187.374749499; -0.00160709173767; -0.0191340028084
23194.38877755511; -0.00164331153835; -0.0192442277794
23201.40280561122; -0.00167953728636; -0.0193551370469
23208.41683366734; -0.0017184866962; -0.0194702258891
23215.43086172345; -0.00175810611594; -0.0195853165048
23222.44488977956; -0.00179726428297; -0.0197056360334
23229.45891783567; -0.00184011560062; -0.0198251698158
23236.47294589178; -0.00188408655112; -0.0199488241194
23243.4869739479; -0.00192879334482; -0.0200757025736
23250.50100200401; -0.00197561768008; -0.0202041399906
23257.51503006012; -0.0020236919623; -0.0203346396857
23264.52905811623; -0.00207349215502; -0.0204698962617
23271.54308617234; -0.00212555120955; -0.0206070089702
23278.55711422846; -0.0021798526355; -0.0207465187535
23285.57114228457; -0.00223594019631; -0.0208897331561
23292.58517034068; -0.00229324754204; -0.0210369566856
23299.59919839679; -0.00235322225009; -0.0211864168668
23306.6132264529; -0.00241415803776; -0.0213388251856
23313.62725450902; -0.00248016038157; -0.0214963912316
23320.64128256513; -0.00254663456814; -0.0216556755933
23327.65531062124; -0.00261617259927; -0.0218202553423
23334.66933867735; -0.00268954334968; -0.021988252435
23341.68336673347; -0.0027660248568; -0.0221599041931
23348.69739478958; -0.00284345614; -0.0223354083007
23355.71142284569; -0.0029230142335; -0.0225184058248
23362.7254509018; -0.00300911436464; -0.0227026869249
23369.73947895792; -0.00309828805229; -0.022891635307
23376.75350701403; -0.00319149225539; -0.0230869678396
23383.76753507014; -0.00328846423166; -0.0232851787378
23390.78156312625; -0.00338902056742; -0.0234877917376
23397.79559118237; -0.00349402771015; -0.0236983626097
23404.80961923848; -0.00360396782474; -0.0239117030428
23411.82364729459; -0.00372040159209; -0.0241327717025
23418.8376753507; -0.00384002741544; -0.0243586708711
23425.85170340681; -0.00396647514192; -0.0245897927674
23432.86573146293; -0.00409956244919; -0.0248275945642
23439.87975951904; -0.00423838879976; -0.0250735837945
23446.89378757515; -0.00438284670691; -0.0253247075762
23453.90781563126; -0.00453662764712; -0.0255823914967
23460.92184368737; -0.00469772673304; -0.025848572049
23467.93587174349; -0.00486579146068; -0.0261197392756
23474.9498997996; -0.00504172965992; -0.0264009457373
23481.96392785571; -0.00523003084967; -0.0266897943556
23488.97795591183; -0.00542707635853; -0.0269844862881
23495.99198396794; -0.00563511038009; -0.0272888498906
23503.00601202405; -0.00585350940261; -0.0276040446266
23510.02004008016; -0.00608370201867; -0.0279266182277
23517.03406813627; -0.00633008532539; -0.0282584659704
23524.04809619239; -0.00658976767362; -0.0286000636251
23531.0621242485; -0.00686324246489; -0.0289542544356
23538.07615230461; -0.00715383537455; -0.0293161574415
23545.09018036072; -0.00746189324703; -0.0296885426293
23552.10420841683; -0.00779071666177; -0.0300733533861
23559.11823647295; -0.00813961251507; -0.0304683125725
23566.13226452906; -0.00850898662655; -0.0308748704379
23573.14629258517; -0.00890509260822; -0.0312920053598
23580.16032064128; -0.00932613122222; -0.0317218710567
23587.17434869739; -0.00977510070012; -0.0321629190242
23594.18837675351; -0.0102552196428; -0.0326157502076
23601.20240480962; -0.0107698135677; -0.0330788454462
23608.21643286573; -0.0113185750209; -0.0335538571163
23615.23046092184; -0.0119066787213; -0.0340372293032
23622.24448897795; -0.0125368118537; -0.034528920097
23629.25851703407; -0.0132161327167; -0.0350294211645
23636.27254509018; -0.0139420050587; -0.035535887132
23643.28657314629; -0.0147220900549; -0.0360433839192
23650.30060120241; -0.0155624325272; -0.0365560494883
23657.31462925852; -0.0164670571315; -0.0370701911308
23664.32865731463; -0.0174418797023; -0.0375813108921
23671.34268537074; -0.0184915904322; -0.038086918122
23678.35671342685; -0.019623909753; -0.0385774340592
23685.37074148297; -0.0208464846341; -0.0390519809396
23692.38476953908; -0.0221657761345; -0.0395007690822
23699.39879759519; -0.0235836331825; -0.039909421739
23706.4128256513; -0.0251144059946; -0.040269977068
23713.42685370742; -0.0267568820722; -0.0405701408402
23720.44088176353; -0.0285227679384; -0.040793648135
23727.45490981964; -0.0304113638708; -0.040921063155
23734.46893787575; -0.0324308241648; -0.0409313386826
23741.48296593186; -0.0345779740105; -0.0408041740506
23748.49699398798; -0.0368498744441; -0.0405047459366
23755.51102204409; -0.039238921895; -0.0400088312236
23762.5250501002; -0.0417251158698; -0.0392804120347
23769.53907815631; -0.044288573786; -0.0382842438962
23776.55310621242; -0.0468985646573; -0.0369908748472
23783.56713426854; -0.0495115541073; -0.0353681290761
23790.58116232465; -0.0520789463451; -0.0333941532511
23797.59519038076; -0.0545380342354; -0.0310534273412
23804.60921843688; -0.0568227715211; -0.0283433596147
23811.62324649299; -0.0588551311928; -0.02527807035
23818.6372745491; -0.0605633571129; -0.0218902668026
23825.65130260521; -0.0618789938241; -0.018234199467
23832.66533066132; -0.0627448629303; -0.0143800980938
23839.67935871744; -0.0631225792065; -0.0104106503823
23846.69338677355; -0.0629963430195; -0.00642001583781
23853.70741482966; -0.0623731080683; -0.00250499046055
23860.72144288577; -0.0612829110217; 0.00124676419982
23867.73547094188; -0.0597792661872; 0.00475739584677
23874.749498998; -0.0579212788368; 0.00796962127318
23881.76352705411; -0.0557810800432; 0.0108414333502
23888.77755511022; -0.053431340959; 0.0133503905586
23895.79158316633; -0.0509461307058; 0.0154948663468
23902.80561122244; -0.0483884536933; 0.01728421848
23909.81963927856; -0.0458142183583; 0.0187388246394
23916.83366733467; -0.0432700754535; 0.0198861864839
23923.84769539078; -0.040784163943; 0.0207574777516
23930.86172344689; -0.0383857459039; 0.0213843183242
23937.875751503; -0.0360927353768; 0.021800266326
23944.88977955912; -0.0339183828516; 0.0220361093899
23951.90380761523; -0.0318691551422; 0.0221203991888
23958.91783567134; -0.0299426244519; 0.0220789422694
23965.93186372746; -0.0281370329367; 0.0219301352319
23972.94589178357; -0.0264504255374; 0.0216937364548
23979.95991983968; -0.0248793119774; 0.0213902171927
23986.97394789579; -0.0234187764915; 0.0210336450464
23993.9879759519; -0.0220618252345; 0.0206350536955
24001.00200400802; -0.0208022112207; 0.0202067391105
24008.01603206413; -0.019635075249; 0.0197549874384
24015.03006012024; -0.0185498650293; 0.0192857639786
24022.04408817635; -0.0175414004583; 0.0188048787729
24029.05811623246; -0.0166045529998; 0.0183189646576
24036.07214428858; -0.0157336398631; 0.0178291067919
24043.08617234469; -0.0149220156122; 0.017340325346
24050.1002004008; -0.0141668389711; 0.0168536907499
24057.11422845691; -0.0134626343507; 0.0163726453724
24064.12825651303; -0.0128074853235; 0.0158976601831
24071.14228456914; -0.0121938822317; 0.0154302044517
24078.15631262525; -0.0116238305995; 0.0149747669819
24085.17034068136; -0.0110890206045; 0.0145268655467
24092.18436873747; -0.0105889173681; 0.0140887151765
24099.19839679359; -0.0101208843195; 0.0136602920787
24106.2124248497; -0.00968057395124; 0.0132443502873
24113.22645290581; -0.00926739014863; 0.0128361217098
24120.24048096193; -0.00888015479747; 0.012439419195
24127.25450901804; -0.00851488026478; 0.0120547985743
24134.26853707415; -0.00817183809192; 0.0116763928736
24141.28256513026; -0.00784611745312; 0.0113087548857
24148.29659318637; -0.00754009077628; 0.0109538304125
24155.31062124249; -0.00724985516337; 0.010605838759
24162.3246492986; -0.00697852478113; 0.0102675038249
24169.33867735471; -0.00671976246331; 0.00993798780688
24176.35270541082; -0.00647488715826; 0.00961940396463
24183.36673346693; -0.00624261912687; 0.00930863982717
24190.38076152305; -0.00602281218736; 0.00900549271893
24197.39478957916; -0.00581337453657; 0.0087107806866
24204.40881763527; -0.00561542067133; 0.00842550843895
24211.42284569138; -0.00542589581629; 0.00814762160263
24218.43687374749; -0.00524699924669; 0.00787783359665
24225.45090180361; -0.00507708866333; 0.00761464439376
24232.46492985972; -0.00491468985355; 0.00735947553722
24239.47895791583; -0.00475984119064; 0.0071087440112
24246.49298597195; -0.00461281487738; 0.00686687724952
24253.50701402805; -0.00447237071022; 0.00663183534402
24260.52104208417; -0.00433770150217; 0.00640109174229
24267.53507014028; -0.00420958210191; 0.00617830633479
24274.54909819639; -0.00408741166706; 0.00596029278115
24281.56312625251; -0.00396852853947; 0.005747919608
24288.57715430862; -0.00385848025499; 0.00554093047902
24295.59118236473; -0.00375035550538; 0.00533837072503
24302.60521042084; -0.00364755053683; 0.00514171849213
24309.61923847695; -0.0035484734657; 0.00494886034204
24316.63326653307; -0.00345502156531; 0.00476102050693
24323.64729458918; -0.00336302668226; 0.00457793639097
24330.66132264529; -0.00327527462414; 0.00440002476147
24337.6753507014; -0.00318983305392; 0.00422494231275
24344.68937875751; -0.0031107029654; 0.00405556581401
24351.70340681363; -0.00303230735354; 0.00388938443444
24358.71743486974; -0.00295721438612; 0.00372575383304
24365.73146292585; -0.00288547951338; 0.00356613447796
24372.74549098196; -0.00281628856925; 0.00341101552736
24379.75951903807; -0.00274987105975; 0.00325803713939
24386.77354709419; -0.00268446423049; 0.00311042576699
24393.7875751503; -0.00262159085664; 0.00296336913256
24400.80160320641; -0.00256200148668; 0.00282082633977
24407.81563126253; -0.00250401026571; 0.00268071878642
24414.82965931864; -0.00244805915593; 0.00254350847015
24421.84368737475; -0.00239310493181; 0.00240994739859
24428.85771543086; -0.00234041824994; 0.00227923435996
24435.87174348698; -0.00229059553904; 0.00215066850847
24442.88577154309; -0.00224258714284; 0.00202596556753
24449.8997995992; -0.00219374618765; 0.00190027524018
24456.91382765531; -0.00214807668868; 0.00178048876416
24463.92785571142; -0.00210448160499; 0.00166093976934
24470.94188376754; -0.00206132391999; 0.00154427687913
24477.95591182365; -0.00201855173754; 0.00143041374761
24484.96993987976; -0.00197877818983; 0.00131856072414
24491.98396793587; -0.00193871028805; 0.0012103026742
24498.99799599198; -0.00190090406225; 0.00110150087392
24506.0120240481; -0.0018635218692; 0.000996833370392
24513.02605210421; -0.00182698747138; 0.000892851450291
24520.04008016032; -0.00179354995487; 0.000790782892231
24527.05410821643; -0.00175968940727; 0.000691217082772
24534.06813627254; -0.0017257363527; 0.000592691534752
24541.08216432866; -0.00169466367619; 0.000496298568464
24548.09619238477; -0.00166429776669; 0.000400411304322
24555.11022044088; -0.00163337291487; 0.000309003588056
24562.124248497; -0.00160333667564; 0.00021769790411
24569.13827655311; -0.00157679774048; 0.000127682228838
24576.15230460922; -0.00154704403807; 3.97040258821e-05
24583.16633266533; -0.00152005344269; -4.77547960815e-05
24590.18036072144; -0.00149509371386; -0.000132362688406
24597.19438877756; -0.00146828534896; -0.000217638786218
24604.20841683367; -0.00144429414494; -0.000298994880936
24611.22244488978; -0.00141982296398; -0.000380470377957
24618.23647294589; -0.00139643027615; -0.000459722448968
24625.250501002; -0.00137241386273; -0.000538861831843
24632.26452905812; -0.00135158208896; -0.000615948843579
24639.27855711423; -0.0013275044786; -0.000693382547836
24646.29258517034; -0.00130684322424; -0.000766347911654
24653.30661322645; -0.00128569626801; -0.000839923612633
24660.32064128256; -0.00126601748161; -0.000913475483701
24667.33466933868; -0.00124686869285; -0.000984664534259
24674.34869739479; -0.00122696276243; -0.00105390521589
24681.3627254509; -0.00120946857335; -0.00112417414131
24688.37675350701; -0.00119049285548; -0.00119176826607
24695.39078156312; -0.00117149588491; -0.0012591465782
24702.40480961924; -0.00115539665766; -0.00132606357422
24709.41883767535; -0.00113702719643; -0.00139092408016
24716.43286573146; -0.00112111806555; -0.00145392253387
24723.44689378758; -0.00110448554747; -0.00151750702191
24730.46092184369; -0.00108773330696; -0.0015801745916
24737.4749498998; -0.00107144775963; -0.00164301669793
24744.48897795591; -0.00105669844665; -0.00170200839225
24751.50300601203; -0.00104154936969; -0.0017611000192
24758.51703406814; -0.00102711583492; -0.00181981424284
24765.53106212425; -0.00101204544424; -0.00187964015648
24772.54509018036; -0.000999243380536; -0.00193537098298
24779.55911823647; -0.000983991003537; -0.00199174040369
24786.57314629258; -0.000971475829077; -0.00204749847463
24793.5871743487; -0.000957798787753; -0.0021036442091
24800.60120240481; -0.000945826585869; -0.00215705637499
24807.61523046092; -0.000933618817858; -0.00221044478705
24814.62925851703; -0.000921134801132; -0.0022635297097
24821.64328657315; -0.000909490689874; -0.00231630319672
24828.65731462926; -0.000897189486328; -0.00236601473486
24835.67134268537; -0.000886226687269; -0.0024172171143
24842.68537074148; -0.000874212340141; -0.00246798964927
24849.69939879759; -0.000863407255513; -0.00251660313112
24856.71342685371; -0.000852500085729; -0.00256530241596
24863.72745490982; -0.000841351343046; -0.00261374664425
24870.74148296593; -0.000831774138479; -0.00266116950838
24877.75551102205; -0.000821555516096; -0.00270943602159
24884.76953907816; -0.000811980442917; -0.00275510434857
24891.78356713427; -0.00080055878237; -0.00280144387696
24898.79759519038; -0.000791692965384; -0.00284505883622
24905.81162324649; -0.000781637142229; -0.00289101764474
24912.82565130261; -0.000772680702383; -0.00293532042698
24919.83967935872; -0.000762757470545; -0.00297990332102
24926.85370741483; -0.000755668024629; -0.00302166951777
24933.86773547094; -0.000745609899018; -0.00306326359756
24940.88176352705; -0.000737181835279; -0.00310683483729
24947.89579158317; -0.000729996619671; -0.00314789570582
24954.90981963928; -0.000720885929145; -0.00318867368644
24961.92384769539; -0.000712571462961; -0.00322996142336
24968.9378757515; -0.00070442735022; -0.00326995873028
24975.95190380761; -0.000697286766184; -0.00331100928874
24982.96593186373; -0.000689226858272; -0.00334853005613
24989.97995991984; -0.000681501548902; -0.00338894140884
24996.99398797595; -0.00067484263172; -0.0034281945269
25004.00801603206; -0.000667378657199; -0.00346459280948
25011.02204408817; -0.000659407696651; -0.00350216294016
25018.03607214429; -0.000651484856914; -0.00354096913643
25025.0501002004; -0.000646418553641; -0.0035757960895
25032.06412825651; -0.000639660913732; -0.00361361563548
25039.07815631263; -0.000632646274974; -0.00364935677765
25046.09218436874; -0.00062467794298; -0.00368538337016
25053.10621242485; -0.000618940137309; -0.00372109320144
25060.12024048096; -0.000611875870702; -0.0037551704778
25067.13426853707; -0.000605189721272; -0.00379000633722
25074.14829659319; -0.000599864519998; -0.00382494635252
25081.1623246493; -0.000593299214019; -0.0038578323315
25088.17635270541; -0.000587495381103; -0.00388957191631
25095.19038076152; -0.000581589295193; -0.00392411867567
25102.20440881763; -0.000576154009845; -0.00395697962142
25109.21843687375; -0.000569653143015; -0.00399015262788
25116.23246492986; -0.000564732484437; -0.00402090628186
25123.24649298597; -0.000557936150729; -0.0040533008119
25130.26052104208; -0.000553559439168; -0.00408508632435
25137.2745490982; -0.000549170799847; -0.00411732548146
25144.28857715431; -0.000542461717866; -0.00414788595996
25151.30260521042; -0.000537542886458; -0.00417775922207
25158.31663326654; -0.0005334082334; -0.00420797455089
25165.33066132265; -0.000529045795692; -0.00423924247657
25172.34468937876; -0.000523945668213; -0.00426866632968
25179.35871743487; -0.000517274625473; -0.00429748009366
25186.37274549098; -0.000511262654237; -0.00432740999689
25193.3867735471; -0.000509207293139; -0.00435713290707
25200.40080160321; -0.00050294905682; -0.00438498294907
25207.41482965932; -0.000498660359582; -0.00441249401551
25214.42885771543; -0.000494417509667; -0.00444106097671
25221.44288577154; -0.000489382810447; -0.00447059162668
25228.45691382766; -0.000485045696635; -0.00449594111549
25235.47094188377; -0.000480527235034; -0.00452418475657
25242.48496993988; -0.000477634212492; -0.00455156756893
25249.49899799599; -0.000472540381704; -0.00457847973116
25256.5130260521; -0.000468670263062; -0.00460536776772
25263.52705410822; -0.000464419717204; -0.0046313865588
25270.54108216433; -0.000460393983441; -0.00465699610704
25277.55511022044; -0.000455800751233; -0.00468441541716
25284.56913827655; -0.000452504477582; -0.00471045139596
25291.58316633266; -0.000448025389328; -0.00473492687401
25298.59719438878; -0.000443998472884; -0.00475992150592
25305.61122244489; -0.000441454898474; -0.00478582267536
25312.625250501; -0.000437140455638; -0.00481069058397
25319.63927855712; -0.000432487306019; -0.00483472024297
25326.65330661323; -0.000429680599428; -0.00485817673665
25333.66733466934; -0.000427116276941; -0.00488420167287
25340.68136272545; -0.000422021521318; -0.00490830306403
25347.69539078156; -0.000418310079613; -0.00493151688506
25354.70941883768; -0.000414216982136; -0.00495663329208
25361.72344689379; -0.000412085667625; -0.00498010901574
25368.7374749499; -0.000408335337557; -0.00500262577214
25375.75150300601; -0.00040488482541; -0.00502632584703
25382.76553106212; -0.000401668088273; -0.00504885368654
25389.77955911824; -0.00039986911647; -0.00507289208828
25396.79358717435; -0.00039549858797; -0.00509475301962
25403.80761523046; -0.000393002975611; -0.00511737763795
25410.82164328657; -0.000389656218398; -0.00513902222418
25417.83567134268; -0.000386163144527; -0.00516117920298
25424.8496993988; -0.000383350552627; -0.00518447824119
25431.86372745491; -0.000379337595252; -0.0052056061042
25438.87775551102; -0.00037782357773; -0.00522735658907
25445.89178356713; -0.000375116315808; -0.00524699252432
25452.90581162325; -0.000371519181045; -0.00526897568157
25459.91983967936; -0.000368285549956; -0.00529090116457
25466.93386773547; -0.000364600742881; -0.0053112107913
25473.94789579159; -0.000363010224058; -0.00533220169641
25480.9619238477; -0.000361310425527; -0.00535345828629
25487.97595190381; -0.000357807894061; -0.00537467094913
25494.98997995992; -0.000355118230503; -0.0053943302425
25502.00400801603; -0.000351992843389; -0.00541441679976
25509.01803607214; -0.00035018165117; -0.00543392655128
25516.03206412826; -0.000348354603962; -0.00545390874107
25523.04609218437; -0.000345347825477; -0.00547336905011
25530.06012024048; -0.000341879050337; -0.00549451750008
25537.07414829659; -0.000340327500438; -0.00551252549217
25544.08817635271; -0.000336900395879; -0.00553252639214
25551.10220440882; -0.000334179671309; -0.00555205125383
25558.11623246493; -0.00033204519863; -0.00557010205406
25565.13026052104; -0.000330889873996; -0.00559054621924
25572.14428857715; -0.000327252127011; -0.00560917669208
25579.15831663327; -0.000325773810967; -0.00562776307464
25586.17234468938; -0.000323108374283; -0.00564545208025
25593.18637274549; -0.000320692829793; -0.00566529398925
25600.2004008016; -0.000318658555675; -0.00568204054996
25607.21442885771; -0.00031769184412; -0.00570071754767
25614.22845691383; -0.000315104975601; -0.00571792383901
25621.24248496994; -0.000312192962654; -0.0057372447497
25628.25651302605; -0.000310554054856; -0.00575584048083
25635.27054108217; -0.000307911120938; -0.00577213197239
25642.28456913828; -0.00030634132769; -0.00578986497714
25649.29859719439; -0.000303209326365; -0.00580697940065
25656.3126252505; -0.000301862482984; -0.00582510018494
25663.32665330661; -0.000299093588993; -0.00584331655803
25670.34068136273; -0.000296955528115; -0.00585920136568
25677.35470941884; -0.0002968231888; -0.00587731303874
25684.36873747495; -0.000294616905511; -0.00589388316986
25691.38276553106; -0.000292185449591; -0.00591024348841
25698.39679358717; -0.000289143591738; -0.00592711157884
25705.41082164329; -0.000287940011279; -0.00594487830511
25712.4248496994; -0.000287230960964; -0.00596056400163
25719.43887775551; -0.000284090736319; -0.00597661333586
25726.45290581162; -0.000282889519357; -0.00599461273265
25733.46693386773; -0.000279908292154; -0.00601057984773
25740.48096192385; -0.00027884885768; -0.00602646307264
25747.49498997996; -0.000277091738838; -0.00604202655953
25754.50901803607; -0.000276326062677; -0.00605774954091
25761.52304609218; -0.0002746395239; -0.00607389921107
25768.5370741483; -0.000272675969337; -0.00609015704825
25775.55110220441; -0.000270450905376; -0.0061059649692
25782.56513026052; -0.000268748348997; -0.00612204138587
25789.57915831663; -0.000267218304425; -0.00613624620692
25796.59318637275; -0.000266090562629; -0.00615194912412
25803.60721442886; -0.000265273005893; -0.00616722611451
25810.62124248497; -0.000263373310141; -0.00618247895909
25817.63527054108; -0.000260510895206; -0.00619733868212
25824.64929859719; -0.000259972797071; -0.00621255058104
25831.66332665331; -0.000259007202057; -0.00622790989153
25838.67735470942; -0.000256047167757; -0.0062430133846
25845.69138276553; -0.000255204118668; -0.0062573729821
25852.70541082164; -0.000255162066169; -0.00627299834909
25859.71943887776; -0.000251708171079; -0.00628626276127
25866.73346693387; -0.000251715013299; -0.00630078367035
25873.74749498998; -0.000248840085914; -0.00631488411138
25880.76152304609; -0.000246974257633; -0.00633130333697
25887.7755511022; -0.000246703509448; -0.00634607902885
25894.78957915832; -0.000245321678449; -0.00635984522752
25901.80360721443; -0.000243232271104; -0.00637207539598
25908.81763527054; -0.000242345763178; -0.00638737386994
25915.83166332665; -0.000240788744328; -0.00640105357301
25922.84569138276; -0.000239945317298; -0.0064158025451
25929.85971943888; -0.000236780683896; -0.00642955039412
25936.87374749499; -0.000235660236232; -0.00644315006885
25943.8877755511; -0.00023547086665; -0.00645701695256
25950.90180360722; -0.000233630101187; -0.00647115240023
25957.91583166333; -0.000233455965726; -0.00648482713238
25964.92985971944; -0.00023192538607; -0.00649700667481
25971.94388777555; -0.000230735388479; -0.00651017621764
25978.95791583166; -0.000228868168406; -0.0065241716722
25985.97194388778; -0.000228462071926; -0.00653838568815
25992.98597194389; -0.000226271908929; -0.00655022351059
26000; -0.000225707516933; -0.00656362040742
