% Module: Sweep, ID: c0p1t8p1cfm0
% Devices: DEV646
% Time: 2026/02/02 11:50:48
% Demod 1 Sample X, /dev646/demods/0/sample.X
% Demod 1 Sample Y, /dev646/demods/0/sample.Y
% Frequency (Hz); Demod 1 Sample X  Amplitude (V); Demod 1 Sample Y  Amplitude (V)
23139.20990076176; -0.000619493260129; -0.00910432411005
23143.61707002317; -0.000625842512208; -0.00913721531577
23148.02423928458; -0.00063191384523; -0.00916984755039
23152.43140854599; -0.000637785386083; -0.00920353847563
23156.8385778074; -0.000642320532183; -0.00923734558931
23161.24574706881; -0.000649173892404; -0.00927161317673
23165.65291633023; -0.000655625174175; -0.00930480320342
23170.06008559163; -0.000660992165572; -0.00934102929243
23174.46725485304; -0.00066798208321; -0.00937585883359
23178.87442411446; -0.000674425926567; -0.0094111898914
23183.28159337586; -0.000680493408457; -0.00944802297864
23187.68876263728; -0.000687058575474; -0.00948499444409
23192.09593189869; -0.000694294750716; -0.00952171673883
23196.5031011601; -0.000701999898135; -0.00955915901387
23200.91027042151; -0.000709642745431; -0.00959748597727
23205.31743968292; -0.000715749631732; -0.00963682533956
23209.72460894433; -0.000723100946545; -0.0096763056134
23214.13177820574; -0.000731306110894; -0.0097178686863
23218.53894746715; -0.000740736437711; -0.009761765113
23222.94611672856; -0.000750838582919; -0.0098117847907
23227.35328598997; -0.0007563489486; -0.00985487959107
23231.76045525138; -0.000763739280664; -0.00989874188813
23236.16762451279; -0.000773271219937; -0.00994067186836
23240.5747937742; -0.000780263534686; -0.00998480075531
23244.98196303561; -0.000790853011411; -0.0100275447941
23249.38913229702; -0.000799383731037; -0.0100736644876
23253.79630155843; -0.000808262267875; -0.0101174753201
23258.20347081984; -0.000818646478199; -0.0101642294339
23262.61064008125; -0.00082687695668; -0.0102106773288
23267.01780934266; -0.000836965320151; -0.0102576583973
23271.42497860407; -0.000847552209146; -0.0103061746616
23275.83214786548; -0.000857774871849; -0.0103549405533
23280.2393171269; -0.000868699094367; -0.0104044765829
23284.6464863883; -0.000880127106254; -0.0104553024782
23289.05365564972; -0.000891195836611; -0.0105058201592
23293.46082491113; -0.000902049566273; -0.0105588340917
23297.86799417254; -0.000914097218034; -0.0106107043053
23302.27516343395; -0.000926699194425; -0.0106642486816
23306.68233269536; -0.000940420852388; -0.0107169365762
23311.08950195677; -0.00095182387284; -0.0107726898241
23315.49667121818; -0.000965072427029; -0.0108293008497
23319.90384047959; -0.00097862965133; -0.0108864788942
23324.311009741; -0.000991463044266; -0.0109448597622
23328.71817900241; -0.0010053055125; -0.0110035049947
23333.12534826382; -0.00102108819429; -0.0110637592288
23337.53251752523; -0.00103615608437; -0.0111247843316
23341.93968678664; -0.00104945059914; -0.0111871458041
23346.34685604805; -0.00106657099978; -0.0112489236992
23350.75402530946; -0.0010831180849; -0.0113123982115
23355.16119457087; -0.00109974436423; -0.0113763946718
23359.56836383228; -0.0011156783661; -0.0114426366905
23363.97553309369; -0.00113393970516; -0.0115104725535
23368.3827023551; -0.00115200710305; -0.0115800622644
23372.78987161651; -0.0011707051342; -0.0116492590492
23377.19704087792; -0.00118903284928; -0.0117199438364
23381.60421013934; -0.00120935601378; -0.0117919347746
23386.01137940074; -0.00122840070089; -0.0118652338044
23390.41854866216; -0.00125094878472; -0.0119385983369
23394.82571792357; -0.00127224152818; -0.0120146824084
23399.23288718497; -0.00129345835333; -0.0120934905755
23403.64005644639; -0.00131703586643; -0.0121718154476
23408.0472257078; -0.00133928077845; -0.0122521697263
23412.45439496921; -0.00136377836212; -0.0123340185179
23416.86156423062; -0.00138862499686; -0.0124183628692
23421.26873349203; -0.00141493526572; -0.0125018569079
23425.67590275344; -0.00144196172068; -0.012589904971
23430.08307201485; -0.00146970639507; -0.0126786435892
23434.49024127626; -0.00149885847178; -0.0127700196405
23438.89741053767; -0.00152734544588; -0.0128614872039
23443.30457979908; -0.00155698510126; -0.0129570598551
23447.71174906049; -0.00158838563717; -0.013053519882
23452.1189183219; -0.00161982984532; -0.0131529021511
23456.52608758331; -0.00165361919897; -0.0132526384019
23460.93325684472; -0.00168777956032; -0.013356584035
23465.34042610613; -0.00172364840921; -0.0134615361199
23469.74759536754; -0.00176109555786; -0.0135690779789
23474.15476462895; -0.00179931802354; -0.0136783426661
23478.56193389036; -0.00183905065323; -0.013790747887
23482.96910315178; -0.00188122773661; -0.0139062563796
23487.37627241318; -0.00192387949733; -0.014024005818
23491.78344167459; -0.00196822991969; -0.0141453548865
23496.19061093601; -0.00201509306864; -0.0142677935939
23500.59778019741; -0.0020633629799; -0.0143938299142
23505.00494945883; -0.00211374148796; -0.0145220857952
23509.41211872024; -0.00216569855648; -0.014654192873
23513.81928798165; -0.00222016350914; -0.0147904902488
23518.22645724306; -0.00227805353401; -0.0149294147134
23522.63362650447; -0.00233836831014; -0.0150708812155
23527.04079576588; -0.00240142442729; -0.0152169556618
23531.44796502729; -0.002469901018; -0.0153633021914
23535.8551342887; -0.00253534418634; -0.015516666713
23540.26230355011; -0.00260749227562; -0.0156497179021
23544.66947281152; -0.00268137888864; -0.0158065340496
23549.07664207293; -0.00275714378702; -0.01596907829
23553.48381133434; -0.00283640661704; -0.0161341889761
23557.89098059575; -0.00291619448872; -0.0163045175569
23562.29814985716; -0.0029993058187; -0.0164805897703
23566.70531911857; -0.00308319595882; -0.0166646987574
23571.11248837998; -0.00317130511937; -0.0168545564515
23575.51965764139; -0.00326563856351; -0.0170498657816
23579.9268269028; -0.00336483530153; -0.0172524547858
23584.33399616422; -0.00347085566603; -0.0174603717946
23588.74116542562; -0.00358361713808; -0.0176743523463
23593.14833468703; -0.0037012955963; -0.0178948767188
23597.55550394845; -0.00382595857901; -0.0181222333211
23601.96267320985; -0.00395820464993; -0.0183566580708
23606.36984247127; -0.00409776509275; -0.0185967773717
23610.77701173268; -0.0042452791764; -0.0188460786082
23615.18418099409; -0.0044050683349; -0.0191116150113
23619.5913502555; -0.00456924432831; -0.0193787656077
23623.99851951691; -0.00474076531836; -0.0196530426495
23628.40568877832; -0.00492446514998; -0.019932747666
23632.81285803973; -0.00511881205083; -0.0202221684743
23637.22002730114; -0.0053255488305; -0.0205198806746
23641.62719656255; -0.0055463287882; -0.0208278509713
23646.03436582396; -0.00577969064593; -0.0211440541066
23650.44153508537; -0.00602808292436; -0.0214671384624
23654.84870434678; -0.00629242795794; -0.0218009851239
23659.25587360819; -0.00657378481045; -0.0221484189331
23663.6630428696; -0.00687959333904; -0.0225123675476
23668.07021213101; -0.0071990437173; -0.0228878431207
23672.47738139242; -0.00754312130646; -0.0232738369361
23676.88455065383; -0.00791078140558; -0.0236699496719
23681.29171991524; -0.00830610614279; -0.0240741377995
23685.69888917665; -0.00873187327395; -0.0244916530076
23690.10605843806; -0.00918634031611; -0.0249200578887
23694.51322769947; -0.00967716527663; -0.0253607967013
23698.92039696089; -0.0102063245249; -0.0258106704701
23703.32756622229; -0.0107763150228; -0.0262727008361
23707.73473548371; -0.0113921422003; -0.0267447686694
23712.14190474512; -0.0120590328352; -0.027225414911
23716.54907400653; -0.012776417368; -0.0277115349711
23720.95624326794; -0.0135558104416; -0.0282006773388
23725.36341252935; -0.0144012103239; -0.0286914594923
23729.77058179076; -0.0153191121425; -0.0291851310042
23734.17775105217; -0.0163153591915; -0.0296751516284
23738.58492031358; -0.0173951589908; -0.030146499108
23742.99208957499; -0.0185664980781; -0.0306016990927
23747.3992588364; -0.0198427462208; -0.0310270503404
23751.80642809781; -0.021227915278; -0.0314109637902
23756.21359735922; -0.0227280857193; -0.031739523711
23760.62076662063; -0.0243559234151; -0.0320057462636
23765.02793588204; -0.0261172426297; -0.0321827046892
23769.43510514345; -0.0280078677643; -0.0322390236515
23773.84227440486; -0.0300322956096; -0.032162515001
23778.24944366627; -0.0321983003319; -0.0318916144651
23782.65661292768; -0.0344827623141; -0.0314351262269
23787.06378218909; -0.0368772475833; -0.0307407311285
23791.4709514505; -0.0393542309297; -0.0297580925839
23795.87812071191; -0.0418715231708; -0.0284625651538
23800.28528997333; -0.0443831045586; -0.0268096001305
23804.69245923473; -0.0468298086927; -0.0247781649124
23809.09962849614; -0.0491334426043; -0.022356990934
23813.50679775756; -0.0512060368145; -0.0195537855504
23817.91396701897; -0.05297567644; -0.0163956582243
23822.32113628038; -0.0543372498571; -0.0129166123676
23826.72830554179; -0.0552426954231; -0.00920431480483
23831.1354748032; -0.0556360144296; -0.00537586742094
23835.54264406461; -0.0554871974937; -0.00153137680131
23839.94981332602; -0.0548271224344; 0.00222852530212
23844.35698258743; -0.0536647088631; 0.00581138669984
23848.76415184884; -0.0520740661693; 0.00910669964069
23853.17132111025; -0.050141907008; 0.012063026765
23857.57849037166; -0.0479531800433; 0.0146483760098
23861.98565963307; -0.0455897139836; 0.016839707033
23866.39282889448; -0.0431324651395; 0.018644148341
23870.79999815589; -0.0406391740563; 0.0200938451403
23875.2071674173; -0.0381746186604; 0.0212131046444
23879.61433667871; -0.0357758982468; 0.022036851586
23884.02150594012; -0.0334694895425; 0.0226098338099
23888.42867520153; -0.0312808064721; 0.0229641164814
23892.83584446294; -0.0292238795797; 0.0231403131319
23897.24301372435; -0.0272970766111; 0.0231822301272
23901.65018298577; -0.0254976184181; 0.0230760580846
23906.05735224718; -0.0238277888013; 0.0228727010182
23910.46452150858; -0.0222846944617; 0.022598107204
23914.87169077; -0.0208576050066; 0.0222657522347
23919.27886003141; -0.0195390858272; 0.021882332804
23923.68602929282; -0.0183266273258; 0.021466020395
23928.09319855423; -0.017209616625; 0.021025666459
23932.50036781564; -0.0161785686808; 0.0205665852259
23936.90753707705; -0.0152299236527; 0.0200980593641
23941.31470633846; -0.0143534288428; 0.0196238411904
23945.72187559987; -0.01354448305; 0.0191522939568
23950.12904486128; -0.0127983490429; 0.0186803005707
23954.53621412269; -0.0121090308422; 0.0182136494663
23958.9433833841; -0.011467123876; 0.0177539434135
23963.35055264551; -0.0108720332091; 0.0173036694177
23967.75772190692; -0.010322034492; 0.01686110578
23972.16489116833; -0.00981140551073; 0.0164314814463
23976.57206042974; -0.00933603190625; 0.016010425281
23980.97922969115; -0.00889227506123; 0.0155998814579
23985.38639895256; -0.00847809475238; 0.0151992846674
23989.79356821397; -0.0080930697289; 0.0148115082395
23994.20073747538; -0.00773203904303; 0.0144337444057
23998.60790673679; -0.00739600787287; 0.0140670372958
24003.0150759982; -0.00708106964638; 0.0137109827628
24007.42224525962; -0.00678539851696; 0.0133662564092
24011.82941452102; -0.00650892578324; 0.0130319117051
24016.23658378244; -0.00625295730139; 0.0127016023834
24020.64375304385; -0.00600735762341; 0.0123770994493
24025.05092230526; -0.00577661284655; 0.0120717632676
24029.45809156667; -0.00555561102913; 0.0117748045113
24033.86526082808; -0.00534992726815; 0.0114902057594
24038.27243008949; -0.0051558046252; 0.0112138214554
24042.6795993509; -0.00497253706801; 0.0109445752495
24047.08676861231; -0.00479954517682; 0.0106849716603
24051.49393787372; -0.00463468934675; 0.0104304388
24055.90110713513; -0.00447963599606; 0.0101863918569
24060.30827639654; -0.00433267730899; 0.00994784446192
24064.71544565795; -0.00419067191631; 0.00971469686972
24069.12261491936; -0.00405737300901; 0.00949068594437
24073.52978418077; -0.00392992192475; 0.00927140133308
24077.93695344218; -0.00380956859599; 0.00906089457819
24082.34412270359; -0.00369521099201; 0.00885439973637
24086.751291965; -0.00358625121664; 0.00865433772413
24091.15846122641; -0.00348247909557; 0.00845878294536
24095.56563048782; -0.00338300762277; 0.00826871532264
24099.97279974923; -0.00328918035403; 0.00808414983032
24104.37996901064; -0.00319665993985; 0.00790444944252
24108.78713827206; -0.00311289608907; 0.00774379140226
24113.19430753346; -0.00302910341565; 0.00758476914204
24117.60147679488; -0.0029489345295; 0.00741896901584
24122.00864605629; -0.00287273216363; 0.00725657063958
24126.4158153177; -0.00279746809957; 0.00709898272806
24130.82298457911; -0.0027277377466; 0.00694480015776
24135.23015384052; -0.00265983022251; 0.00679548002495
24139.63732310193; -0.00259640316535; 0.00664951259976
24144.04449236334; -0.00253419711929; 0.00650628720484
24148.45166162475; -0.00247479060986; 0.00636785640528
24152.85883088616; -0.0024186859688; 0.00623328901935
24157.26600014757; -0.00236534292528; 0.00609492858317
24161.67316940898; -0.00231108809693; 0.00596250261352
24166.08033867039; -0.00225834653064; 0.00583505672019
24170.4875079318; -0.00220956545968; 0.00571088617876
24174.89467719321; -0.00216188872638; 0.0055900753303
24179.30184645462; -0.0021152386114; 0.00547326718946
24183.70901571603; -0.00207313728833; 0.00535831381495
24188.11618497744; -0.00202889839673; 0.00524555181474
24192.52335423885; -0.0019884948739; 0.00513597290735
24196.93052350026; -0.00194778457375; 0.00502823906962
24201.33769276167; -0.00190868673453; 0.00492355319915
24205.74486202308; -0.00187155267691; 0.00481910469661
24210.1520312845; -0.00183782323957; 0.00471912932614
24214.5592005459; -0.00180198764139; 0.00462119072929
24218.96636980732; -0.00176871102284; 0.00452350674847
24223.37353906873; -0.00173683493467; 0.00442853985203
24227.78070833013; -0.00170550331698; 0.0043357336283
24232.18787759155; -0.00167380744415; 0.00424508348421
24236.59504685296; -0.00164486920797; 0.00415571034987
24241.00221611437; -0.00161623118086; 0.00406892590068
24245.40938537578; -0.00158923253007; 0.00398428142375
24249.81655463719; -0.00156185587548; 0.00390015737712
24254.2237238986; -0.0015359078495; 0.00381682284972
24258.63089316001; -0.00151078683114; 0.00373673083176
24263.03806242142; -0.00148589864765; 0.00365585590096
24267.44523168283; -0.00146217716264; 0.00357937650558
24271.85240094424; -0.00143876030837; 0.00350298384282
24276.25957020565; -0.00141686074706; 0.00342870833446
24280.66673946706; -0.00139472397359; 0.00335514989637
24285.07390872847; -0.00137329872915; 0.00328330799193
24289.48107798988; -0.00135280950396; 0.00321219237805
24293.88824725129; -0.00133355286274; 0.00314226927987
24298.2954165127; -0.00131346137832; 0.00307349689839
24302.70258577411; -0.00129441948394; 0.00300582661939
24307.10975503552; -0.00127640994488; 0.0029396684585
24311.51692429694; -0.00125772389182; 0.00287463441648
24315.92409355834; -0.00124100061541; 0.00281135356888
24320.33126281975; -0.00122300329775; 0.00274822826142
24324.73843208117; -0.00120607924408; 0.00268778190787
24329.14560134257; -0.00118893288861; 0.00262508773098
24333.55277060399; -0.00117482644983; 0.00256657184861
24337.9599398654; -0.00115906277893; 0.00250771857995
24342.36710912681; -0.00114301807024; 0.0024501700379
24346.77427838822; -0.00112932816427; 0.00239256491819
24351.18144764963; -0.00111398261528; 0.00233676377893
24355.58861691104; -0.00110250312273; 0.00228334827099
24359.99578617245; -0.0010885445443; 0.00223052946198
24364.40295543386; -0.00107427901547; 0.0021750902979
24368.81012469527; -0.0010613891835; 0.00212275976434
24373.21729395668; -0.00104861079958; 0.00207163396965
24377.62446321809; -0.00103678681218; 0.002020602506
24382.0316324795; -0.00102474652014; 0.00197042662515
24386.43880174091; -0.00101216637713; 0.00191999013087
24390.84597100232; -0.00100157821951; 0.00188782916761
24395.25314026373; -0.000989954580972; 0.0018398960911
24399.66030952514; -0.000977884817356; 0.00179336687316
24404.06747878655; -0.000967012402426; 0.00174518566364
24408.47464804796; -0.000957554944528; 0.00170053942013
24412.88181730938; -0.000946643175573; 0.00165463715208
24417.28898657078; -0.000936479029093; 0.00161072337906
24421.69615583219; -0.000927900388549; 0.00156553272144
24426.10332509361; -0.00091787025322; 0.00152306710392
24430.51049435501; -0.000908688585117; 0.00147991838432
24434.91766361643; -0.000898743501698; 0.00143730124624
24439.32483287784; -0.00089077770993; 0.00139621031187
24443.73200213925; -0.0008810810723; 0.00135558593895
24448.13917140066; -0.000871838463709; 0.00131489696742
24452.54634066207; -0.000863317962844; 0.00127487279079
24456.95350992348; -0.00085605197333; 0.00123560309288
24461.36067918489; -0.000847507591123; 0.00119823287026
24465.7678484463; -0.000840268510301; 0.00115880508109
24470.17501770771; -0.000832387359823; 0.00112224699386
24474.58218696912; -0.00082413237276; 0.00108429345588
24478.98935623053; -0.000816442637408; 0.00104773042943
24483.39652549194; -0.000808131083535; 0.00101148574593
24487.80369475335; -0.000802104658849; 0.000975202611869
24492.21086401476; -0.00079538164434; 0.000940412078801
24496.61803327617; -0.000787833593709; 0.000905900098184
24501.02520253758; -0.000780413722837; 0.000869123630523
24505.43237179899; -0.000775250595129; 0.000837126847387
24509.8395410604; -0.000768684375019; 0.00080481181654
24514.24671032181; -0.000762016559917; 0.000771166418718
24518.65387958322; -0.000755873979798; 0.00073922490745
24523.06104884463; -0.000749187814586; 0.000704024151816
24527.46821810605; -0.00074444511536; 0.000674237531253
24531.87538736745; -0.000738950941065; 0.000642115931407
24536.28255662887; -0.000733044400249; 0.000609865364021
24540.68972589028; -0.000726218017107; 0.000579638548309
24545.09689515168; -0.000722110771519; 0.000549553461395
24549.5040644131; -0.000714401718736; 0.000520522667503
24553.91123367451; -0.000710172173628; 0.000489106455297
24558.31840293592; -0.000703872237256; 0.000458975370186
24562.72557219733; -0.000698488265; 0.000429621030276
24567.13274145874; -0.000696866593007; 0.000402165133245
24571.53991072015; -0.000690151792309; 0.000372987421326
24575.94707998156; -0.00068392755802; 0.000344662511004
24580.35424924297; -0.000679792710499; 0.000315710194159
24584.76141850438; -0.000674200473184; 0.000287738128197
24589.16858776579; -0.000669472903021; 0.000260816220967
24593.5757570272; -0.000664872361446; 0.000233649885929
24597.98292628861; -0.000659568111256; 0.00020727169087
24602.39009555002; -0.000655571517714; 0.000180707235297
24606.79726481143; -0.000650089322744; 0.00015452479681
24611.20443407284; -0.00064706975981; 0.000130121785499
24615.61160333425; -0.000643653129113; 0.000104003743934
24620.01877259566; -0.000639117144309; 7.73531625897e-05
24624.42594185707; -0.00063353581015; 5.22244205003e-05
24628.83311111849; -0.000630354833289; 2.8063306191e-05
24633.24028037989; -0.000627248240723; 4.76686557206e-06
24637.64744964131; -0.000623648491404; -2.3186118116e-05
24642.05461890272; -0.000620351490727; -4.2620541967e-05
24646.46178816412; -0.000615411652139; -6.58098935908e-05
24650.86895742554; -0.000611643759027; -8.99909491088e-05
24655.27612668695; -0.000608261515591; -0.000111816859592
24659.68329594836; -0.000604616801781; -0.000137001364095
24664.09046520977; -0.000600119576455; -0.000159092533992
24668.49763447118; -0.000597234510832; -0.000180510513403
24672.90480373259; -0.000594173321994; -0.000202851973577
24677.311972994; -0.000590013995507; -0.000225157953781
24681.71914225541; -0.000587901781335; -0.000247929420497
24686.12631151682; -0.000583553921148; -0.000268688746553
24690.53348077823; -0.000579661761487; -0.000289344165735
24694.94065003964; -0.000577096834064; -0.000310451683392
24699.34781930105; -0.000573754468891; -0.000331878301926
24703.75498856246; -0.000570728436172; -0.000352245651368
24708.16215782387; -0.000567913346012; -0.000373742537601
24712.56932708528; -0.000564445736354; -0.000394394501273
24716.97649634669; -0.000560893468791; -0.00041506618338
24721.3836656081; -0.000559049807927; -0.000434909374854
24725.79083486951; -0.000555049024249; -0.000456538700907
24730.19800413093; -0.000554718826828; -0.000474450809881
24734.60517339233; -0.000550585953181; -0.000496570132412
24739.01234265374; -0.000547109678553; -0.000516166927973
24743.41951191516; -0.000544988104478; -0.000535609133935
24747.82668117656; -0.000542291781481; -0.00055464962276
24752.23385043798; -0.000538969203976; -0.000573305643541
24756.64101969939; -0.000536677336694; -0.00059107904099
24761.0481889608; -0.000534003285092; -0.000610404914055
24765.45535822221; -0.00053162758184; -0.000627828448109
24769.86252748362; -0.000529619462775; -0.000646627128394
24774.26969674503; -0.000525902033539; -0.000665549512605
24778.67686600644; -0.000524005463225; -0.000683445294576
24783.08403526785; -0.000521760313535; -0.00069952776604
24787.49120452926; -0.000519704613481; -0.000717937023672
24791.89837379067; -0.000517133171041; -0.000734972419167
24796.30554305208; -0.000515439433631; -0.000752107260625
24800.71271231349; -0.000512987312054; -0.000768858872365
24805.1198815749; -0.000509618371501; -0.000786436443701
24809.52705083631; -0.000507552708612; -0.000802163756618
24813.93422009772; -0.000505633420588; -0.00081980501079
24818.34138935913; -0.000503527695587; -0.000835670560532
24822.74855862054; -0.000500713399823; -0.00085339556398
24827.15572788195; -0.000499876922152; -0.000868810273267
24831.56289714336; -0.000496921090284; -0.000883917394148
24835.97006640477; -0.000494753273855; -0.00090111290109
24840.37723566618; -0.000492849756134; -0.000916641246543
24844.7844049276; -0.000489900859442; -0.000932552033241
24849.191574189; -0.00048916970051; -0.000947007941104
24853.59874345042; -0.000487186945654; -0.000962529032837
24858.00591271183; -0.00048493720059; -0.000979412213614
24862.41308197324; -0.0004822515659; -0.000993159981567
24866.82025123465; -0.000480171122107; -0.00100916243989
24871.22742049606; -0.000479308406367; -0.00102415330272
24875.63458975747; -0.000477602782096; -0.00103901393438
24880.04175901888; -0.000476605982052; -0.00105351681991
24884.44892828029; -0.000473850682517; -0.00106797066682
24888.8560975417; -0.000471811900474; -0.00108179178021
24893.26326680311; -0.000470555036398; -0.00109584159188
24897.67043606452; -0.000467885685172; -0.00111074791434
24902.07760532593; -0.000467558997955; -0.00112577661356
24906.48477458734; -0.000464997012804; -0.0011387037313
24910.89194384875; -0.000464330225717; -0.0011532872843
24915.29911311016; -0.00046201188744; -0.00116724410779
24919.70628237157; -0.00046070298908; -0.00117939939309
24924.11345163298; -0.00045950336367; -0.00119426434543
24928.52062089439; -0.000457167124445; -0.00120685225869
24932.9277901558; -0.000455651487278; -0.00122048761927
24937.33495941721; -0.00045536898331; -0.00123476955571
24941.74212867862; -0.000452615724804; -0.0012472390429
24946.14929794004; -0.000450460274322; -0.00125998083799
24950.55646720144; -0.000450436906372; -0.00127296731973
24954.96363646286; -0.000447922918139; -0.00128530211952
24959.37080572427; -0.000447387088543; -0.00129850956805
24963.77797498567; -0.000445046213558; -0.00131242086611
24968.18514424709; -0.000443572720919; -0.00132435741097
24972.5923135085; -0.000441558248916; -0.00133727102106
24976.99948276991; -0.000441826608298; -0.00134974420899
24981.40665203132; -0.000439377106835; -0.00136127689584
24985.81382129273; -0.000438882613215; -0.00137331001554
24990.22099055414; -0.000437095238465; -0.00138587060534
24994.62815981555; -0.000435244884428; -0.00139848961982
24999.03532907696; -0.000435170521902; -0.00141102206645
25003.44249833837; -0.000433345691692; -0.00142238070326
25007.84966759978; -0.000431173084887; -0.00143538014335
25012.25683686119; -0.000430112039461; -0.0014461213654
25016.6640061226; -0.000429242519163; -0.00145720649345
25021.07117538401; -0.000428093327398; -0.00146922474948
25025.47834464542; -0.00042779194139; -0.00148087508525
25029.88551390683; -0.00042576845072; -0.00149191162468
25034.29268316824; -0.000424644267467; -0.00150375199824
25038.69985242965; -0.000423296911326; -0.00151475309786
25043.10702169106; -0.000421751668044; -0.00152617547905
25047.51419095248; -0.000421385587801; -0.00153771568293
25051.92136021388; -0.000418806683331; -0.00154863089455
25056.32852947529; -0.000418375493618; -0.00156092367313
25060.73569873671; -0.00041638287739; -0.0015707762403
25065.14286799811; -0.000415443015546; -0.00158128704398
25069.55003725953; -0.000415324079766; -0.00159297065898
25073.95720652094; -0.000413785721428; -0.00160301938912
25078.36437578235; -0.000412988800631; -0.00161342127177
25082.77154504376; -0.000412054659869; -0.00162400141652
25087.17871430517; -0.000410836992585; -0.00163554010922
25091.58588356658; -0.000409614265921; -0.00164503402287
25095.99305282799; -0.000408815504021; -0.00165505633416
25100.4002220894; -0.000407105676612; -0.00166621769769
25104.80739135081; -0.000406199400633; -0.00167657039141
25109.21456061222; -0.000405535168044; -0.00168704968433
25113.62172987363; -0.000404466065042; -0.0016969306116
25118.02889913504; -0.000403880627273; -0.0017048051359
25122.43606839645; -0.000401842852322; -0.0017150892618
25126.84323765786; -0.000401791413739; -0.00172532240203
25131.25040691927; -0.000400560395572; -0.00173529980599
25135.65757618068; -0.000399518391034; -0.00174620238366
25140.06474544209; -0.000399697235365; -0.0017543480187
25144.4719147035; -0.000398112621441; -0.00176381513827
25148.87908396492; -0.000396514934177; -0.00177371052629
25153.28625322632; -0.00039576961335; -0.00178353034053
25157.69342248773; -0.000394745040369; -0.00179281827438
25162.10059174915; -0.000394431923962; -0.00180236627827
25166.50776101055; -0.000394181728149; -0.00181324174478
25170.91493027197; -0.000392837094585; -0.00182142850879
25175.32209953338; -0.000392081781922; -0.00183073282042
25179.72926879478; -0.000391686865113; -0.00184052325193
25184.1364380562; -0.000390461593182; -0.00184889508713
25188.54360731761; -0.000389270676973; -0.00185838847962
25192.95077657902; -0.000389370812561; -0.00186577010979
25197.35794584043; -0.000388055788268; -0.0018767360406
25201.76511510184; -0.000386963865169; -0.00188546393743
25206.17228436325; -0.000385350022212; -0.00189418818791
25210.57945362466; -0.000383903610883; -0.00190303763341
25214.98662288607; -0.000385000855442; -0.00191281132975
25219.39379214748; -0.000382942615582; -0.00192053444328
25223.80096140889; -0.000382933117677; -0.00193013857489
25228.2081306703; -0.000382744356512; -0.00193790759307
25232.61529993171; -0.000382086693325; -0.00194728445889
25237.02246919312; -0.000380406082642; -0.00195510014943
25241.42963845453; -0.000380897672451; -0.00196450695353
25245.83680771594; -0.000379413575968; -0.00197231323263
25250.24397697735; -0.000379418910429; -0.00198152077525
25254.65114623876; -0.000377813322359; -0.00198888712744
25259.05831550017; -0.000377015325162; -0.00199807643242
25263.46548476159; -0.000376466738921; -0.00200656059899
25267.87265402299; -0.000375550624571; -0.00201485344552
25272.27982328441; -0.000374930301611; -0.00202245170633
25276.68699254582; -0.000373641643618; -0.00203141031986
25281.09416180722; -0.000373972814514; -0.00203870728497
25285.50133106864; -0.000372152763527; -0.00204714420117
25289.90850033005; -0.00037152114502; -0.00205529287079
25294.31566959146; -0.000371381912103; -0.00206299155373
25298.72283885287; -0.000371015072696; -0.00207107524365
25303.13000811428; -0.000369770067867; -0.00207950732209
25307.53717737569; -0.000369023814718; -0.00208746480244
25311.9443466371; -0.000370054220782; -0.00209486244676
25316.35151589851; -0.000368003798342; -0.00210317012358
25320.75868515992; -0.00036805485115; -0.00210989265408
25325.16585442133; -0.000366454720543; -0.00211755614375
25329.57302368274; -0.000365785576345; -0.00212351922799
25333.98019294415; -0.000366782471852; -0.00213238132744
25338.38736220556; -0.000365590310395; -0.00213952572413
