% Module: Sweep, ID: c0p1t8p1cfm0
% Devices: DEV646
% Time: 2025/12/02 15:00:58
% Demod 1 Sample X, /dev646/demods/0/sample.X
% Demod 1 Sample Y, /dev646/demods/0/sample.Y
% Frequency (Hz); Demod 1 Sample X  Amplitude (V); Demod 1 Sample Y  Amplitude (V)
20908.37482893852; -0.000127394341661; -0.0104442684153
20914.23804661164; -0.000127792819029; -0.0104527692788
20920.10126428475; -0.000128181672708; -0.0104595772314
20925.96448195786; -0.000127290649385; -0.0104673753079
20931.82769963098; -0.000129244264106; -0.0104746165008
20937.69091730409; -0.000128323687431; -0.0104822423904
20943.55413497721; -0.000128826354615; -0.0104896709134
20949.41735265032; -0.000127943721825; -0.0104976777156
20955.28057032344; -0.000129085126055; -0.010504875853
20961.14378799655; -0.000130769336022; -0.0105111837492
20967.00700566966; -0.000130794115136; -0.0105204171774
20972.87022334278; -0.000130396873534; -0.0105269973159
20978.73344101589; -0.000131673735464; -0.0105349688889
20984.59665868901; -0.000131682864225; -0.0105414791702
20990.45987636212; -0.000132541564165; -0.0105491738323
20996.32309403523; -0.000131263014928; -0.0105580797188
21002.18631170835; -0.000131890060552; -0.0105652427439
21008.04952938146; -0.000133301449005; -0.010572133642
21013.91274705458; -0.000133260570484; -0.0105797213924
21019.77596472769; -0.000133063864625; -0.0105877723731
21025.63918240081; -0.000134594270354; -0.0105948906099
21031.50240007392; -0.000134873457061; -0.0106032772079
21037.36561774703; -0.000134190726963; -0.0106104363066
21043.22883542015; -0.000134825393687; -0.0106188516174
21049.09205309326; -0.000135847570163; -0.0106270823655
21054.95527076638; -0.000137252088921; -0.0106352533327
21060.81848843949; -0.000137098710862; -0.0106421328978
21066.68170611261; -0.000137984121019; -0.0106498080412
21072.54492378572; -0.000136758126683; -0.0106579480204
21078.40814145883; -0.000137068720268; -0.0106661477027
21084.27135913195; -0.000137522881987; -0.010673433503
21090.13457680506; -0.000136777110872; -0.0106828711451
21095.99779447817; -0.000138029644854; -0.0106891093069
21101.86101215129; -0.000138718908727; -0.0106970410892
21107.7242298244; -0.000139460205223; -0.0107046286288
21113.58744749752; -0.000140173081194; -0.0107130333172
21119.45066517063; -0.000139614525896; -0.0107208150654
21125.31388284374; -0.000140873697338; -0.010728850975
21131.17710051686; -0.000142057895279; -0.0107375074549
21137.04031818997; -0.000141636567786; -0.0107447968771
21142.90353586309; -0.000142283023528; -0.0107524769864
21148.7667535362; -0.000143175783265; -0.0107602569021
21154.62997120932; -0.000142768551843; -0.0107687485197
21160.49318888243; -0.000143269917493; -0.0107774023593
21166.35640655554; -0.000143833577602; -0.0107858967188
21172.21962422866; -0.000144687854391; -0.0107937618863
21178.08284190177; -0.000145137969036; -0.0108017115484
21183.94605957489; -0.000145773499927; -0.0108117612295
21189.809277248; -0.000145187542929; -0.0108189120655
21195.67249492112; -0.000145794300096; -0.0108268849686
21201.53571259423; -0.000146517575654; -0.0108353819235
21207.39893026734; -0.000147520458751; -0.0108434697251
21213.26214794046; -0.000147392680087; -0.0108517871309
21219.12536561357; -0.000147923103414; -0.0108604549964
21224.98858328669; -0.000147514275939; -0.0108693524966
21230.8518009598; -0.000149078877599; -0.0108772078231
21236.71501863292; -0.000150297903279; -0.0108857405456
21242.57823630603; -0.000148910065011; -0.0108948397473
21248.44145397914; -0.000150527915044; -0.0109038033129
21254.30467165226; -0.000150612299643; -0.0109124095497
21260.16788932537; -0.000152170989887; -0.0109198767965
21266.03110699849; -0.000151375818309; -0.0109297194532
21271.8943246716; -0.000151789825189; -0.010938217487
21277.75754234471; -0.000152695642034; -0.0109456289806
21283.62076001783; -0.000153150166277; -0.0109554219687
21289.48397769094; -0.000154710190503; -0.0109630479657
21295.34719536405; -0.000153232315059; -0.0109730721845
21301.21041303717; -0.000154898295848; -0.0109819610708
21307.07363071029; -0.000156024403796; -0.0109907011207
21312.9368483834; -0.000156877839916; -0.0109995396062
21318.80006605651; -0.000155970980999; -0.0110088985109
21324.66328372963; -0.000157120087265; -0.0110182333364
21330.52650140274; -0.00015730547815; -0.011026499401
21336.38971907585; -0.000156858046387; -0.0110350221461
21342.25293674897; -0.000158436145754; -0.0110445197911
21348.11615442208; -0.000157957770341; -0.0110538305382
21353.9793720952; -0.000158343461377; -0.0110634894497
21359.84258976831; -0.000161211762739; -0.0110708554871
21365.70580744143; -0.000160159705819; -0.0110813265222
21371.56902511454; -0.000160053040243; -0.0110914788028
21377.43224278765; -0.000162327457922; -0.0111001576945
21383.29546046077; -0.000162534001431; -0.011109022899
21389.15867813388; -0.000161957547778; -0.0111191758993
21395.021895807; -0.000161674079524; -0.0111281184908
21400.88511348011; -0.000163543814644; -0.0111368160939
21406.74833115323; -0.000164446528396; -0.0111458389044
21412.61154882634; -0.000164436172322; -0.0111564630285
21418.47476649945; -0.000164401464554; -0.0111662524563
21424.33798417257; -0.000165110926999; -0.0111742006837
21430.20120184568; -0.00016649465914; -0.011184571658
21436.0644195188; -0.000166294219623; -0.0111938263832
21441.92763719191; -0.000168292117937; -0.0112030257563
21447.79085486502; -0.000168008839399; -0.011213421468
21453.65407253814; -0.000168272061093; -0.0112237647248
21459.51729021125; -0.000168174097976; -0.011233384632
21465.38050788437; -0.000168817300195; -0.0112427376129
21471.24372555748; -0.000168713822749; -0.0112527594769
21477.1069432306; -0.000171505647922; -0.0112625945946
21482.97016090371; -0.000171572852006; -0.0112710502208
21488.83337857682; -0.000173067000411; -0.0112816746949
21494.69659624994; -0.00017204461184; -0.0112920657715
21500.55981392305; -0.000173816795227; -0.011302364924
21506.42303159616; -0.000174856638445; -0.0113128511834
21512.28624926928; -0.00017361439564; -0.0113221684739
21518.1494669424; -0.0001744674803; -0.0113322321475
21524.01268461551; -0.00017616967776; -0.0113424298921
21529.87590228862; -0.000175699583973; -0.0113535142582
21535.73911996174; -0.000176034884689; -0.0113631283785
21541.60233763485; -0.000177403748092; -0.0113730726449
21547.46555530796; -0.000175788328691; -0.011381961601
21553.32877298108; -0.000174664749589; -0.0113926813551
21559.19199065419; -0.000174341787147; -0.0114027649783
21565.05520832731; -0.000177342076862; -0.011411755912
21570.91842600042; -0.000176840417936; -0.0114238930483
21576.78164367354; -0.000176674906859; -0.0114341581952
21582.64486134665; -0.000176809649579; -0.0114440577217
21588.50807901976; -0.000178497025794; -0.0114544702366
21594.37129669288; -0.000178629954647; -0.011466316054
21600.23451436599; -0.000179709251523; -0.011476995466
21606.09773203911; -0.000180317415028; -0.0114868655353
21611.96094971222; -0.000180887079919; -0.0114987541027
21617.82416738533; -0.000181365311119; -0.0115088030239
21623.68738505845; -0.000183459335557; -0.0115201678304
21629.55060273156; -0.000181890246099; -0.0115314222583
21635.41382040468; -0.000184563433429; -0.0115427294705
21641.27703807779; -0.000184488924024; -0.0115546525933
21647.14025575091; -0.000185467455677; -0.011563345426
21653.00347342402; -0.00018555770072; -0.0115759429039
21658.86669109713; -0.000186136558026; -0.0115862273586
21664.72990877025; -0.000187906271744; -0.0115976101047
21670.59312644336; -0.000188559577786; -0.0116088776511
21676.45634411648; -0.000189662379595; -0.0116190541733
21682.31956178959; -0.000190529432771; -0.0116303044672
21688.18277946271; -0.000190724059335; -0.0116415720332
21694.04599713582; -0.000190395563417; -0.0116543704893
21699.90921480893; -0.000191755353756; -0.011665986879
21705.77243248205; -0.00019341452179; -0.0116767363626
21711.63565015516; -0.000192728182233; -0.0116892301553
21717.49886782828; -0.000194364225514; -0.0117008669764
21723.36208550139; -0.000194967365638; -0.0117125331589
21729.2253031745; -0.000195482974806; -0.0117250288704
21735.08852084762; -0.000196443474955; -0.0117355531638
21740.95173852073; -0.000196895734911; -0.0117474035195
21746.81495619385; -0.000197548649336; -0.0117596122227
21752.67817386696; -0.00019823209056; -0.0117715335485
21758.54139154007; -0.000199095684459; -0.011782756607
21764.40460921319; -0.000200779111317; -0.0117949463555
21770.2678268863; -0.000201736481892; -0.0118081723399
21776.13104455942; -0.000203287220586; -0.0118198278744
21781.99426223253; -0.000202819780839; -0.0118322891386
21787.85747990564; -0.00020422647201; -0.0118450454563
21793.72069757876; -0.000204082701354; -0.0118567747983
21799.58391525187; -0.000206842411757; -0.0118696225723
21805.44713292499; -0.00020616885555; -0.0118818718388
21811.3103505981; -0.000206955779192; -0.0118944136133
21817.17356827122; -0.00020918909171; -0.0119066911557
21823.03678594433; -0.000209349011128; -0.0119201816108
21828.90000361744; -0.000211074895528; -0.0119316845359
21834.76322129056; -0.000211230357483; -0.0119448114813
21840.62643896367; -0.000212407733842; -0.0119572885891
21846.48965663679; -0.000213193258109; -0.0119715759242
21852.3528743099; -0.000213721267712; -0.0119834472672
21858.21609198302; -0.000215050953577; -0.0119968145842
21864.07930965613; -0.000216730202946; -0.0120088456621
21869.94252732924; -0.000216961924023; -0.0120236531943
21875.80574500236; -0.00021779517189; -0.0120357661483
21881.66896267547; -0.00022008060045; -0.0120488502636
21887.53218034859; -0.0002196348228; -0.0120630961724
21893.3953980217; -0.000220287783598; -0.0120767591695
21899.25861569481; -0.00022175189255; -0.0120896610296
21905.12183336793; -0.000223976510938; -0.012103724632
21910.98505104104; -0.000224871382793; -0.0121166979894
21916.84826871415; -0.000225083914922; -0.0121306572456
21922.71148638727; -0.000227098617799; -0.0121452987393
21928.57470406039; -0.000227945361384; -0.012158293448
21934.4379217335; -0.000229091922765; -0.0121729240063
21940.30113940661; -0.000230455952754; -0.0121864202517
21946.16435707973; -0.000231311459342; -0.0122003932232
21952.02757475284; -0.000232783152719; -0.0122142564081
21957.89079242595; -0.000232545266857; -0.0122287704909
21963.75401009907; -0.000234537864178; -0.0122425975305
21969.61722777219; -0.000235709090173; -0.0122580350795
21975.4804454453; -0.000236766505896; -0.0122709596666
21981.34366311841; -0.000237751172994; -0.0122856303774
21987.20688079153; -0.000239777618765; -0.012300301778
21993.07009846464; -0.00024041534395; -0.012315939295
21998.93331613775; -0.00024239212818; -0.0123301038065
22004.79653381087; -0.000242824235563; -0.012345306348
22010.65975148398; -0.000243852057281; -0.0123591195519
22016.5229691571; -0.000245275631588; -0.0123745742932
22022.38618683021; -0.000246540202238; -0.0123898005527
22028.24940450333; -0.000247870480252; -0.012404690869
22034.11262217644; -0.000249103230279; -0.0124206447861
22039.97583984955; -0.000250401497083; -0.0124341280119
22045.83905752267; -0.00025264913281; -0.0124505313104
22051.70227519578; -0.000253139540539; -0.0124654133087
22057.5654928689; -0.00025418122137; -0.0124814227799
22063.42871054201; -0.000256652379097; -0.0124967194439
22069.29192821512; -0.000258160999524; -0.0125124827257
22075.15514588824; -0.000259325879968; -0.0125289369096
22081.01836356135; -0.000261222134719; -0.0125459571797
22086.88158123447; -0.000262614672257; -0.0125606909741
22092.74479890758; -0.000263783565213; -0.0125759917168
22098.6080165807; -0.000265361416184; -0.0125932516032
22104.47123425381; -0.000265461107384; -0.0126098860344
22110.33445192692; -0.000268724153204; -0.0126249171748
22116.19766960004; -0.000269356495593; -0.0126424710117
22122.06088727315; -0.000272008922165; -0.0126585803345
22127.92410494627; -0.000272481877734; -0.0126749073133
22133.78732261938; -0.000275352031255; -0.0126915344268
22139.6505402925; -0.000275657759225; -0.0127097128804
22145.51375796561; -0.000277160621526; -0.0127257025331
22151.37697563872; -0.000277864061286; -0.0127432352864
22157.24019331184; -0.000281029396365; -0.0127589983923
22163.10341098495; -0.000282954147849; -0.0127777344712
22168.96662865807; -0.00028257890414; -0.0127947590601
22174.82984633118; -0.000284194654364; -0.0128120841695
22180.69306400429; -0.000288288461101; -0.0128301146256
22186.55628167741; -0.000289796307621; -0.012846824507
22192.41949935052; -0.00029091083616; -0.0128652511054
22198.28271702363; -0.000293212262928; -0.0128819394902
22204.14593469675; -0.000294812064176; -0.0129009109069
22210.00915236986; -0.000296629891867; -0.0129200960415
22215.87237004298; -0.00029670619102; -0.0129374675202
22221.73558771609; -0.000298992194075; -0.0129556393154
22227.59880538921; -0.000303140331911; -0.0129754819962
22233.46202306232; -0.000303821636774; -0.0129943261108
22239.32524073543; -0.000304837157142; -0.0130119911871
22245.18845840855; -0.000307058943212; -0.0130308455168
22251.05167608166; -0.000309085911262; -0.0130491760211
22256.91489375478; -0.000310985947783; -0.013068467251
22262.77811142789; -0.000312722768346; -0.0130884636027
22268.64132910101; -0.000316551680256; -0.0131086121449
22274.50454677412; -0.000317692786361; -0.013126667335
22280.36776444723; -0.000318910748212; -0.0131469743007
22286.23098212035; -0.000321954495272; -0.0131662100538
22292.09419979346; -0.000324451465358; -0.0131864731206
22297.95741746658; -0.000326236575065; -0.0132068315792
22303.82063513969; -0.000327532033546; -0.0132267671511
22309.68385281281; -0.000329375014313; -0.01324744301
22315.54707048592; -0.000331987705883; -0.0132669927331
22321.41028815903; -0.000333707096788; -0.0132877300488
22327.27350583215; -0.000336699761176; -0.0133087436791
22333.13672350526; -0.000338870499011; -0.0133287460123
22338.99994117838; -0.000341953610217; -0.0133513570909
22344.86315885149; -0.000343504505184; -0.0133711557408
22350.7263765246; -0.000346337283223; -0.0133927993251
22356.58959419772; -0.000348924196125; -0.0134136420596
22362.45281187083; -0.000350287342926; -0.0134355942052
22368.31602954394; -0.000353517785512; -0.0134580967427
22374.17924721706; -0.000355395187235; -0.0134788392461
22380.04246489018; -0.000358770929645; -0.0135023432178
22385.90568256329; -0.000360954816338; -0.0135238599631
22391.7689002364; -0.000363719626082; -0.0135464510937
22397.63211790952; -0.000365880875864; -0.0135692873447
22403.49533558263; -0.000369082876791; -0.0135921090346
22409.35855325574; -0.000371006933436; -0.0136151999867
22415.22177092886; -0.000375098581311; -0.0136380126181
22421.08498860198; -0.000376938509336; -0.0136611257749
22426.94820627509; -0.000379006698913; -0.0136836753709
22432.8114239482; -0.000381605527517; -0.0137072383913
22438.67464162132; -0.000385482565832; -0.0137316901902
22444.53785929443; -0.000388924074907; -0.0137558442036
22450.40107696754; -0.000390336305024; -0.0137787699145
22456.26429464066; -0.000394780247274; -0.0138045718527
22462.12751231377; -0.000397046078238; -0.0138289110053
22467.99072998689; -0.000399169689223; -0.0138523436662
22473.85394766; -0.000403046882443; -0.0138772705962
22479.71716533312; -0.000407020637913; -0.0139028320476
22485.58038300623; -0.000409745280138; -0.0139288529937
22491.44360067934; -0.000412686984807; -0.0139541715864
22497.30681835246; -0.000415908233984; -0.0139801110193
22503.17003602557; -0.000418561523976; -0.0140058492746
22509.03325369869; -0.000422176773043; -0.0140317542421
22514.8964713718; -0.000426937832955; -0.0140575655487
22520.75968904491; -0.000429116829045; -0.0140843297796
22526.62290671803; -0.000432680078808; -0.0141096450796
22532.48612439114; -0.000436762425238; -0.0141382951278
22538.34934206426; -0.000441202514854; -0.0141651150662
22544.21255973737; -0.000442473109681; -0.0141920249804
22550.07577741049; -0.000447956686162; -0.014220765997
22555.9389950836; -0.000450454132777; -0.014249542479
22561.80221275671; -0.000455272431445; -0.0142757591899
22567.66543042983; -0.000459305744287; -0.0143045658566
22573.52864810294; -0.000462339051728; -0.0143341956766
22579.39186577606; -0.000466037437195; -0.0143625726671
22585.25508344917; -0.000469827880206; -0.0143912427956
22591.11830112229; -0.000473275479225; -0.0144208058071
22596.9815187954; -0.000476592562742; -0.0144512756232
22602.84473646851; -0.000481788656468; -0.0144793224019
22608.70795414163; -0.000485610990592; -0.0145096778662
22614.57117181474; -0.000490820507058; -0.0145406958673
22620.43438948785; -0.000493099381454; -0.0145725082852
22626.29760716097; -0.0004983706839; -0.0146019518889
22632.16082483409; -0.000502282010393; -0.0146329926991
22638.0240425072; -0.000508207199841; -0.0146645922803
22643.88726018031; -0.000513231729968; -0.0146961405606
22649.75047785343; -0.000517302089956; -0.0147286562185
22655.61369552654; -0.000521691543218; -0.0147614906475
22661.47691319965; -0.000527356217102; -0.0147927049577
22667.34013087277; -0.000531142697826; -0.0148256346503
22673.20334854588; -0.000536000117217; -0.0148606925652
22679.066566219; -0.000540998503789; -0.0148939013181
22684.92978389211; -0.000546390782463; -0.0149269640616
22690.79300156522; -0.000551974845809; -0.0149620929303
22696.65621923834; -0.000558437921297; -0.0149976129396
22702.51943691145; -0.000562768023065; -0.0150312216569
22708.38265458457; -0.000568631994811; -0.0150670294807
22714.24587225768; -0.000573155819068; -0.0151028304553
22720.1090899308; -0.000580347151225; -0.0151386034865
22725.97230760391; -0.00058516328842; -0.0151749430304
22731.83552527702; -0.000591682917398; -0.0152117989709
22737.69874295014; -0.000598317187744; -0.0152479810981
22743.56196062325; -0.000603354823713; -0.0152867048199
22749.42517829637; -0.000609494322606; -0.015324344626
22755.28839596948; -0.000615761524574; -0.015360829848
22761.1516136426; -0.00062229107313; -0.0154007784821
22767.01483131571; -0.000628361534428; -0.0154387985775
22772.87804898882; -0.000634508845008; -0.015476642278
22778.74126666194; -0.000642401159937; -0.0155181834983
22784.60448433505; -0.000647913597542; -0.0155583005808
22790.46770200817; -0.000655439485349; -0.0155980201876
22796.33091968128; -0.000662690555022; -0.0156396735309
22802.19413735439; -0.000669263032177; -0.0156814702858
22808.05735502751; -0.000678365329932; -0.0157245074937
22813.92057270062; -0.00068433547046; -0.0157650424737
22819.78379037374; -0.000693126728809; -0.0158094454032
22825.64700804685; -0.00070156861797; -0.0158528729885
22831.51022571997; -0.00070911243372; -0.0158961853191
22837.37344339308; -0.00071759666269; -0.0159415271204
22843.23666106619; -0.000724705969766; -0.0159858801093
22849.09987873931; -0.000733554945264; -0.0160321634595
22854.96309641242; -0.000742209338208; -0.0160771853372
22860.82631408553; -0.000750644709258; -0.0161236490712
22866.68953175865; -0.000760362150486; -0.0161706731028
22872.55274943176; -0.000770585458588; -0.0162176701985
22878.41596710488; -0.000777847826576; -0.0162662322522
22884.27918477799; -0.000787051084865; -0.0163146948046
22890.14240245111; -0.000797139082466; -0.0163639441058
22896.00562012422; -0.000806010388792; -0.0164132658588
22901.86883779733; -0.000816457279191; -0.0164625638073
22907.73205547045; -0.000827086481501; -0.0165142814711
22913.59527314356; -0.000836734682364; -0.0165651287771
22919.45849081668; -0.000847537532293; -0.01661802705
22925.32170848979; -0.000858943881016; -0.0166708077142
22931.18492616291; -0.000870248810082; -0.0167230172537
22937.04814383602; -0.00088060299559; -0.0167777005209
22942.91136150913; -0.000892099683097; -0.0168311580603
22948.77457918225; -0.000903502792968; -0.0168864109563
22954.63779685536; -0.000914891739757; -0.0169434252212
22960.50101452848; -0.000928000063901; -0.0170009772254
22966.36423220159; -0.000941766481378; -0.0170579114961
22972.2274498747; -0.000952350339374; -0.0171161211106
22978.09066754782; -0.000966001159938; -0.0171746948039
22983.95388522093; -0.000979922243457; -0.017234824622
22989.81710289405; -0.00099249892156; -0.0172956563315
22995.68032056716; -0.001005395783; -0.0173557894152
23001.54353824028; -0.00102109524602; -0.0174174950395
23007.40675591339; -0.00103514405188; -0.0174814071577
23013.2699735865; -0.00104948730331; -0.0175444551635
23019.13319125962; -0.00106377607968; -0.0176097308838
23024.99640893273; -0.00107903184311; -0.01767679937
23030.85962660584; -0.00109568247362; -0.017742573913
23036.72284427896; -0.00111175323883; -0.0178091720563
23042.58606195208; -0.00112744117839; -0.0178781682144
23048.44927962519; -0.00114415198453; -0.0179476470588
23054.3124972983; -0.00116328942885; -0.0180183030459
23060.17571497142; -0.00117997474165; -0.0180901384158
23066.03893264453; -0.00119673977832; -0.0181613380322
23071.90215031764; -0.00121589651738; -0.0182351100476
23077.76536799076; -0.00123611378359; -0.0183100552874
23083.62858566387; -0.00125382250192; -0.0183858989673
23089.49180333699; -0.00127335932532; -0.0184629846677
23095.3550210101; -0.00129514887943; -0.018540452457
23101.21823868322; -0.00131520971484; -0.0186201140553
23107.08145635633; -0.00133574411773; -0.0187002527437
23112.94467402944; -0.00135802985772; -0.0187820490284
23118.80789170256; -0.00138230504967; -0.0188634998938
23124.67110937567; -0.00140334735969; -0.0189477146299
23130.53432704879; -0.0014275206961; -0.0190337558745
23136.3975447219; -0.00145141491021; -0.0191208492143
23142.26076239501; -0.00147667961423; -0.0192078531228
23148.12398006813; -0.00150161943378; -0.0192989851296
23153.98719774124; -0.00152850224096; -0.0193915371105
23159.85041541436; -0.00155458882018; -0.0194828154235
23165.71363308747; -0.00158321320786; -0.019577810165
23171.57685076059; -0.0016113759031; -0.0196734701434
23177.4400684337; -0.00163996788534; -0.0197714554444
23183.30328610681; -0.00167092504028; -0.0198699124374
23189.16650377993; -0.00169993355464; -0.0199721456164
23195.02972145304; -0.00173269557527; -0.0200734041683
23200.89293912616; -0.00176469274001; -0.0201785089856
23206.75615679927; -0.00179781872244; -0.0202854498018
23212.61937447239; -0.00183404544851; -0.0203950821217
23218.4825921455; -0.00186917750831; -0.0205049096776
23224.34580981861; -0.00190507348499; -0.0206163606692
23230.20902749173; -0.00194330208234; -0.0207316334866
23236.07224516484; -0.00198038857553; -0.0208466949551
23241.93546283796; -0.0020195676954; -0.0209658592428
23247.79868051107; -0.00206270378234; -0.0210851382412
23253.66189818418; -0.00210383736966; -0.0212081502169
23259.5251158573; -0.00214891388926; -0.0213347656962
23265.38833353041; -0.00219346268259; -0.0214614670932
23271.25155120352; -0.00223974848844; -0.021590295553
23277.11476887664; -0.00228707535985; -0.0217244502894
23282.97798654975; -0.00233669361811; -0.0218591231288
23288.84120422287; -0.00238794658554; -0.0219968871613
23294.70442189598; -0.00244025006555; -0.0221375957161
23300.5676395691; -0.00249535499828; -0.0222812493936
23306.43085724221; -0.00255075139321; -0.022426742577
23312.29407491532; -0.00260986306172; -0.0225757834134
23318.15729258844; -0.00266975450022; -0.0227300549563
23324.02051026155; -0.00273239352095; -0.0228848668488
23329.88372793467; -0.00279793629128; -0.023043152551
23335.74694560778; -0.00286411816043; -0.0232054897984
23341.6101632809; -0.00293418025628; -0.0233707753308
23347.47338095401; -0.00300529678436; -0.0235419631328
23353.33659862712; -0.00307962027496; -0.0237159823489
23359.19981630024; -0.00315681195589; -0.0238910677995
23365.06303397335; -0.00323786659884; -0.024070500166
23370.92625164647; -0.00332076265535; -0.024255469255
23376.78946931958; -0.00340687400921; -0.0244443840772
23382.6526869927; -0.00349814671111; -0.0246366343789
23388.51590466581; -0.00359069218833; -0.0248354800292
23394.37912233892; -0.00368784923448; -0.0250383630564
23400.24234001204; -0.00379049131305; -0.025246055775
23406.10555768515; -0.00389454575165; -0.0254577014242
23411.96877535827; -0.00400560375; -0.0256743413399
23417.83199303138; -0.00411810417345; -0.0258963646965
23423.69521070449; -0.00423820446413; -0.0261244071196
23429.55842837761; -0.00436169193527; -0.0263575819537
23435.42164605072; -0.00449307179493; -0.0265972135925
23441.28486372383; -0.00462781025416; -0.026841664316
23447.14808139695; -0.00476907348734; -0.0270934607395
23453.01129907007; -0.00491743107407; -0.027350226536
23458.87451674318; -0.00507219913339; -0.0276151320173
23464.73773441629; -0.00523384935827; -0.0278874363511
23470.60095208941; -0.00540339836943; -0.0281641188763
23476.46416976252; -0.00558120657842; -0.0284489751264
23482.32738743563; -0.00576839616507; -0.0287422046081
23488.19060510875; -0.00596435374322; -0.0290428534523
23494.05382278187; -0.00616886526362; -0.0293532305146
23499.91704045498; -0.00638577090617; -0.0296694923941
23505.78025812809; -0.00661199125652; -0.0299954110836
23511.64347580121; -0.0068508518709; -0.0303296571838
23517.50669347432; -0.00710209853142; -0.0306736106329
23523.36991114743; -0.00736682120559; -0.0310262153691
23529.23312882055; -0.00764606529694; -0.0313896548641
23535.09634649366; -0.00794182466354; -0.0317653589222
23540.95956416678; -0.00825326399317; -0.0321470002305
23546.82278183989; -0.00858357495528; -0.0325429476448
23552.68599951301; -0.00893174130633; -0.0329471622104
23558.54921718612; -0.00930202256465; -0.0333635150713
23564.41243485923; -0.00969248777495; -0.0337887407314
23570.27565253235; -0.0101063547724; -0.0342247809737
23576.13887020546; -0.0105460306421; -0.0346723438525
23582.00208787858; -0.0110144010061; -0.0351310181144
23587.86530555169; -0.011509445053; -0.0355971280116
23593.7285232248; -0.0120380454677; -0.0360731962143
23599.59174089792; -0.0125995933785; -0.0365615555786
23605.45495857103; -0.0131986442323; -0.0370591822505
23611.31817624415; -0.0138375768185; -0.0375667440203
23617.18139391726; -0.0145191906027; -0.0380804178831
23623.04461159038; -0.0152484539381; -0.0386042104453
23628.90782926349; -0.0160286087956; -0.0391352953091
23634.7710469366; -0.0168629962159; -0.0396690858266
23640.63426460972; -0.0177568048999; -0.0402064404071
23646.49748228283; -0.0187147293733; -0.0407444249403
23652.36069995595; -0.0197404999112; -0.0412765402852
23658.22391762906; -0.020838697554; -0.0418003367213
23664.08713530218; -0.0220184339588; -0.0423134507353
23669.95035297529; -0.0232830839808; -0.0428069344134
23675.8135706484; -0.0246397892833; -0.0432745830424
23681.67678832152; -0.0260946022854; -0.0437093143626
23687.54000599463; -0.0276539231351; -0.0441014532406
23693.40322366774; -0.0293221683885; -0.0444400228647
23699.26644134086; -0.0311077016486; -0.0447119878747
23705.12965901398; -0.0330109765049; -0.0448990622592
23710.99287668709; -0.0350384545066; -0.0449834689684
23716.8560943602; -0.0371885545878; -0.0449453965256
23722.71931203332; -0.0394620566659; -0.0447614301815
23728.58252970643; -0.0418532374566; -0.0444067589953
23734.44574737954; -0.0443537969818; -0.0438544614829
23740.30896505266; -0.0469494728687; -0.0430742015123
23746.17218272577; -0.0496205731461; -0.0420369546497
23752.03540039889; -0.0523379701653; -0.0407119360837
23757.898618072; -0.0550641068396; -0.0390710544732
23763.76183574511; -0.0577557138968; -0.0370937680389
23769.62505341823; -0.0603573662338; -0.0347637945357
23775.48827109134; -0.0628065590334; -0.0320718456921
23781.35148876446; -0.0650411463328; -0.0290299509432
23787.21470643757; -0.0669961621672; -0.0256593444976
23793.07792411069; -0.0686027721696; -0.022000853158
23798.9411417838; -0.0698049554195; -0.0181037174845
23804.80435945691; -0.070559102073; -0.0140431737224
23810.66757713003; -0.0708350024762; -0.00989439934387
23816.53079480314; -0.0706210780173; -0.00574446834345
23822.39401247626; -0.0699263303606; -0.00167832720346
23828.25723014937; -0.0687843185141; 0.00222447543672
23834.12044782249; -0.0672362175502; 0.00589554127929
23839.9836654956; -0.0653424202351; 0.00928211342522
23845.84688316871; -0.0631636122333; 0.0123435650803
23851.71010084183; -0.0607679008899; 0.0150574836565
23857.57331851494; -0.0582235039069; 0.0174191871032
23863.43653618806; -0.0555860399794; 0.0194329263635
23869.29975386117; -0.0529086752388; 0.0211101651878
23875.16297153429; -0.0502343443725; 0.0224748468885
23881.0261892074; -0.0476025294987; 0.0235540550233
23886.88940688051; -0.0450408510165; 0.0243787813561
23892.75262455363; -0.0425721884007; 0.0249775403659
23898.61584222674; -0.0402077741037; 0.0253780039131
23904.47905989986; -0.0379565986056; 0.0256064367256
23910.34227757297; -0.0358234083103; 0.0256894012533
23916.20549524608; -0.0338083726504; 0.0256491966034
23922.0687129192; -0.0319160007797; 0.0255081161893
23927.93193059231; -0.0301434615228; 0.0252829884966
23933.79514826542; -0.0284799898357; 0.024986766743
23939.65836593854; -0.0269257292016; 0.0246343634076
23945.52158361165; -0.0254702639393; 0.0242357234173
23951.38480128477; -0.0241105025572; 0.0238004572656
23957.24801895788; -0.0228413598511; 0.0233397252655
23963.111236631; -0.0216572529318; 0.0228597549523
23968.97445430411; -0.020553148782; 0.0223668073977
23974.83767197722; -0.0195219396815; 0.0218642381973
23980.70088965034; -0.0185588887861; 0.0213580301704
23986.56410732345; -0.0176597720837; 0.0208508099875
23992.42732499657; -0.0168192081279; 0.0203429351687
23998.29054266968; -0.0160316541376; 0.0198392290268
24004.1537603428; -0.0152944157673; 0.0193378098784
24010.01697801591; -0.0146033066029; 0.0188424810177
24015.88019568902; -0.0139533330802; 0.018356525144
24021.74341336214; -0.0133449504469; 0.0178753586225
24027.60663103525; -0.0127725515592; 0.0174038832638
24033.46984870837; -0.0122345565808; 0.0169436991544
24039.33306638148; -0.0117283846652; 0.0164921817999
24045.1962840546; -0.0112527338156; 0.0160510754308
24051.05950172771; -0.0108042855439; 0.0156219182498
24056.92271940082; -0.0103815634992; 0.0151997681417
24062.78593707394; -0.00998212060405; 0.0147909395671
24068.64915474705; -0.00960631892325; 0.0143912843024
24074.51237242017; -0.00924961724713; 0.0140005643061
24080.37559009328; -0.00891128391546; 0.0136205520808
24086.23880776639; -0.0085911673031; 0.0132494048432
24092.10202543951; -0.00828809355739; 0.0128881266385
24097.96524311262; -0.00800084951222; 0.0125349611879
24103.82846078573; -0.00772586604532; 0.0121921824677
24109.69167845885; -0.0074686287733; 0.0118570788454
24115.55489613197; -0.00721980266523; 0.0115313327359
24121.41811380508; -0.00698433067395; 0.0112132408867
24127.28133147819; -0.00676130581574; 0.0109024144068
24133.14454915131; -0.00654709119597; 0.010601405399
24139.00776682442; -0.00634457296474; 0.010304821959
24144.87098449753; -0.00615051360291; 0.0100179383501
24150.73420217065; -0.00596381110382; 0.00973737243156
24156.59741984376; -0.00578772773779; 0.00946602605249
24162.46063751688; -0.0056179799176; 0.00919923737633
24168.32385518999; -0.00545661738944; 0.00893845763806
24174.18707286311; -0.00530099297353; 0.00868548939022
24180.05029053622; -0.00515270872683; 0.00843888768583
24185.91350820933; -0.00501084156557; 0.00819742594549
24191.77672588245; -0.00487461500151; 0.00796103108056
24197.63994355556; -0.00474440412692; 0.00773291125737
24203.50316122868; -0.00461883337978; 0.00750834635395
24209.36637890179; -0.00449762371909; 0.00729017807521
24215.22959657491; -0.00438339655254; 0.00707623638847
24221.09281424802; -0.0042717620237; 0.00686834196803
24226.95603192113; -0.00416596656666; 0.00666521429986
24232.81924959425; -0.00406183831187; 0.00646587943285
24238.68246726736; -0.00396444472541; 0.00627126425268
24244.54568494048; -0.00386964301406; 0.00608221432323
24250.40890261359; -0.00377859421036; 0.00589594300023
24256.2721202867; -0.00369025153426; 0.00571415665415
24262.13533795982; -0.00360638765202; 0.00553814542246
24267.99855563293; -0.00352358018122; 0.00536331682014
24273.86177330605; -0.00344582411886; 0.00519483363984
24279.72499097916; -0.00336939668039; 0.00502678693476
24285.58820865228; -0.00329547199624; 0.00486389515819
24291.45142632539; -0.00322480336142; 0.00470330026141
24297.3146439985; -0.00315513422873; 0.00454709604136
24303.17786167162; -0.00309022104829; 0.004395223794
24309.04107934473; -0.00302471301382; 0.00424421552246
24314.90429701785; -0.00296148457507; 0.00409571829321
24320.76751469096; -0.0029030698445; 0.00395372522186
24326.63073236407; -0.00284544767113; 0.00381156943321
24332.49395003719; -0.00278824302322; 0.00367361728959
24338.3571677103; -0.00273434710832; 0.0035374445878
24344.22038538342; -0.00268002148721; 0.00340369427956
24350.08360305653; -0.00263059144755; 0.00327278428517
24355.94682072964; -0.00257938315235; 0.00314422553226
24361.81003840276; -0.00253199410757; 0.00301885294929
24367.67325607587; -0.00248466869795; 0.00289451829409
24373.53647374899; -0.00243902464509; 0.00277341216343
24379.3996914221; -0.00239376561391; 0.00265397782614
24385.26290909521; -0.00235056849066; 0.00253628992228
24391.12612676833; -0.00231010693274; 0.00242158715968
24396.98934444144; -0.0022695205528; 0.00230740705036
24402.85256211456; -0.00222954128534; 0.00219709639916
24408.71577978767; -0.00219015496007; 0.00208751206582
24414.57899746079; -0.00215507628216; 0.00198170624599
24420.4422151339; -0.00211700831635; 0.00187535138825
24426.30543280701; -0.00208253848385; 0.00177074921987
24432.16865048013; -0.00204676269122; 0.00166858107131
24438.03186815324; -0.0020147059594; 0.00156896207116
24443.89508582636; -0.00198077275791; 0.00146923401372
24449.75830349947; -0.00194916139075; 0.00137262160918
24455.62152117259; -0.00191896275484; 0.00127755262795
24461.4847388457; -0.00188913025104; 0.00118432586302
24467.34795651881; -0.0018592678484; 0.00109197776822
24473.21117419193; -0.00183077836208; 0.000999468549935
24479.07439186504; -0.00180245575538; 0.000910791447482
24484.93760953816; -0.00177481108763; 0.000822515514976
24490.80082721127; -0.0017486284458; 0.000736769829744
24496.66404488438; -0.0017227953727; 0.0006515164688
24502.5272625575; -0.00169709611326; 0.000566449719215
24508.39048023061; -0.00167294248721; 0.000484055789338
24514.25369790373; -0.00164755747258; 0.000401348061586
24520.11691557684; -0.0016249787503; 0.000322072604247
24525.98013324996; -0.00160164600512; 0.000243021487199
24531.84335092307; -0.00157939635189; 0.000165189086641
24537.70656859618; -0.00155694190287; 8.75629012554e-05
24543.5697862693; -0.00153564689519; 1.2718391593e-05
24549.43300394241; -0.00151492213646; -6.28010501555e-05
24555.29622161552; -0.00149269093619; -0.000136035771112
24561.15943928864; -0.00147400095509; -0.000208565106163
24567.02265696176; -0.00145550266989; -0.000278910643287
24572.88587463487; -0.00143556807105; -0.000349094746619
24578.74909230798; -0.00141707143338; -0.000419330784607
24584.6123099811; -0.00139796540191; -0.000488303466825
24590.47552765421; -0.0013815060722; -0.000555835639136
24596.33874532732; -0.001361877675; -0.000622653869285
24602.20196300044; -0.00134726294101; -0.000687777937815
24608.06518067356; -0.00132973917843; -0.00075300366868
24613.92839834667; -0.00131376575759; -0.000816145727079
24619.79161601978; -0.0012958534565; -0.000880077035196
24625.6548336929; -0.00128080085513; -0.00094318383483
24631.51805136601; -0.00126521974936; -0.00100281248677
24637.38126903912; -0.00125037914429; -0.00106408033518
24643.24448671224; -0.00123482952732; -0.00112313025487
24649.10770438535; -0.00122099785875; -0.00118318386465
24654.97092205847; -0.00120658266766; -0.00123982374374
24660.83413973158; -0.00119151729724; -0.00129847035639
24666.69735740469; -0.00117961588851; -0.00135572333882
24672.56057507781; -0.00116445739722; -0.00141051193476
24678.42379275092; -0.00115048588397; -0.00146666227129
24684.28701042404; -0.0011388078171; -0.00152208751043
24690.15022809715; -0.00112556157715; -0.0015759350427
24696.01344577027; -0.00111302449953; -0.00162942536375
24701.87666344338; -0.00110176176444; -0.00168204180457
24707.73988111649; -0.00108910095237; -0.00173450899224
24713.60309878961; -0.00107728762311; -0.00178759640594
24719.46631646272; -0.00106545347329; -0.00183609647336
24725.32953413584; -0.00105531528441; -0.00188782110178
24731.19275180895; -0.00104449450318; -0.0019377687604
24737.05596948207; -0.00103354254182; -0.00198746305288
24742.91918715518; -0.00102284429346; -0.00203502881729
24748.78240482829; -0.00101228370729; -0.0020839754068
24754.64562250141; -0.00100208977563; -0.00213045993851
24760.50884017452; -0.00099151195499; -0.00217745088846
24766.37205784764; -0.000981335159088; -0.00222380067806
24772.23527552075; -0.000971757418816; -0.00226910086438
24778.09849319387; -0.00096186612322; -0.00231466502044
24783.96171086698; -0.000952947556271; -0.00235864318898
24789.82492854009; -0.000942704456754; -0.00240558641372
24795.68814621321; -0.000933730497489; -0.00244726860269
24801.55136388632; -0.000925242447588; -0.00249101092178
24807.41458155943; -0.000916454471232; -0.0025332889882
24813.27779923255; -0.000907800604048; -0.00257647361317
24819.14101690566; -0.000899697248116; -0.00261910158735
24825.00423457878; -0.000890735075132; -0.00266086316216
24830.86745225189; -0.000882309668167; -0.00270074987777
24836.730669925; -0.000873705500318; -0.0027429561705
24842.59388759812; -0.000866440505144; -0.00278286720349
24848.45710527123; -0.000857243378074; -0.00282303471765
24854.32032294435; -0.000850672972008; -0.00286192249915
24860.18354061746; -0.000843160619702; -0.00290002629325
24866.04675829058; -0.000836072029747; -0.00293909292788
24871.90997596369; -0.000827451908571; -0.00297810699219
24877.7731936368; -0.000821285689515; -0.00301463644905
24883.63641130992; -0.000813100194622; -0.00305295383949
24889.49962898303; -0.000807522057362; -0.00309102874748
24895.36284665615; -0.000800263969304; -0.00312634036396
24901.22606432926; -0.000793236394281; -0.00316254980607
24907.08928200238; -0.000785470416993; -0.00319864906875
24912.95249967549; -0.000779321511726; -0.00323379361378
24918.8157173486; -0.000773738151797; -0.00326962060533
24924.67893502172; -0.000767526893764; -0.00330345490382
24930.54215269483; -0.000761414616801; -0.00333753565302
24936.40537036795; -0.000753737158337; -0.00337354845752
24942.26858804106; -0.000748626334636; -0.00340718651923
24948.13180571418; -0.000741231657046; -0.00343962463231
24953.99502338729; -0.000736834839783; -0.0034732855925
24959.8582410604; -0.000731356143586; -0.00350644923312
24965.72145873352; -0.000724561249285; -0.00353851906804
24971.58467640663; -0.000719169459324; -0.00357107210011
24977.44789407975; -0.000713640430245; -0.00360334281714
24983.31111175286; -0.000708820922166; -0.00363537183284
24989.17432942597; -0.000702081662735; -0.00366669968289
24995.03754709909; -0.000697172869881; -0.00369754061607
25000.9007647722; -0.000692684834003; -0.00372780549119
25006.76398244531; -0.00068644880705; -0.00375815068071
25012.62720011843; -0.000682180891706; -0.00379027358622
25018.49041779155; -0.000677408138629; -0.00382009263943
25024.35363546466; -0.00067295697336; -0.00384902136702
25030.21685313777; -0.000666993609906; -0.00387948637309
25036.08007081089; -0.00066214311056; -0.00390822734679
25041.943288484; -0.000657401836593; -0.00393756261369
25047.80650615711; -0.000651398053991; -0.00396632230404
25053.66972383023; -0.000648038646578; -0.00399551207681
25059.53294150334; -0.000642949688989; -0.00402249932182
25065.39615917646; -0.00063893729119; -0.00405109484999
25071.25937684957; -0.000634663783565; -0.00407806953929
25077.12259452269; -0.000629858642706; -0.00410574046696
25082.9858121958; -0.000624344887157; -0.00413317620906
25088.84902986891; -0.000621199774893; -0.00416120491112
25094.71224754203; -0.000616631555899; -0.00418796409325
25100.57546521514; -0.000613145373479; -0.00421465257733
25106.43868288826; -0.000606814153069; -0.0042408187244
25112.30190056137; -0.000604737649417; -0.00426832481694
25118.16511823449; -0.000599956990044; -0.00429556470366
25124.0283359076; -0.000595930404049; -0.00432056660782
25129.89155358071; -0.000591946056914; -0.00434636376374
25135.75477125383; -0.000587993289465; -0.00436996715715
25141.61798892694; -0.000583448795453; -0.00439716631206
25147.48120660006; -0.000580234592882; -0.00442205827486
25153.34442427317; -0.00057672912218; -0.00444698971867
25159.20764194628; -0.00057375521845; -0.00447133732071
25165.0708596194; -0.000568180259249; -0.00449502871129
25170.93407729251; -0.000565038835885; -0.00451964718522
25176.79729496563; -0.000562202191164; -0.00454612726505
25182.66051263874; -0.000558175129263; -0.00456832652647
25188.52373031186; -0.000556337240253; -0.00459106639648
25194.38694798497; -0.000552655713679; -0.00461500210612
25200.25016565808; -0.000549098027725; -0.00463849772002
25206.1133833312; -0.000545595226603; -0.00466120238074
25211.97660100431; -0.000542749836532; -0.00468440073914
25217.83981867742; -0.000537804999318; -0.00470790355207
25223.70303635054; -0.000535394726978; -0.00472991289129
25229.56625402365; -0.000532780862921; -0.00475246088736
25235.42947169677; -0.000529217427793; -0.00477624100401
25241.29268936988; -0.000526042890105; -0.00479804648285
25247.155907043; -0.000523041107897; -0.0048186373583
25253.01912471611; -0.000520084579371; -0.00484117759291
25258.88234238922; -0.000516539822473; -0.00486217591448
25264.74556006234; -0.000513822408366; -0.00488401953526
25270.60877773546; -0.000511110453265; -0.00490619196115
25276.47199540857; -0.000508848067405; -0.00492670004569
25282.33521308168; -0.000505635141627; -0.00494835494112
25288.1984307548; -0.000503480100641; -0.004970861906
25294.06164842791; -0.000498811841348; -0.00498903045715
25299.92486610102; -0.000497378774139; -0.00501186547846
25305.78808377414; -0.000494607354658; -0.00503080289564
25311.65130144725; -0.000492297962789; -0.0050534301659
25317.51451912037; -0.000488499641205; -0.00507035101263
25323.37773679348; -0.000487467737976; -0.00509180124171
25329.24095446659; -0.000484166782957; -0.00511164169588
25335.10417213971; -0.00048157329575; -0.00513115491451
25340.96738981282; -0.000478011261365; -0.00515152734343
25346.83060748594; -0.000475370427256; -0.00517071031593
25352.69382515905; -0.000474903639457; -0.00519063629213
25358.55704283217; -0.000471914900432; -0.00521043581096
25364.42026050528; -0.000469279580156; -0.00522929394873
25370.28347817839; -0.000465818607131; -0.00524717132064
25376.14669585151; -0.000464203591778; -0.00526724175151
25382.00991352462; -0.000462162308476; -0.0052852322943
25387.87313119774; -0.000459538749617; -0.00530546311913
25393.73634887085; -0.000458274268106; -0.0053220217713
25399.59956654396; -0.000455328209286; -0.00534154028683
25405.46278421708; -0.000452076127228; -0.00535964495766
25411.32600189019; -0.000450350870409; -0.00537867625433
25417.18921956331; -0.000447935732579; -0.00539740858991
25423.05243723642; -0.000446782697097; -0.00541477611525
25428.91565490954; -0.0004421967492; -0.00543263406175
25434.77887258265; -0.000440801617048; -0.00544971175402
25440.64209025577; -0.000439173117664; -0.00546637446969
25446.50530792888; -0.000437370613482; -0.00548430091323
25452.36852560199; -0.00043482067363; -0.00550202779571
25458.23174327511; -0.000433975168423; -0.00551926922087
25464.09496094822; -0.000431604593166; -0.00553756537203
25469.95817862133; -0.000430079498002; -0.00555434699222
25475.82139629445; -0.000427455294903; -0.00557061651138
25481.68461396756; -0.000425421732035; -0.00558898159819
25487.54783164068; -0.000423699080521; -0.00560584564079
25493.41104931379; -0.000420933198743; -0.00562220936939
25499.2742669869; -0.000419836186142; -0.00563852988804
25505.13748466002; -0.00041661872035; -0.00565469845798
25511.00070233313; -0.000414672719271; -0.00567174474188
25516.86392000625; -0.000413694672104; -0.00568735758336
25522.72713767936; -0.00041158192617; -0.00570431285005
25528.59035535248; -0.000409641987311; -0.00572028294178
25534.45357302559; -0.000408595486244; -0.00573572593544
25540.3167906987; -0.000406889452809; -0.00575260697742
25546.18000837182; -0.000405330601568; -0.00576777019111
25552.04322604493; -0.000403050379763; -0.00578357333981
25557.90644371805; -0.000401194893881; -0.00579999732013
25563.76966139116; -0.00039944921732; -0.00581503500079
25569.63287906427; -0.000397723485961; -0.0058303090691
25575.49609673739; -0.00039662360188; -0.00584587113151
25581.3593144105; -0.000395231997383; -0.00586094269419
25587.22253208362; -0.000392584383216; -0.00587687222541
25593.08574975673; -0.000391010111494; -0.005891641455
25598.94896742985; -0.000390485195659; -0.00590696106418
25604.81218510296; -0.000387674083571; -0.00592179765735
25610.67540277607; -0.000386941833909; -0.00593669116456
25616.53862044919; -0.00038506273655; -0.00595173433493
25622.4018381223; -0.000383927620682; -0.00596575485093
25628.26505579542; -0.000382751214661; -0.00598158522679
25634.12827346853; -0.00038069007368; -0.00599535565467
25639.99149114165; -0.000378914458367; -0.00600917934646
25645.85470881476; -0.000377349965116; -0.00602516955757
25651.71792648787; -0.000375643854353; -0.00603749462745
25657.58114416099; -0.000373733973098; -0.00605259259339
25663.4443618341; -0.000374100500672; -0.00606738153818
25669.30757950721; -0.000371960406622; -0.00608166000808
25675.17079718033; -0.000370399939932; -0.00609679369179
25681.03401485345; -0.000369737488345; -0.00611002921687
25686.89723252656; -0.000368482985963; -0.00612450527122
25692.76045019967; -0.000366523138079; -0.00613932108312
25698.62366787279; -0.000364019738275; -0.00615249576136
25704.4868855459; -0.000363970243699; -0.00616528994673
25710.35010321901; -0.000361622199928; -0.00618001405218
25716.21332089213; -0.000361122340571; -0.00619172658862
25722.07653856524; -0.000358689508896; -0.00620555161824
25727.93975623836; -0.000357750148193; -0.00621925370013
25733.80297391147; -0.000357466726187; -0.00623369491928
25739.66619158458; -0.000356399905583; -0.00624605315011
25745.5294092577; -0.000354030560497; -0.0062602067679
25751.39262693081; -0.000352973943299; -0.00627331487323
25757.25584460393; -0.000351756100176; -0.0062865098715
25763.11906227704; -0.000349463144503; -0.00629908647402
25768.98227995016; -0.000348951549961; -0.00631200324411
25774.84549762327; -0.000347840267734; -0.00632532610496
25780.70871529638; -0.000346928333843; -0.00633719368612
25786.5719329695; -0.000345165569884; -0.00635065286437
25792.43515064261; -0.000343039196948; -0.00636236789832
25798.29836831573; -0.000342942416265; -0.00637480711527
25804.16158598884; -0.000342088824742; -0.00638766376319
25810.02480366196; -0.000339429685246; -0.00640056584754
25815.88802133507; -0.000337722499093; -0.00641379960214
25821.75123900818; -0.000337451346984; -0.00642469377586
25827.6144566813; -0.000335831397888; -0.00643857958135
25833.47767435441; -0.000334953188373; -0.00645000055227
25839.34089202753; -0.000334642194842; -0.00646281704237
25845.20410970064; -0.000332181261656; -0.00647231434404
25851.06732737376; -0.000330876395062; -0.00648272319533
25856.93054504687; -0.000329256618774; -0.00649515042397
25862.79376271998; -0.00032926931286; -0.00650789400805
25868.6569803931; -0.000327325857162; -0.00651915728742
25874.52019806621; -0.000327477952833; -0.00653100045858
25880.38341573932; -0.000326215500765; -0.0065436956103
25886.24663341244; -0.000325153422323; -0.00655505940203
25892.10985108555; -0.000323540035969; -0.00656660911711
25897.97306875867; -0.000321972864933; -0.00657929905013
25903.83628643178; -0.000322005084383; -0.0065903028033
25909.69950410489; -0.000320160813272; -0.00660193516209
25915.56272177801; -0.00032028842957; -0.00661383514783
25921.42593945112; -0.000317601125531; -0.00662562079107
25927.28915712424; -0.000316328042139; -0.00663738306476
25933.15237479735; -0.000316116138212; -0.00664745836168
25939.01559247047; -0.000315715754232; -0.00665910453732
25944.87881014358; -0.000313975559055; -0.00667083102624
25950.74202781669; -0.000313020246765; -0.00668246823933
25956.60524548981; -0.000312944970662; -0.00669267500494
25962.46846316292; -0.000311277352295; -0.00670537865175
25968.33168083604; -0.000310457942282; -0.00671664034364
25974.19489850915; -0.000310351902423; -0.00672689386202
25980.05811618227; -0.00030951795462; -0.00673759563952
25985.92133385538; -0.000307735423115; -0.00674881946126
25991.78455152849; -0.000306693532304; -0.00676097943729
25997.64776920161; -0.000306472320964; -0.00677064830704
26003.51098687472; -0.000306102973256; -0.0067827067417
26009.37420454784; -0.000304625618102; -0.00679354636962
26015.23742222095; -0.000303883616698; -0.00680389288193
26021.10063989407; -0.000303289526887; -0.00681423887184
26026.96385756718; -0.000302790789044; -0.00682519548473
26032.82707524029; -0.000301632500061; -0.00683502100919
26038.69029291341; -0.000300234936408; -0.00684666726091
26044.55351058652; -0.000298975943244; -0.00685589590886
26050.41672825964; -0.000298909572992; -0.00686746661768
26056.27994593275; -0.000298472409905; -0.00687705402677
26062.14316360586; -0.000298082719286; -0.00688802584979
26068.00638127898; -0.000297545970549; -0.00689781575818
26073.86959895209; -0.00029699340499; -0.00690860219541
26079.7328166252; -0.000295575631701; -0.00691956315797
26085.59603429832; -0.000293713998686; -0.00692965215252
26091.45925197144; -0.000293850895544; -0.00694019770796
26097.32246964455; -0.000293378937913; -0.0069499796536
26103.18568731766; -0.000291257123515; -0.00696017672006
26109.04890499078; -0.000291305819939; -0.00697068236756
26114.91212266389; -0.000290651141499; -0.0069787309697
26120.775340337; -0.000289836202128; -0.00699043725756
26126.63855801012; -0.000289166917148; -0.00699946161212
26132.50177568323; -0.000287856449198; -0.00700923334305
26138.36499335635; -0.000287783208132; -0.00701964928271
26144.22821102946; -0.000285064023671; -0.00702977294673
26150.09142870258; -0.000286622497469; -0.00703855612361
26155.95464637569; -0.00028456944442; -0.00704976862403
26161.8178640488; -0.000285495947678; -0.00705842551598
26167.68108172192; -0.000283897001148; -0.00706813677141
26173.54429939503; -0.000282954883093; -0.00707882005356
26179.40751706815; -0.000281719394239; -0.00708673519313
26185.27073474126; -0.000280767943907; -0.00709730087342
26191.13395241438; -0.000281002414751; -0.00710776501147
26196.99717008749; -0.000281475672797; -0.00711742521605
26202.8603877606; -0.000279090992393; -0.0071274576034
26208.72360543372; -0.000279818751646; -0.00713565573668
26214.58682310683; -0.00027877732058; -0.00714597287305
26220.45004077995; -0.000278869581639; -0.0071544216804
26226.31325845306; -0.000278609241495; -0.00716351329784
26232.17647612617; -0.000276680227859; -0.00717305241108
26238.03969379929; -0.000276018138921; -0.0071819878772
26243.9029114724; -0.000275086860928; -0.00719265989672
26249.76612914552; -0.000274870239953; -0.00720166618533
26255.62934681863; -0.000274363112323; -0.00721136282005
26261.49256449175; -0.000274320410113; -0.00722022574878
26267.35578216486; -0.000273465381297; -0.00722977463277
26273.21899983797; -0.000272462735656; -0.00723834377136
26279.08221751109; -0.00027266660859; -0.00724625275944
26284.9454351842; -0.00027097555715; -0.00725528573503
26290.80865285731; -0.000271135362191; -0.00726431935523
26296.67187053043; -0.000270936245592; -0.00727508951713
26302.53508820354; -0.000270748553619; -0.00728364613021
26308.39830587666; -0.000269082452859; -0.00729366441328
26314.26152354977; -0.000268391665536; -0.00730112458303
26320.12474122289; -0.0002689696772; -0.00730948516309
26325.987958896; -0.000268321666556; -0.00731801790759
26331.85117656911; -0.000267443033598; -0.00732850038919
26337.71439424223; -0.000265889692086; -0.00733589396989
26343.57761191535; -0.000267829723566; -0.00734534334842
26349.44082958846; -0.000266367133712; -0.00735360942302
26355.30404726157; -0.000266015565133; -0.00736337173427
26361.16726493469; -0.000264992702396; -0.00737181327123
26367.0304826078; -0.000264164670734; -0.00738083043907
26372.89370028091; -0.000264522448606; -0.00738871669513
26378.75691795403; -0.000264154222661; -0.00739699052771
26384.62013562714; -0.000262867018332; -0.00740507677088
26390.48335330026; -0.000262916856908; -0.00741388928318
26396.34657097337; -0.000262209912245; -0.00742240417632
26402.20978864648; -0.000261418024897; -0.00743045601992
26408.0730063196; -0.000261569576284; -0.00743941579099
26413.93622399271; -0.000259841130838; -0.00744943953829
26419.79944166583; -0.000260076757137; -0.00745689549065
26425.66265933894; -0.000258949949501; -0.00746432152601
26431.52587701206; -0.000259335071139; -0.00747356035809
26437.38909468517; -0.000257452332122; -0.00748257527395
26443.25231235828; -0.000258945968566; -0.00749011295886
26449.1155300314; -0.000258379149668; -0.00749875194898
26454.97874770451; -0.000256756105312; -0.00750600926872
26460.84196537763; -0.000257067300991; -0.00751447286909
26466.70518305074; -0.000255567408136; -0.00752202280288
26472.56840072385; -0.000255134123914; -0.00753048925036
26478.43161839697; -0.000254508057456; -0.0075394321
26484.29483607008; -0.000255157351358; -0.00754794554503
26490.1580537432; -0.000255623097956; -0.00755494903429
26496.02127141631; -0.00025371670022; -0.00756244851162
26501.88448908943; -0.000254584576536; -0.00757021295725
26507.74770676254; -0.000253377689468; -0.00757909070996
26513.61092443566; -0.000253021737522; -0.00758596046214
26519.47414210877; -0.000253205899851; -0.00759500555868
26525.33735978188; -0.000253784079226; -0.00760212434163
26531.200577455; -0.000253134745167; -0.00761033440715
26537.06379512811; -0.000252034815336; -0.00761828770332
26542.92701280122; -0.000251878450674; -0.00762455479054
26548.79023047434; -0.000251142871031; -0.0076333220448
26554.65344814745; -0.000251096189876; -0.00764096129643
26560.51666582057; -0.000250052198137; -0.00764986299554
26566.37988349368; -0.000249552530983; -0.00765717096631
26572.24310116679; -0.000250528763662; -0.00766561813868
26578.10631883991; -0.000250828809591; -0.00767308598448
26583.96953651302; -0.000249764875385; -0.00768113538813
26589.83275418614; -0.000249402492354; -0.00768826143127
26595.69597185925; -0.000248549027018; -0.00769628637058
26601.55918953237; -0.000248600486637; -0.00770319351043
26607.42240720548; -0.000246968616742; -0.00771167648698
26613.28562487859; -0.000247159610102; -0.00771929410461
26619.14884255171; -0.000245280225682; -0.00772628494354
26625.01206022482; -0.000246671119551; -0.00773292624259
26630.87527789794; -0.000245930958868; -0.00774164164028
26636.73849557105; -0.000246109318811; -0.0077476666588
26642.60171324416; -0.000245082675548; -0.00775540888823
26648.46493091728; -0.000244886280122; -0.00776429939718
26654.32814859039; -0.00024409354191; -0.00777060522022
26660.19136626351; -0.000244217067746; -0.00777740309005
26666.05458393662; -0.00024318931652; -0.00778556529485
26671.91780160974; -0.000244357558523; -0.00779244672788
26677.78101928285; -0.000242441865185; -0.00780269618961
26683.64423695597; -0.000243059761285; -0.0078106176654
26689.50745462908; -0.000242187748134; -0.00781680919182
26695.37067230219; -0.000240582808881; -0.00782447815283
26701.23388997531; -0.000241087457394; -0.00783212045423
26707.09710764842; -0.000240821388588; -0.00783816794618
26712.96032532154; -0.000240444036368; -0.00784570393507
26718.82354299465; -0.000239450659102; -0.00785386187535
26724.68676066776; -0.000239821386419; -0.00786130453811
26730.54997834088; -0.000239741119136; -0.00786823593418
26736.41319601399; -0.000239498685676; -0.00787578242174
26742.2764136871; -0.00023936865988; -0.00788180876729
26748.13963136022; -0.000238129282588; -0.00788939629661
26754.00284903334; -0.000239012510758; -0.00789740326895
26759.86606670645; -0.000237911214994; -0.00790302530092
26765.72928437956; -0.000238083856346; -0.00790715909217
