% Module: Sweep, ID: c0p1t8p1cfm0
% Devices: DEV646
% Time: 2026/01/15 16:17:55
% Demod 1 Sample X, /dev646/demods/0/sample.X
% Demod 1 Sample Y, /dev646/demods/0/sample.Y
% Frequency (Hz); Demod 1 Sample X  Amplitude (V); Demod 1 Sample Y  Amplitude (V)
21624.22717150029; -0.000415968301222; -0.0077716817749
21626.28810379144; -0.000418263367012; -0.00778023156579
21628.34903608259; -0.000419995950978; -0.00778869522661
21630.40996837374; -0.000423030550973; -0.00779732672515
21632.47090066489; -0.000425052340696; -0.00780593183276
21634.53183295604; -0.000427348786813; -0.00781415662524
21636.59276524719; -0.000430230049997; -0.00782337796068
21638.65369753834; -0.000432011933977; -0.00783203336063
21640.71462982949; -0.000434908959464; -0.00784138897022
21642.77556212065; -0.000437044399737; -0.0078507779866
21644.8364944118; -0.000439134920444; -0.0078587705739
21646.89742670295; -0.000442092533183; -0.00786846577452
21648.9583589941; -0.000445452934229; -0.00787750247908
21651.01929128525; -0.000448188605559; -0.0078869609203
21653.0802235764; -0.000449928656555; -0.00789525776019
21655.14115586755; -0.000452624347851; -0.00790526956418
21657.2020881587; -0.000455723000226; -0.00791454231605
21659.26302044985; -0.000458533552474; -0.00792411633377
21661.323952741; -0.000460595885931; -0.00793333038534
21663.38488503216; -0.00046368548233; -0.00794252677934
21665.4458173233; -0.000466887816112; -0.00795222724041
21667.50674961445; -0.000469110629098; -0.00796158857547
21669.56768190561; -0.000471942948813; -0.00797132364458
21671.62861419676; -0.000474936595607; -0.00798062482124
21673.68954648791; -0.000477770121646; -0.00799007040027
21675.75047877906; -0.000480191756402; -0.00799981696716
21677.81141107021; -0.000483128231993; -0.00800946626657
21679.87234336136; -0.000486457978523; -0.00801991518613
21681.93327565251; -0.000489433135052; -0.00802938600437
21683.99420794366; -0.000492667672065; -0.00803859420278
21686.05514023481; -0.000495662922112; -0.00804887307482
21688.11607252597; -0.000498414590441; -0.00805934263275
21690.17700481712; -0.000501170992837; -0.00806891487076
21692.23793710827; -0.000504756189487; -0.00807884724461
21694.29886939942; -0.000508088003047; -0.00808940109329
21696.35980169057; -0.000511255184326; -0.00809883843336
21698.42073398172; -0.000513593434888; -0.00811026036339
21700.48166627287; -0.000516699919836; -0.00812041814878
21702.54259856402; -0.000520275452655; -0.0081304910001
21704.60353085517; -0.000523124333761; -0.00814073400648
21706.66446314632; -0.000526159773538; -0.00815189276797
21708.72539543748; -0.000529506690006; -0.00816194798982
21710.78632772863; -0.000533090882411; -0.0081726302411
21712.84726001977; -0.000536524703662; -0.00818317060674
21714.90819231093; -0.000539782007232; -0.00819347338513
21716.96912460208; -0.000542998621295; -0.00820477917726
21719.03005689323; -0.000547244797257; -0.00821512143214
21721.09098918438; -0.000550173212271; -0.0082256411721
21723.15192147553; -0.000553746314824; -0.00823614742001
21725.21285376668; -0.000557482027245; -0.00824782613072
21727.27378605783; -0.000560706095723; -0.00825858387232
21729.33471834898; -0.000564374444487; -0.00826912541443
21731.39565064013; -0.000567984839344; -0.00828097380857
21733.45658293129; -0.00057128691117; -0.00829168437149
21735.51751522244; -0.000574992491082; -0.00830222580653
21737.57844751359; -0.000578703805153; -0.00831372381734
21739.63937980474; -0.000581847556405; -0.0083249223644
21741.70031209589; -0.000586007893522; -0.00833705675048
21743.76124438704; -0.000589232854782; -0.00834862897682
21745.82217667819; -0.000593775416219; -0.00836025928021
21747.88310896934; -0.000597136921281; -0.00837115985339
21749.94404126049; -0.000600998445503; -0.00838294951377
21752.00497355164; -0.000605012580142; -0.0083952524328
21754.0659058428; -0.000609158639362; -0.00840654305541
21756.12683813395; -0.000612409458069; -0.00841762903063
21758.1877704251; -0.000616192405628; -0.00843025635838
21760.24870271625; -0.000620942229187; -0.00844190028013
21762.3096350074; -0.000624801950614; -0.00845417237095
21764.37056729855; -0.000628805179789; -0.00846563478633
21766.4314995897; -0.00063318799763; -0.00847754273917
21768.49243188085; -0.000637403857081; -0.008490814972
21770.553364172; -0.000642290667909; -0.00850212449404
21772.61429646315; -0.000645774119794; -0.0085141437357
21774.67522875431; -0.000650033203095; -0.00852687229383
21776.73616104545; -0.000654322748139; -0.00853883892374
21778.79709333661; -0.000658044180201; -0.0085511245719
21780.85802562776; -0.000662580493472; -0.00856454154658
21782.91895791891; -0.0006668528125; -0.00857710442111
21784.97989021006; -0.000671551363094; -0.0085888321909
21787.04082250121; -0.000676354740112; -0.00860266159348
21789.10175479236; -0.000680000067623; -0.00861452652094
21791.16268708351; -0.000685607364461; -0.00862793057658
21793.22361937466; -0.000689132003705; -0.00864035973334
21795.28455166581; -0.000695045841472; -0.00865334998822
21797.34548395696; -0.000699375052469; -0.00866672155248
21799.40641624812; -0.000703655525998; -0.00867991301039
21801.46734853927; -0.000708967173218; -0.00869327414896
21803.52828083042; -0.00071325702719; -0.00870564600121
21805.58921312157; -0.0007185583428; -0.00871979075423
21807.65014541272; -0.000723374395692; -0.00873296670545
21809.71107770387; -0.000728197519224; -0.00874669788786
21811.77200999502; -0.000733521976088; -0.00875987894978
21813.83294228617; -0.000737876897915; -0.00877337552813
21815.89387457732; -0.000743250232018; -0.00878776942465
21817.95480686847; -0.000748804320479; -0.00880198989575
21820.01573915963; -0.000754135982832; -0.0088161887594
21822.07667145078; -0.00075880024378; -0.0088295669939
21824.13760374192; -0.000764181175685; -0.00884353705227
21826.19853603308; -0.000769934347766; -0.00885770073541
21828.25946832423; -0.000774758075691; -0.00887102145602
21830.32040061538; -0.000780346359026; -0.00888584633347
21832.38133290653; -0.000785839782003; -0.00890082635584
21834.44226519768; -0.000791732055153; -0.00891467462816
21836.50319748883; -0.000796896710498; -0.00892886277096
21838.56412977998; -0.000802824353771; -0.00894330281498
21840.62506207113; -0.000808504680808; -0.00895855691789
21842.68599436228; -0.000814358423099; -0.00897295824889
21844.74692665344; -0.000820198617888; -0.00898731325062
21846.80785894459; -0.000825989661127; -0.00900313115391
21848.86879123574; -0.000832173984152; -0.00901757221933
21850.92972352689; -0.000838086941213; -0.00903199400717
21852.99065581804; -0.000844016244663; -0.00904733441639
21855.05158810919; -0.000850147646468; -0.00906326769133
21857.11252040034; -0.000856487711031; -0.00907856150058
21859.17345269149; -0.000861801138584; -0.00909344141244
21861.23438498264; -0.000868299421336; -0.00910888313926
21863.29531727379; -0.000875032927148; -0.0091255940078
21865.35624956495; -0.000881448240404; -0.00914116380185
21867.4171818561; -0.000887689024391; -0.00915686977646
21869.47811414725; -0.000894679658193; -0.00917176641979
21871.5390464384; -0.00090044870581; -0.00918908217961
21873.59997872955; -0.000907423741389; -0.00920488246595
21875.6609110207; -0.000914032910805; -0.00922047959778
21877.72184331185; -0.000920729207623; -0.00923695195875
21879.782775603; -0.000927535303475; -0.00925392118206
21881.84370789415; -0.000934862141246; -0.00927003576568
21883.9046401853; -0.000941598965414; -0.00928647583827
21885.96557247645; -0.000948831043674; -0.00930328532507
21888.0265047676; -0.000955982424009; -0.00932033840389
21890.08743705876; -0.00096299194162; -0.00933642349662
21892.14836934991; -0.000970449712189; -0.00935359024785
21894.20930164106; -0.000977851377416; -0.00937118738262
21896.27023393221; -0.000985130257962; -0.00938797677351
21898.33116622336; -0.000993095780802; -0.00940513674972
21900.39209851451; -0.00100043151255; -0.00942276880583
21902.45303080566; -0.00100812511342; -0.00944047864506
21904.51396309681; -0.00101593570427; -0.00945819075717
21906.57489538796; -0.00102423829678; -0.00947504443076
21908.63582767911; -0.00103164617094; -0.00949353468401
21910.69675997027; -0.00103957777368; -0.00951179772855
21912.75769226142; -0.00104825473702; -0.00952964840141
21914.81862455257; -0.00105594803042; -0.00954816955495
21916.87955684372; -0.00106488145128; -0.00956598834398
21918.94048913487; -0.00107345053445; -0.00958415214509
21921.00142142602; -0.00108211229742; -0.00960245157007
21923.06235371717; -0.00108979880903; -0.00962141734452
21925.12328600832; -0.00109883128946; -0.00964039858896
21927.18421829947; -0.00110692640608; -0.00965878253561
21929.24515059062; -0.00111604041021; -0.00967810888299
21931.30608288178; -0.00112590935569; -0.00969669338367
21933.36701517292; -0.00113431372997; -0.00971585518485
21935.42794746408; -0.00114333858691; -0.00973539144262
21937.48887975523; -0.00115278567458; -0.00975475917321
21939.54981204638; -0.00116125613096; -0.00977345254237
21941.61074433753; -0.00117044337006; -0.0097928725844
21943.67167662868; -0.00118047857293; -0.00981287106033
21945.73260891983; -0.00119084706903; -0.00983234273294
21947.79354121098; -0.0011988787802; -0.00985273598291
21949.85447350213; -0.0012096249524; -0.0098732873016
21951.91540579328; -0.00121962065277; -0.00989288659243
21953.97633808443; -0.00122964969632; -0.00991429078895
21956.03727037559; -0.00123987470198; -0.00993455832066
21958.09820266674; -0.00124995086235; -0.00995602800911
21960.15913495789; -0.00126039622747; -0.00997624449863
21962.22006724904; -0.00127070256553; -0.00999696774193
21964.28099954019; -0.00128139110106; -0.0100185768895
21966.34193183134; -0.00129258237032; -0.0100399692387
21968.40286412249; -0.00130322823208; -0.0100606468723
21970.46379641364; -0.00131360105386; -0.01008331062
21972.52472870479; -0.00132500835599; -0.010104279828
21974.58566099594; -0.00133663389978; -0.0101257659554
21976.6465932871; -0.00134697286438; -0.0101486089698
21978.70752557825; -0.00135980096255; -0.0101698775111
21980.7684578694; -0.0013704953777; -0.0101931325301
21982.82939016055; -0.00138254389409; -0.0102144178926
21984.8903224517; -0.00139475498072; -0.0102371911432
21986.95125474285; -0.00140662352607; -0.0102596610692
21989.012187034; -0.00141886560046; -0.0102832180417
21991.07311932515; -0.00143120348384; -0.010305872075
21993.1340516163; -0.00144404500836; -0.0103292963928
21995.19498390746; -0.00145685261838; -0.0103532736032
21997.2559161986; -0.0014697339687; -0.0103765282906
21999.31684848975; -0.00148285047261; -0.0104000792431
22001.37778078091; -0.00149583246498; -0.0104227657066
22003.43871307206; -0.0015087219998; -0.0104479617492
22005.49964536321; -0.00152229270368; -0.0104729072831
22007.56057765436; -0.00153602111297; -0.0104962160571
22009.62150994551; -0.00154988226955; -0.0105208936532
22011.68244223666; -0.0015636710467; -0.0105455601206
22013.74337452781; -0.0015784087733; -0.0105695222335
22015.80430681896; -0.00159202508898; -0.0105953371326
22017.86523911011; -0.0016072349758; -0.010620665929
22019.92617140126; -0.00162200880037; -0.0106461219281
22021.98710369242; -0.00163740183203; -0.0106709170751
22024.04803598357; -0.00165214676111; -0.0106969682365
22026.10896827472; -0.00166770355928; -0.0107230147324
22028.16990056587; -0.00168261929965; -0.0107484701164
22030.23083285702; -0.00169767412086; -0.0107742180681
22032.29176514817; -0.0017139696863; -0.0108006403953
22034.35269743932; -0.0017294784167; -0.010827829539
22036.41362973047; -0.00174576948339; -0.0108543803353
22038.47456202162; -0.00176346135144; -0.0108812223077
22040.53549431277; -0.00178023758237; -0.0109083045493
22042.59642660393; -0.0017966389141; -0.0109365483317
22044.65735889507; -0.00181376878964; -0.0109635667085
22046.71829118623; -0.00183123538977; -0.0109916136527
22048.77922347738; -0.00184885376284; -0.011019537541
22050.84015576853; -0.00186602203801; -0.011048141106
22052.90108805968; -0.00188477080166; -0.011076306784
22054.96202035083; -0.00190335785384; -0.0111055820979
22057.02295264198; -0.00192188087048; -0.0111340966608
22059.08388493313; -0.00193970385872; -0.011162107766
22061.14481722428; -0.00195978250341; -0.0111908247576
22063.20574951543; -0.0019790839619; -0.0112206732787
22065.26668180658; -0.00199812014297; -0.0112502527599
22067.32761409774; -0.00201845071688; -0.0112803471463
22069.38854638889; -0.0020387078479; -0.0113102907953
22071.44947868004; -0.00205836823445; -0.0113409871839
22073.51041097119; -0.00207979440136; -0.0113704478192
22075.57134326234; -0.00210108570726; -0.0114013874812
22077.63227555349; -0.00212222936305; -0.0114321860287
22079.69320784464; -0.00214397436138; -0.0114641245148
22081.75414013579; -0.00216481808257; -0.0114952596789
22083.81507242694; -0.00218735041378; -0.0115262375554
22085.87600471809; -0.00221051438173; -0.0115582594445
22087.93693700925; -0.00223365995511; -0.0115903412863
22089.9978693004; -0.00225602883914; -0.0116223833709
22092.05880159155; -0.00228042742031; -0.011654229737
22094.1197338827; -0.00230374253097; -0.011686799747
22096.18066617385; -0.00232770768647; -0.011720650778
22098.241598465; -0.0023527732005; -0.0117536096609
22100.30253075615; -0.00237757378005; -0.0117871317182
22102.3634630473; -0.00240314313175; -0.0118207451644
22104.42439533845; -0.002428250891; -0.0118546657911
22106.48532762961; -0.00245482954416; -0.0118888960192
22108.54625992075; -0.00248103164924; -0.011922851553
22110.6071922119; -0.00250767947608; -0.0119585175414
22112.66812450306; -0.00253502734434; -0.0119924933056
22114.72905679421; -0.00256262027495; -0.0120278134069
22116.78998908536; -0.00259081478509; -0.0120632714019
22118.85092137651; -0.00261973865984; -0.0120986549624
22120.91185366766; -0.00264828700213; -0.0121347988822
22122.97278595881; -0.00267705410832; -0.0121704835741
22125.03371824996; -0.00270729030109; -0.0122082426384
22127.09465054111; -0.00273733304701; -0.0122439849483
22129.15558283226; -0.00276798156907; -0.0122807756928
22131.21651512341; -0.0027991138706; -0.0123185027848
22133.27744741457; -0.00283131686107; -0.0123555931902
22135.33837970572; -0.00286259677017; -0.0123934216623
22137.39931199687; -0.00289631651737; -0.0124314342242
22139.46024428802; -0.00292805902779; -0.0124701469311
22141.52117657917; -0.00296230360373; -0.0125083760335
22143.58210887032; -0.00299734439045; -0.0125477464471
22145.64304116147; -0.00303210177451; -0.01258682499
22147.70397345262; -0.00306787526258; -0.0126263791768
22149.76490574377; -0.0031027234127; -0.012666077064
22151.82583803493; -0.00313886787262; -0.0127056817338
22153.88677032608; -0.00317691153535; -0.0127457269811
22155.94770261722; -0.00321437219804; -0.0127855290117
22158.00863490838; -0.00325274817568; -0.0128265771876
22160.06956719953; -0.00329134988648; -0.0128682846517
22162.13049949068; -0.0033309174618; -0.0129090422945
22164.19143178183; -0.00337143934687; -0.0129507646771
22166.25236407298; -0.00341246024124; -0.012992607873
22168.31329636413; -0.00345416344138; -0.013035248877
22170.37422865528; -0.00349601965024; -0.0130771909992
22172.43516094643; -0.0035389034749; -0.0131204691184
22174.49609323758; -0.00358327979794; -0.0131633416523
22176.55702552873; -0.00362712148939; -0.0132061476237
22178.61795781989; -0.00367210384818; -0.0132501822312
22180.67889011104; -0.00371870702811; -0.0132935027254
22182.73982240219; -0.00376470765102; -0.0133371743428
22184.80075469334; -0.0038125730604; -0.0133817519415
22186.86168698449; -0.00386177508731; -0.0134261934283
22188.92261927564; -0.00391062378031; -0.013471394674
22190.98355156679; -0.00396069753025; -0.0135164372535
22193.04448385794; -0.00401120844421; -0.0135616197198
22195.10541614909; -0.004062754636; -0.0136075470482
22197.16634844025; -0.00411579954717; -0.013653389765
22199.2272807314; -0.00416985638876; -0.0137005409182
22201.28821302255; -0.00422478341835; -0.0137461700553
22203.3491453137; -0.00427966477451; -0.0137926673227
22205.41007760485; -0.00433612235602; -0.0138393689786
22207.471009896; -0.00439329147587; -0.0138868253701
22209.53194218715; -0.0044521337916; -0.0139333931554
22211.5928744783; -0.00451086203447; -0.0139814494451
22213.65380676945; -0.00457265181526; -0.014029336399
22215.7147390606; -0.00463414611282; -0.0140776991852
22217.77567135176; -0.00469723507406; -0.0141261932659
22219.8366036429; -0.00476084358128; -0.0141743255788
22221.89753593405; -0.00482643489543; -0.0142233853009
22223.95846822521; -0.00489251581667; -0.0142725545854
22226.01940051636; -0.00496073687579; -0.0143211112826
22228.08033280751; -0.00502976770705; -0.014370371018
22230.14126509866; -0.00509954806211; -0.014419969467
22232.20219738981; -0.00517102360999; -0.0144697930129
22234.26312968096; -0.0052443213922; -0.0145192766176
22236.32406197211; -0.00531810379996; -0.0145683382379
22238.38499426326; -0.00539350432313; -0.0146189484067
22240.44592655441; -0.00547032112919; -0.0146684883597
22242.50685884557; -0.00554856889767; -0.0147178312943
22244.56779113672; -0.00562866810081; -0.0147686241088
22246.62872342787; -0.00571015222956; -0.0148181524249
22248.68965571902; -0.00579335373721; -0.0148689885098
22250.75058801017; -0.00587800268851; -0.0149195732755
22252.81152030132; -0.00596393104929; -0.0149689005162
22254.87245259247; -0.00605159116279; -0.015019473652
22256.93338488362; -0.00614046991874; -0.0150708876177
22258.99431717477; -0.00623229788331; -0.0151203991931
22261.05524946592; -0.00632481874295; -0.0151705738584
22263.11618175708; -0.00641906844574; -0.0152198465693
22265.17711404823; -0.00651605760976; -0.0152703334897
22267.23804633937; -0.00661410184197; -0.0153189137126
22269.29897863053; -0.00671460286459; -0.0153677484234
22271.35991092168; -0.00681655026553; -0.0154174537175
22273.42084321283; -0.00692100885614; -0.0154661979635
22275.48177550398; -0.00702716007113; -0.0155144221989
22277.54270779513; -0.00713552434689; -0.0155634100756
22279.60364008628; -0.0072454644453; -0.0156113359521
22281.66457237743; -0.00735881338853; -0.01565781058
22283.72550466858; -0.0074725935257; -0.0157047950941
22285.78643695973; -0.00758959494061; -0.0157505287117
22287.84736925089; -0.00770890119599; -0.0157972368817
22289.90830154204; -0.00783024243698; -0.015842508393
22291.96923383319; -0.00795376299356; -0.0158868388324
22294.03016612434; -0.00808014563905; -0.0159314051242
22296.09109841549; -0.00820867744101; -0.0159743560552
22298.15203070664; -0.00833907103479; -0.0160167748122
22300.21296299779; -0.00847205791555; -0.0160571849648
22302.27389528894; -0.00860848695229; -0.0160983165054
22304.33482758009; -0.00874799668231; -0.0161374288302
22306.39575987124; -0.00888874420559; -0.0161764257525
22308.4566921624; -0.00903312627946; -0.016213496565
22310.51762445355; -0.00917914502061; -0.0162495664059
22312.5785567447; -0.00932881854541; -0.0162827886916
22314.63948903585; -0.00948105056138; -0.0163165155163
22316.700421327; -0.00963626099155; -0.0163481905763
22318.76135361815; -0.00979362821007; -0.0163779328611
22320.8222859093; -0.00995488722009; -0.0164063808955
22322.88321820045; -0.0101179944019; -0.0164328165632
22324.9441504916; -0.0102851545882; -0.0164568761545
22327.00508278275; -0.0104552755763; -0.0164793652744
22329.06601507391; -0.0106283889115; -0.016501021814
22331.12694736505; -0.0108039816045; -0.016519318801
22333.18787965621; -0.0109831130588; -0.0165341690146
22335.24881194736; -0.0111642556663; -0.0165477347128
22337.30974423851; -0.011350040037; -0.0165579937678
22339.37067652966; -0.011538317141; -0.0165661532522
22341.43160882081; -0.0117297381799; -0.0165711337337
22343.49254111196; -0.0119234107519; -0.0165723722247
22345.55347340311; -0.0121204850635; -0.0165708047973
22347.61440569426; -0.0123218489363; -0.0165661907454
22349.67533798541; -0.012526130007; -0.0165579784308
22351.73627027656; -0.0127327100533; -0.0165465619031
22353.79720256772; -0.0129423670134; -0.0165305108034
22355.85813485887; -0.013155337466; -0.0165111814201
22357.91906715002; -0.0133719666482; -0.0164862907613
22359.97999944117; -0.0135902380051; -0.016458071869
22362.04093173232; -0.0138124162859; -0.0164250021614
22364.10186402347; -0.0140372246591; -0.0163869755291
22366.16279631462; -0.0142649433258; -0.0163447181446
22368.22372860577; -0.0144944690456; -0.0162963936036
22370.28466089692; -0.0147268996733; -0.0162430574038
22372.34559318807; -0.014962216148; -0.0161838406864
22374.40652547923; -0.0151996721922; -0.0161194622753
22376.46745777038; -0.0154392914756; -0.0160486551721
22378.52839006152; -0.0156823319383; -0.0159721818873
22380.58932235268; -0.0159264066226; -0.0158884833694
22382.65025464383; -0.0161712032721; -0.0157987017749
22384.71118693498; -0.0164188413323; -0.0157024771033
22386.77211922613; -0.0166684886621; -0.0155978555748
22388.83305151728; -0.0169173175036; -0.0154876308502
22390.89398380843; -0.0171692043735; -0.0153695673246
22392.95491609958; -0.0174194698875; -0.0152427398548
22395.01584839073; -0.0176716583156; -0.0151092615697
22397.07678068188; -0.017923847665; -0.0149678141597
22399.13771297304; -0.0181763605441; -0.0148182130417
22401.19864526419; -0.0184279199228; -0.0146593579823
22403.25957755534; -0.0186787107647; -0.0144944703738
22405.32050984649; -0.0189287717195; -0.0143176311168
22407.38144213764; -0.0191773640518; -0.014134410351
22409.44237442879; -0.0194234196829; -0.0139414061968
22411.50330671994; -0.0196677648264; -0.0137410713584
22413.56423901109; -0.01990893433; -0.0135294643475
22415.62517130224; -0.0201479973344; -0.0133109134694
22417.68610359339; -0.0203837327447; -0.0130827862569
22419.74703588455; -0.0206158068201; -0.012844861304
22421.8079681757; -0.0208425231678; -0.012599333702
22423.86890046685; -0.0210654482615; -0.0123438267804
22425.929832758; -0.0212823210201; -0.0120796625961
22427.99076504915; -0.0214946625436; -0.0118069525079
22430.0516973403; -0.0217003266914; -0.0115256969509
22432.11262963145; -0.0218998552595; -0.0112352024158
22434.1735619226; -0.022091726778; -0.0109372584562
22436.23449421375; -0.0222768916844; -0.0106315272937
22438.2954265049; -0.0224543560739; -0.0103175460463
22440.35635879605; -0.0226223465482; -0.00999565712447
22442.4172910872; -0.0227820126649; -0.0096661959097
22444.47822337836; -0.0229330123716; -0.00933081141133
22446.53915566951; -0.0230744227097; -0.00898817990395
22448.60008796066; -0.0232055564827; -0.00863961517214
22450.66102025181; -0.0233250520543; -0.00828475775276
22452.72195254296; -0.0234346957361; -0.0079255155475
22454.78288483411; -0.0235339736299; -0.0075607152725
22456.84381712526; -0.0236216105393; -0.00719297207443
22458.90474941641; -0.0236986746663; -0.00681906251113
22460.96568170756; -0.0237630638909; -0.00644336220126
22463.02661399871; -0.0238161278745; -0.00606538021171
22465.08754628987; -0.0238570823167; -0.00568546090489
22467.14847858102; -0.0238860271146; -0.00530295897908
22469.20941087217; -0.0239017471728; -0.00491971759099
22471.27034316332; -0.0239066743695; -0.00453707202127
22473.33127545447; -0.02389914796; -0.00415397412308
22475.39220774562; -0.0238784644974; -0.00377146389915
22477.45314003677; -0.0238456763866; -0.00338992182924
22479.51407232792; -0.0238008234668; -0.00301070922185
22481.57500461907; -0.0237444312675; -0.00263424344871
22483.63593691022; -0.0236758125767; -0.00226123586225
22485.69686920138; -0.0235959745768; -0.00189100736259
22487.75780149252; -0.0235052405887; -0.00152536333134
22489.81873378368; -0.0234032596134; -0.00116489624932
22491.87966607483; -0.0232899176094; -0.00080932035472
22493.94059836598; -0.0231669005878; -0.000458136657021
22496.00153065713; -0.0230336575286; -0.000113638156366
22498.06246294828; -0.0228903079323; 0.000224099700472
22500.12339523943; -0.0227381436506; 0.000555840334273
22502.18432753058; -0.0225779841314; 0.000879894653232
22504.24525982173; -0.0224084592176; 0.00119677753111
22506.30619211288; -0.0222304909825; 0.00150529490172
22508.36712440403; -0.0220463968768; 0.00180670115889
22510.42805669519; -0.0218544138495; 0.00209954295302
22512.48898898634; -0.0216551710624; 0.00238438307394
22514.54992127749; -0.021450831215; 0.00266069535598
22516.61085356864; -0.0212397117502; 0.00292826094168
22518.67178585979; -0.0210237203855; 0.00318701918725
22520.73271815094; -0.0208024400172; 0.00343737255992
22522.79365044209; -0.0205781607796; 0.0036781902615
22524.85458273324; -0.020349975307; 0.00391051901897
22526.91551502439; -0.0201177993974; 0.00413355684054
22528.97644731554; -0.0198819268962; 0.00434820905526
22531.0373796067; -0.0196438438366; 0.0045537698627
22533.09831189785; -0.0194035213879; 0.00475007916689
22535.159244189; -0.0191609926556; 0.00493873829407
22537.22017648015; -0.0189172053815; 0.00511919386161
22539.2811087713; -0.0186715109409; 0.00528915933
22541.34204106245; -0.0184250722624; 0.00545240182988
22543.4029733536; -0.0181798665644; 0.00560736447996
22545.46390564475; -0.0179322666475; 0.00575366630502
22547.5248379359; -0.0176855405734; 0.00589225531885
22549.58577022706; -0.0174381007116; 0.00602250034742
22551.6467025182; -0.0171918121556; 0.00614643538793
22553.70763480935; -0.0169478449166; 0.00626297469008
22555.76856710051; -0.0167021683792; 0.00637163411899
22557.82949939166; -0.0164596629683; 0.00647221762279
22559.89043168281; -0.0162187900678; 0.00656769497039
22561.95136397396; -0.0159791198304; 0.00665690448839
22564.01229626511; -0.0157403796004; 0.00673797178024
22566.07322855626; -0.0155048268788; 0.00681452743164
22568.13416084741; -0.0152705536454; 0.00688448748659
22570.19509313856; -0.0150394460767; 0.00694889548587
22572.25602542971; -0.0148101786729; 0.00700707704038
22574.31695772086; -0.0145827948328; 0.00706119526269
22576.37789001202; -0.0143586610045; 0.00710836449064
22578.43882230317; -0.0141379827521; 0.00715132076011
22580.49975459432; -0.0139182967692; 0.00719005302462
22582.56068688547; -0.0137026869687; 0.00722405388915
22584.62161917662; -0.0134897715446; 0.00725345890963
22586.68255146777; -0.0132791827566; 0.00727849379015
22588.74348375892; -0.0130720327991; 0.00729953226259
22590.80441605007; -0.0128678427299; 0.00731655152808
22592.86534834122; -0.0126665125951; 0.00733087726046
22594.92628063237; -0.0124688464793; 0.00734087907831
22596.98721292353; -0.0122726083652; 0.00734714078052
22599.04814521467; -0.0120814444943; 0.00735144763966
22601.10907750583; -0.0118933593243; 0.00735229628212
22603.17000979698; -0.0117070545052; 0.00734954272069
22605.23094208813; -0.0115232569636; 0.00734541198415
22607.29187437928; -0.0113441331274; 0.00733708535521
22609.35280667043; -0.0111660699206; 0.0073259157051
22611.41373896158; -0.0109931995184; 0.00731390252838
22613.47467125273; -0.0108219555281; 0.00729934437297
22615.53560354388; -0.0106533501377; 0.00728177191679
22617.59653583503; -0.0104874676789; 0.00726343509988
22619.65746812618; -0.0103246795517; 0.00724221452453
22621.71840041734; -0.010165328375; 0.00721935761082
22623.77933270849; -0.0100080833692; 0.00719443176364
22625.84026499964; -0.00985394152202; 0.00716861867736
22627.90119729079; -0.00970255432876; 0.00714000390504
22629.96212958194; -0.00955371423443; 0.00711122148125
22632.02306187309; -0.00940788340828; 0.00708035854596
22634.08399416424; -0.00926421546848; 0.00704842816478
22636.14492645539; -0.00912391585223; 0.0070146383115
22638.20585874654; -0.00898448247946; 0.00697999060717
22640.26679103769; -0.00884875333951; 0.00694443011
22642.32772332885; -0.00871489185061; 0.0069073423635
22644.38865562; -0.00858441047304; 0.00686972201891
22646.44958791115; -0.00845542584383; 0.006831488697
22648.5105202023; -0.00832982823789; 0.00679222356124
22650.57145249345; -0.00820618414961; 0.0067511432834
22652.6323847846; -0.00808512646123; 0.0067099230438
22654.69331707575; -0.00796620945465; 0.006669060117
22656.7542493669; -0.00784849949112; 0.00662656911889
22658.81518165805; -0.00773374016024; 0.006583459805
22660.87611394921; -0.00762053737842; 0.00653998316624
22662.93704624035; -0.00750958371965; 0.00649674517789
22664.9979785315; -0.00740115640937; 0.00645167215949
22667.05891082266; -0.00729468909731; 0.00640705834675
22669.11984311381; -0.00719030101802; 0.00636232058808
22671.18077540496; -0.00708798828146; 0.00631705651141
22673.24170769611; -0.00698670789222; 0.00627149343161
22675.30263998726; -0.0068884315733; 0.00622558194982
22677.36357227841; -0.00679055553273; 0.00617892019344
22679.42450456956; -0.00669527981748; 0.00613297142081
22681.48543686071; -0.00660201943094; 0.00608599378668
22683.54636915186; -0.0065095763171; 0.00603920358
22685.60730144301; -0.00641974274217; 0.00599248910549
22687.66823373417; -0.00633112277992; 0.00594568539331
22689.72916602532; -0.00624409301676; 0.0058985375222
22691.79009831647; -0.00615854793516; 0.00585123370339
22693.85103060762; -0.00607624193641; 0.00580429897203
22695.91196289877; -0.00599310467522; 0.00575786049285
22697.97289518992; -0.00591244977451; 0.00571087598616
22700.03382748107; -0.0058339785336; 0.00566342791059
22702.09475977222; -0.00575560225928; 0.00561641489772
22704.15569206337; -0.00567864654307; 0.0055691499944
22706.21662435453; -0.00560355942009; 0.00552193052419
22708.27755664568; -0.00553069303621; 0.00547562310389
22710.33848893682; -0.00545709211767; 0.00542821364965
22712.39942122798; -0.00538658327971; 0.00538196598735
22714.46035351913; -0.00531701116239; 0.00533545768556
22716.52128581028; -0.00524868174672; 0.00528982399982
22718.58221810143; -0.00518132960689; 0.00524263867187
22720.64315039258; -0.0051148250025; 0.00519729174963
22722.70408268373; -0.00504950718204; 0.00515060108245
22724.76501497488; -0.00498560629378; 0.0051055149181
22726.82594726603; -0.00492319958731; 0.00505942004238
22728.88687955718; -0.00486140508599; 0.00501406999702
22730.94781184833; -0.00480088666749; 0.00496911889944
22733.00874413949; -0.00474102551901; 0.00492406343515
22735.06967643064; -0.00468267458562; 0.00487935889564
22737.13060872179; -0.00462512642457; 0.00483365753463
22739.19154101294; -0.00456947549208; 0.00479041812488
22741.25247330409; -0.00451378251337; 0.00474564554779
22743.31340559524; -0.00445832280854; 0.00470139796006
22745.37433788639; -0.00440468565104; 0.00465742459187
22747.43527017754; -0.00435165896097; 0.00461472653341
22749.49620246869; -0.00429938136225; 0.00457157636555
22751.55713475985; -0.00424869643249; 0.00452818966184
22753.618067051; -0.00419911997475; 0.0044849898202
22755.67899934215; -0.00414918005158; 0.00444312646353
22757.7399316333; -0.00410139201485; 0.00440012904463
22759.80086392445; -0.00405219288044; 0.00435847405972
22761.8617962156; -0.00400655728676; 0.00431648334462
22763.92272850675; -0.00396006457541; 0.00427446033267
22765.9836607979; -0.00391435399758; 0.00423353413543
22768.04459308905; -0.00386996592184; 0.0041925109088
22770.1055253802; -0.00382536955335; 0.00415161405152
22772.16645767135; -0.00378265487349; 0.00411046437407
22774.2273899625; -0.00373950343808; 0.00407035772303
22776.28832225365; -0.00369759551516; 0.00403027327792
22778.34925454481; -0.00365650064743; 0.00399026277095
22780.41018683596; -0.00361634458068; 0.00395094154361
22782.47111912711; -0.00357630436597; 0.00391124034991
22784.53205141826; -0.0035368241722; 0.00387300127562
22786.59298370941; -0.00349797538571; 0.00383395358504
22788.65391600056; -0.00346063902157; 0.00379474846353
22790.71484829171; -0.00342303678847; 0.00375666715641
22792.77578058286; -0.00338608257688; 0.00371856787057
22794.83671287401; -0.00334982826893; 0.00368040660062
22796.89764516517; -0.00331373481151; 0.00364330539331
22798.95857745632; -0.00327924883726; 0.00360646060482
22801.01950974747; -0.00324356850745; 0.00356873958602
22803.08044203862; -0.00321057317194; 0.00353240723349
22805.14137432977; -0.00317620047909; 0.00349578970849
22807.20230662092; -0.00314303192633; 0.0034597728774
22809.26323891207; -0.00311030914195; 0.00342389999822
22811.32417120322; -0.00307813385779; 0.00338838928991
22813.38510349437; -0.00304594841465; 0.00335277879656
22815.44603578552; -0.00301534808159; 0.00331704549438
22817.50696807668; -0.00298452153875; 0.00328209406939
22819.56790036782; -0.00295475627011; 0.00324718985924
22821.62883265897; -0.002924528663; 0.00321272066008
22823.68976495013; -0.00289502934232; 0.00317876650076
22825.75069724128; -0.00286613012177; 0.00314458659713
22827.81162953243; -0.00283741969593; 0.00311093322865
22829.87256182358; -0.00280873742557; 0.00307583892762
22831.93349411473; -0.00278162892005; 0.00304371235293
22833.99442640588; -0.00275348024387; 0.00301045420658
22836.05535869703; -0.00272682121355; 0.00297778556182
22838.11629098818; -0.00270080065116; 0.00294604544328
22840.17722327933; -0.00267431011764; 0.00291239763458
22842.23815557049; -0.00264835432163; 0.0028804254538
22844.29908786164; -0.00262248869176; 0.00284809530227
22846.36002015279; -0.00259796003488; 0.00281706953943
22848.42095244394; -0.00257322541436; 0.00278542486287
22850.48188473509; -0.0025483828629; 0.00275414142141
22852.54281702624; -0.00252385065751; 0.00272311362715
22854.60374931739; -0.00250064694114; 0.00269277792327
22856.66468160854; -0.00247730107866; 0.00266154329504
22858.72561389969; -0.00245408455111; 0.00263203805413
22860.78654619084; -0.00243150217333; 0.00260152656388
22862.847478482; -0.00240912918025; 0.00257093256921
22864.90841077315; -0.00238644445593; 0.00254202574764
22866.9693430643; -0.00236531907355; 0.00251166672711
22869.03027535545; -0.00234327189813; 0.00248256276255
22871.0912076466; -0.00232196466138; 0.00245371913534
22873.15213993775; -0.00230067606559; 0.002425118791
22875.2130722289; -0.00228001012388; 0.00239646348925
22877.27400452005; -0.00225959053953; 0.00236751697095
22879.3349368112; -0.00223996762421; 0.0023393768495
22881.39586910235; -0.00221925603269; 0.00231205507732
22883.45680139351; -0.00219954540565; 0.00228333281107
22885.51773368465; -0.00218022500205; 0.0022560601089
22887.57866597581; -0.00216115119775; 0.00222841228043
22889.63959826696; -0.00214157229067; 0.00220096163985
22891.70053055811; -0.0021233715438; 0.00217392342011
22893.76146284926; -0.00210469145944; 0.00214690546158
22895.82239514041; -0.00208668743423; 0.00211996008825
22897.88332743156; -0.00206871278513; 0.00209368272871
22899.94425972271; -0.00205028597909; 0.0020670633005
22902.00519201386; -0.00203371720312; 0.00204119892165
22904.06612430501; -0.00201570203698; 0.00201521122964
22906.12705659616; -0.00199897809379; 0.00198906874365
22908.18798888732; -0.0019818777189; 0.00196283162061
22910.24892117847; -0.00196517678712; 0.00193831953851
22912.30985346962; -0.00194884615933; 0.00191345940342
22914.37078576077; -0.00193162661035; 0.00188726275811
22916.43171805192; -0.00191556853232; 0.00186236986894
22918.49265034307; -0.00190044573921; 0.00183785323816
22920.55358263422; -0.00188466381028; 0.00181321177074
22922.61451492537; -0.0018688043187; 0.0017888532956
22924.67544721652; -0.00185357862489; 0.00176451913928
22926.73637950767; -0.00183807733237; 0.00174074421619
22928.79731179883; -0.00182325808368; 0.00171709071776
22930.85824408998; -0.00180866932676; 0.00169224468157
22932.91917638112; -0.00179345070475; 0.00166985792359
22934.98010867228; -0.00177993277485; 0.00164597663021
22937.04104096343; -0.00176525433388; 0.00162286094057
22939.10197325458; -0.00175090579871; 0.00159925010337
22941.16290554573; -0.00173756018405; 0.00157648901034
22943.22383783688; -0.0017229918042; 0.00155322032481
22945.28477012803; -0.00170955959845; 0.00153087827355
22947.34570241918; -0.00169561703856; 0.00150811202614
22949.40663471033; -0.00168295321428; 0.00148579516324
22951.46756700148; -0.0016699415821; 0.00146391827742
22953.52849929264; -0.00165614238287; 0.00144192438468
22955.58943158379; -0.00164377790496; 0.00142010260672
22957.65036387494; -0.00163075897137; 0.00139792370741
22959.71129616609; -0.00161762576821; 0.00137592707794
22961.77222845724; -0.00160611051977; 0.00135442711528
22963.83316074839; -0.0015933241262; 0.00133298498483
22965.89409303954; -0.00158153347097; 0.00131136719164
22967.95502533069; -0.00156881639693; 0.00129040803034
22970.01595762184; -0.00155781301458; 0.00127019548273
22972.07688991299; -0.00154583436166; 0.00124892420565
22974.13782220415; -0.00153343228136; 0.00122845498882
22976.1987544953; -0.00152272284115; 0.00120763239609
22978.25968678645; -0.00151124489331; 0.00118745371789
22980.3206190776; -0.00149964956072; 0.00116716218054
22982.38155136875; -0.00148837881332; 0.00114674863374
22984.4424836599; -0.00147765392058; 0.00112695146931
22986.50341595105; -0.00146697608551; 0.00110631152704
22988.5643482422; -0.00145611437735; 0.00108734523397
22990.62528053335; -0.00144576962252; 0.00106766078123
22992.6862128245; -0.00143482390961; 0.00104793771025
22994.74714511565; -0.00142402783785; 0.00102846190804
22996.8080774068; -0.00141440916103; 0.0010097505
22998.86900969796; -0.00140388183858; 0.000989865318924
23000.92994198911; -0.00139362562047; 0.000971527773012
23002.99087428026; -0.00138355741468; 0.000951708363648
23005.05180657141; -0.00137380381069; 0.000933642473087
23007.11273886256; -0.00136355963822; 0.000914223332224
23009.17367115371; -0.00135438263357; 0.000895944676232
23011.23460344486; -0.00134501435026; 0.000877807739193
23013.29553573601; -0.0013356833184; 0.000859192171991
23015.35646802716; -0.00132502619471; 0.000841133655844
23017.41740031831; -0.001316184117; 0.000822683303086
23019.47833260947; -0.00130737094026; 0.000804698181066
23021.53926490062; -0.00129761682434; 0.000786739993971
23023.60019719177; -0.00128869758984; 0.000769687234996
23025.66112948292; -0.00128049581393; 0.0007510075438
23027.72206177407; -0.00127153875681; 0.000733546682211
23029.78299406522; -0.00126274179199; 0.000716139894628
23031.84392635637; -0.00125363432156; 0.000698955065762
23033.90485864752; -0.00124493848772; 0.000681702413617
23035.96579093867; -0.00123626606761; 0.000664753092046
23038.02672322982; -0.00122839110576; 0.00064672511649
23040.08765552098; -0.00121972378087; 0.000630007664778
23042.14858781212; -0.00121174467714; 0.000613219119433
23044.20952010328; -0.00120291564316; 0.000596354388228
23046.27045239443; -0.00119481895914; 0.000579391943162
23048.33138468558; -0.00118743027056; 0.000563069431106
23050.39231697673; -0.00117894759577; 0.000546919580831
23052.45324926788; -0.00117169996883; 0.000530067538576
23054.51418155903; -0.00116412032467; 0.000513770512039
23056.57511385018; -0.00115587622122; 0.000497840597682
23058.63604614133; -0.00114814430796; 0.000481257028504
23060.69697843248; -0.00114051576241; 0.000465530621523
23062.75791072363; -0.00113297254077; 0.000449490571512
23064.81884301479; -0.00112588549558; 0.000434123587525
23066.87977530594; -0.00111817414038; 0.00041767249632
23068.94070759709; -0.001110895513; 0.000402329764603
23071.00163988824; -0.00110393455254; 0.000387028710098
23073.06257217939; -0.00109624159807; 0.000371662431813
23075.12350447054; -0.00108988501396; 0.000356497182868
23077.18443676169; -0.00108251420263; 0.000340734944836
23079.24536905284; -0.00107603811974; 0.000325056266846
23081.30630134399; -0.00106893345023; 0.000309999519455
23083.36723363514; -0.00106203872972; 0.000295456951582
23085.4281659263; -0.0010549009455; 0.00028071058802
23087.48909821745; -0.00104865835988; 0.00026583869443
23089.5500305086; -0.0010419274941; 0.000250591292848
23091.61096279975; -0.00103549659508; 0.000236003120321
23093.6718950909; -0.00102893415172; 0.000221875822933
23095.73282738205; -0.00102250892702; 0.000206374478021
23097.7937596732; -0.00101691172663; 0.000192871617498
23099.85469196435; -0.00100968407451; 0.000178321789213
23101.9156242555; -0.00100396430814; 0.000164102783281
23103.97655654666; -0.000997274154946; 0.000150528750892
23106.0374888378; -0.000991146934432; 0.000135667550533
23108.09842112895; -0.000984726436409; 0.000121927835926
23110.15935342011; -0.000978604737051; 0.000107076538631
23112.22028571126; -0.000972794766925; 9.33663929856e-05
23114.28121800241; -0.000966684749042; 7.97895625573e-05
23116.34215029356; -0.000960628668546; 6.57945397556e-05
23118.40308258471; -0.000955498374538; 5.24732236018e-05
23120.46401487586; -0.000949558896635; 3.87641278947e-05
23122.52494716701; -0.000943559541106; 2.46228534601e-05
23124.58587945816; -0.000937744486984; 1.15714167865e-05
23126.64681174931; -0.000932510066101; -1.99991202455e-06
23128.70774404046; -0.000926280434581; -1.58403018426e-05
23130.76867633162; -0.000921822901208; -2.89637049314e-05
23132.82960862277; -0.000915236785968; -4.14020992874e-05
23134.89054091392; -0.000910652861631; -5.52332400499e-05
23136.95147320507; -0.000904159375872; -6.76266206075e-05
23139.01240549622; -0.000899605209346; -8.10972201299e-05
23141.07333778737; -0.000894243907184; -9.3662750845e-05
23143.13427007852; -0.000888832883541; -0.000106715481306
23145.19520236967; -0.00088359680625; -0.00011928158803
23147.25613466082; -0.000878222538441; -0.000132499056312
23149.31706695197; -0.000873051266462; -0.000144756816081
23151.37799924313; -0.000868427837559; -0.000157280869356
23153.43893153427; -0.000863537004366; -0.000170329487682
23155.49986382543; -0.000858491851347; -0.000182335204457
23157.56079611658; -0.00085363193575; -0.000195319754019
23159.62172840773; -0.000847888359268; -0.00020732087519
23161.68266069888; -0.000843485332137; -0.000219607532603
23163.74359299003; -0.000838552979118; -0.000232044073164
23165.80452528118; -0.000833635115999; -0.00024460586021
23167.86545757233; -0.000828846092725; -0.000256151777862
23169.92638986348; -0.000824377630426; -0.000268441674091
23171.98732215463; -0.000819570721435; -0.000280121021808
23174.04825444578; -0.00081514613961; -0.000291995178161
23176.10918673694; -0.000810115173179; -0.000303357365413
23178.17011902809; -0.000806675410458; -0.000315662789018
23180.23105131924; -0.000800616842542; -0.00032701431581
23182.29198361039; -0.00079738754422; -0.000338540291868
23184.35291590154; -0.000792586135461; -0.000350710212303
23186.41384819269; -0.000788287122589; -0.000362128654129
23188.47478048384; -0.000784045556847; -0.000374122776969
23190.53571277499; -0.000779476428337; -0.000385778101111
23192.59664506614; -0.000774786457097; -0.000396683048738
23194.65757735729; -0.000770741060011; -0.000408146088819
23196.71850964845; -0.000766337277946; -0.000419747559497
23198.7794419396; -0.000761678936159; -0.000430378687588
23200.84037423075; -0.000758168079574; -0.000441469497953
23202.9013065219; -0.000753570666967; -0.000452907785602
23204.96223881305; -0.000749791553463; -0.00046386321626
23207.0231711042; -0.000745811618237; -0.000474906981644
23209.08410339535; -0.00074211165779; -0.000485292140673
23211.1450356865; -0.000737685676638; -0.000496982923092
23213.20596797765; -0.000733746413456; -0.000507766191208
23215.26690026881; -0.000730149598717; -0.000518337516211
23217.32783255995; -0.000725812349451; -0.00052918485932
23219.3887648511; -0.000722369101449; -0.000539891782034
23221.44969714226; -0.000718607251577; -0.000550275337041
23223.51062943341; -0.000714109507244; -0.000561689140109
23225.57156172456; -0.00071015097994; -0.000571702212117
23227.63249401571; -0.000706485124904; -0.000582202128405
23229.69342630686; -0.000702874303118; -0.000592259643512
23231.75435859801; -0.000699535502151; -0.0006025548981
23233.81529088916; -0.000696336199258; -0.000613709035526
23235.87622318031; -0.000691966511066; -0.000624024028474
23237.93715547146; -0.000688097805279; -0.000633874743696
23239.99808776261; -0.000684458541394; -0.000643776290415
23242.05902005377; -0.000681219346853; -0.000654301010289
23244.11995234492; -0.000677556617862; -0.000664422977703
23246.18088463607; -0.000674281509883; -0.000674336023125
23248.24181692722; -0.000670613207197; -0.000684426305009
23250.30274921837; -0.000667776346495; -0.000694870312266
23252.36368150952; -0.000664012194282; -0.000704943748523
23254.42461380067; -0.000660289417431; -0.000714627809359
23256.48554609182; -0.000657009205072; -0.000724144178562
23258.54647838297; -0.000653648821411; -0.00073427168144
23260.60741067413; -0.000650285096163; -0.000744234313342
23262.66834296528; -0.000646792116219; -0.000753081934814
23264.72927525642; -0.000643305333517; -0.000763290556546
23266.79020754758; -0.000640408425031; -0.000772622964807
23268.85113983873; -0.00063751272364; -0.000782837763781
23270.91207212988; -0.000633869731547; -0.000792188881926
23272.97300442103; -0.000630831410652; -0.000801435949734
23275.03393671218; -0.00062789663324; -0.000810801025309
23277.09486900333; -0.000624701433636; -0.000820159678638
23279.15580129448; -0.000621720182481; -0.00083003538591
23281.21673358563; -0.000618515407279; -0.000839545098864
23283.27766587678; -0.000614548442162; -0.000848466889784
23285.33859816793; -0.000611908127659; -0.000857372340392
23287.39953045909; -0.000609492459527; -0.000866627475085
23289.46046275024; -0.000606138409033; -0.000876376684776
23291.52139504139; -0.000603629490412; -0.000884926290058
23293.58232733254; -0.000600268524512; -0.000894118959395
23295.64325962369; -0.000597106883697; -0.000903227360294
23297.70419191484; -0.000594496359466; -0.000912450845687
23299.76512420599; -0.000591580932792; -0.00092067085248
23301.82605649714; -0.000588675741727; -0.000929986566656
23303.88698878829; -0.000585472874398; -0.000938694656668
23305.94792107945; -0.000583485374475; -0.000947984210008
23308.0088533706; -0.000580343329632; -0.000957006769139
23310.06978566175; -0.000576976426416; -0.000965393873786
23312.1307179529; -0.00057425918435; -0.000974373437994
23314.19165024405; -0.000571732366011; -0.000983149839678
23316.2525825352; -0.000568356270278; -0.000991212267521
23318.31351482635; -0.000565798989041; -0.00100013336658
23320.3744471175; -0.000563667086742; -0.00100823214179
23322.43537940865; -0.00056039775; -0.0010175083111
23324.4963116998; -0.000558634734522; -0.00102580089639
23326.55724399095; -0.000555591609327; -0.00103397031492
23328.6181762821; -0.000553138064268; -0.00104308417967
23330.67910857325; -0.000550119684889; -0.00105130299675
23332.74004086441; -0.000547760210715; -0.00105936732793
23334.80097315556; -0.000544961508867; -0.00106767804002
23336.86190544671; -0.000542917348285; -0.00107647832666
23338.92283773786; -0.000539987971873; -0.00108423877079
23340.98377002901; -0.000537823401875; -0.0010927594532
23343.04470232016; -0.000534976616877; -0.00110034366096
23345.10563461131; -0.000532323588192; -0.00110928055833
23347.16656690246; -0.000530023971491; -0.00111760230743
23349.22749919361; -0.000527867004679; -0.00112514327742
23351.28843148477; -0.000524822106689; -0.00113371162035
23353.34936377592; -0.000522884011242; -0.00114168821866
23355.41029606707; -0.000520716189044; -0.00114951694423
23357.47122835822; -0.00051809372495; -0.0011581944255
23359.53216064937; -0.000515857608081; -0.00116512026006
23361.59309294052; -0.00051320122581; -0.00117322851095
23363.65402523167; -0.000511027794762; -0.00118108259627
23365.71495752282; -0.000508522132648; -0.00118941490682
23367.77588981397; -0.000506967607156; -0.00119681791615
23369.83682210512; -0.000504620468928; -0.00120473855235
23371.89775439628; -0.000501679754354; -0.00121251660365
23373.95868668742; -0.000499528598009; -0.00122036975619
23376.01961897857; -0.000497202235772; -0.00122814318897
23378.08055126973; -0.00049575121153; -0.00123551504454
23380.14148356088; -0.000493158947331; -0.00124294440078
23382.20241585203; -0.000490639495405; -0.00125131731246
23384.26334814318; -0.000488625943723; -0.00125881559461
23386.32428043433; -0.00048654741288; -0.00126692734023
23388.38521272548; -0.000484625686283; -0.00127398214665
23390.44614501663; -0.000482735744987; -0.00128122793503
23392.50707730778; -0.000480236561121; -0.00128898006589
23394.56800959893; -0.000478437737437; -0.00129653900183
23396.62894189009; -0.000475669966724; -0.00130307459604
23398.68987418124; -0.000474593978777; -0.00131145611891
23400.75080647239; -0.000471888804499; -0.00131900647919
23402.81173876354; -0.00047000776733; -0.00132645123196
23404.87267105469; -0.000468098972611; -0.00133396038111
23406.93360334584; -0.000466573932771; -0.00134061784768
23408.99453563699; -0.000464027718693; -0.00134748805391
23411.05546792814; -0.000462674218156; -0.00135549167645
23413.11640021929; -0.000460973346106; -0.00136242142315
23415.17733251044; -0.000459095172363; -0.00136897450461
23417.2382648016; -0.000458194708699; -0.00137603647697
23419.29919709275; -0.000456106680797; -0.0013830667338
23421.36012938389; -0.000453562037818; -0.0013906912823
23423.42106167505; -0.000452193175907; -0.00139761947367
23425.4819939662; -0.000450184371448; -0.0014046947723
23427.54292625735; -0.000448753239722; -0.00141145092036
23429.6038585485; -0.000447066147331; -0.00141737023167
23431.66479083965; -0.000445809449411; -0.00142497008681
23433.7257231308; -0.000443636384984; -0.00143170466417
23435.78665542195; -0.000441110031728; -0.0014382495919
23437.84758771311; -0.000440406022185; -0.0014448617509
23439.90852000425; -0.000438184565142; -0.00145068637193
23441.96945229541; -0.000436248983269; -0.0014582430663
23444.03038458656; -0.000435470912127; -0.00146394324185
23446.09131687771; -0.000433033973998; -0.00147078564238
23448.15224916886; -0.000431181825474; -0.00147741906883
23450.21318146001; -0.000429493467295; -0.00148392392237
23452.27411375116; -0.000427937122008; -0.00149057984461
23454.33504604231; -0.000426153901778; -0.00149731972628
23456.39597833346; -0.000424028184491; -0.00150347641514
23458.45691062461; -0.000422306936226; -0.00151039507461
23460.51784291576; -0.00042032906044; -0.00151591590651
23462.57877520692; -0.000418243322802; -0.00152272068404
23464.63970749807; -0.000416822018448; -0.00152958745584
23466.70063978922; -0.000414910703692; -0.00153548741687
23468.76157208037; -0.000413040897069; -0.001541646942
23470.82250437152; -0.000411478423155; -0.00154851527613
23472.88343666267; -0.000409750152713; -0.00155442531538
23474.94436895382; -0.000407646208814; -0.00156111745921
23477.00530124497; -0.00040688417044; -0.00156816325619
