% Module: Sweep, ID: c0p1t8p1cfm0
% Devices: DEV646
% Time: 2025/12/04 15:46:24
% Demod 1 Sample X, /dev646/demods/0/sample.X
% Demod 1 Sample Y, /dev646/demods/0/sample.Y
% Frequency (Hz); Demod 1 Sample X  Amplitude (V); Demod 1 Sample Y  Amplitude (V)
22301.26738898701; -0.00016526961399; -0.0125336177318
22304.18871872789; -0.00016193748958; -0.0125413828124
22307.11004846876; -0.000159947761086; -0.0125487176258
22310.03137820963; -0.000159393030834; -0.01255700541
22312.95270795051; -0.000159050053538; -0.0125649550935
22315.87403769138; -0.000159596364592; -0.0125733678308
22318.79536743226; -0.000159682897908; -0.0125827787402
22321.71669717313; -0.000160088156789; -0.0125906918302
22324.63802691401; -0.000159724193269; -0.0125998592392
22327.55935665488; -0.000160347782968; -0.0126078592696
22330.48068639576; -0.000160959807733; -0.0126179338809
22333.40201613663; -0.000160448855493; -0.0126261760566
22336.32334587751; -0.000161502373349; -0.0126334699255
22339.24467561838; -0.000161685206583; -0.0126437100607
22342.16600535925; -0.000162043679485; -0.0126527236199
22345.08733510013; -0.000163136410288; -0.0126613544881
22348.008664841; -0.000163382710892; -0.0126697100572
22350.92999458188; -0.000164152431992; -0.0126802683959
22353.85132432275; -0.000164632602945; -0.0126883217148
22356.77265406363; -0.000164571588379; -0.0126972762791
22359.6939838045; -0.000165084546032; -0.0127070599162
22362.61531354538; -0.000165576134457; -0.0127164548593
22365.53664328625; -0.000166688115612; -0.012724322455
22368.45797302713; -0.000167376564702; -0.0127342516901
22371.379302768; -0.000167539714807; -0.0127437920184
22374.30063250888; -0.000167511393094; -0.0127522141241
22377.22196224975; -0.000168406764762; -0.0127620097484
22380.14329199062; -0.00016816495853; -0.0127717335267
22383.0646217315; -0.000169215205494; -0.0127812216809
22385.98595147237; -0.000169774167729; -0.0127905796424
22388.90728121325; -0.000170073457246; -0.0127998966616
22391.82861095412; -0.000170925552602; -0.0128092407027
22394.74994069499; -0.000171501565005; -0.0128191027905
22397.67127043587; -0.000171631379095; -0.012827452276
22400.59260017674; -0.000172559887776; -0.0128370562395
22403.51392991762; -0.000172370561988; -0.0128478606995
22406.43525965849; -0.00017320262175; -0.0128570399823
22409.35658939937; -0.000174426298043; -0.0128670426052
22412.27791914024; -0.000174600199225; -0.0128770450361
22415.19924888112; -0.000175140178804; -0.0128862677739
22418.12057862199; -0.000175931970989; -0.0128953067845
22421.04190836287; -0.000175690440607; -0.0129059593137
22423.96323810374; -0.000176604549852; -0.0129157745614
22426.88456784461; -0.000177458981396; -0.0129259401613
22429.80589758549; -0.00017811237606; -0.0129350196411
22432.72722732636; -0.000178792014178; -0.0129445415583
22435.64855706724; -0.000179798289665; -0.0129544458019
22438.56988680811; -0.000180031839087; -0.0129639782142
22441.49121654898; -0.000180378913826; -0.012974394082
22444.41254628986; -0.000180492867304; -0.0129854472575
22447.33387603073; -0.000181640633356; -0.0129955051909
22450.25520577161; -0.000181486011219; -0.0130041561443
22453.17653551248; -0.000182818917999; -0.0130149227136
22456.09786525336; -0.000182828154362; -0.0130248104178
22459.01919499423; -0.000184249421793; -0.0130355396989
22461.94052473511; -0.000185424196616; -0.0130451119147
22464.86185447598; -0.000185005802855; -0.0130552193385
22467.78318421686; -0.000186563526317; -0.0130658473255
22470.70451395773; -0.000186424540711; -0.0130749504883
22473.6258436986; -0.000187387149957; -0.0130862214787
22476.54717343948; -0.000188209577197; -0.013097128108
22479.46850318035; -0.000188721012598; -0.0131069207876
22482.38983292123; -0.00018848441244; -0.013117509859
22485.3111626621; -0.000190150383759; -0.0131274707892
22488.23249240298; -0.000189918895137; -0.0131388507027
22491.15382214385; -0.000191001290714; -0.0131494159346
22494.07515188472; -0.000192098866586; -0.013158617156
22496.9964816256; -0.000192754524591; -0.0131708300017
22499.91781136647; -0.000193658074069; -0.013180187238
22502.83914110735; -0.000192906137993; -0.0131916828783
22505.76047084822; -0.000195228719407; -0.0132031495211
22508.6818005891; -0.000195040051244; -0.0132132737574
22511.60313032997; -0.000196632913208; -0.0132233420792
22514.52446007085; -0.000196835415416; -0.0132354310954
22517.44578981172; -0.000197574059302; -0.0132454088265
22520.3671195526; -0.000197780794724; -0.0132566684036
22523.28844929347; -0.000198118103554; -0.0132684960796
22526.20977903434; -0.000199460082541; -0.0132787561973
22529.13110877522; -0.000200289961964; -0.0132905805541
22532.05243851609; -0.000201244847793; -0.0133000462505
22534.97376825697; -0.000201374888501; -0.0133123344027
22537.89509799784; -0.00020208678908; -0.0133234867962
22540.81642773871; -0.000202567710814; -0.0133350479102
22543.73775747959; -0.000203592469873; -0.0133454670111
22546.65908722047; -0.000204485762512; -0.0133574451784
22549.58041696134; -0.000205657130902; -0.0133687754036
22552.50174670222; -0.000205721866983; -0.0133807897477
22555.42307644309; -0.000206145968595; -0.0133909223866
22558.34440618396; -0.000207165331731; -0.0134034220262
22561.26573592484; -0.000209065016628; -0.0134144051785
22564.18706566571; -0.000209692409459; -0.0134264191924
22567.10839540659; -0.000209518733203; -0.0134372799913
22570.02972514746; -0.000210572139827; -0.0134490936952
22572.95105488833; -0.000211862386304; -0.0134607297425
22575.87238462921; -0.00021170286425; -0.0134722607801
22578.79371437008; -0.000212430153204; -0.0134845238706
22581.71504411096; -0.000213305267351; -0.0134971605872
22584.63637385183; -0.000214948856119; -0.0135080820883
22587.55770359271; -0.000215228803205; -0.0135201739817
22590.47903333358; -0.000216204728719; -0.0135322793399
22593.40036307446; -0.000216564326869; -0.0135446705969
22596.32169281533; -0.000217492092078; -0.0135558681414
22599.24302255621; -0.000218876555597; -0.0135678763955
22602.16435229708; -0.000219432421711; -0.0135811979239
22605.08568203795; -0.000220456214065; -0.0135921877929
22608.00701177883; -0.000221743692502; -0.0136043585042
22610.9283415197; -0.000223047022244; -0.0136170592143
22613.84967126058; -0.000222371694342; -0.0136290846219
22616.77100100145; -0.000224019067702; -0.013641370454
22619.69233074232; -0.000224787335397; -0.0136536278738
22622.6136604832; -0.000225669397951; -0.0136672978825
22625.53499022407; -0.000226864633299; -0.0136778765581
22628.45631996495; -0.000227233752969; -0.0136918351103
22631.37764970582; -0.000228194950965; -0.0137056578189
22634.2989794467; -0.000229560465443; -0.0137175932274
22637.22030918757; -0.000230928638651; -0.0137292807117
22640.14163892845; -0.000231131742329; -0.0137418861026
22643.06296866932; -0.000232244982272; -0.0137555529703
22645.9842984102; -0.000233395847445; -0.01376812683
22648.90562815107; -0.000234536924555; -0.0137812063479
22651.82695789194; -0.000235623865428; -0.0137937003476
22654.74828763282; -0.000236180423091; -0.0138072241931
22657.66961737369; -0.000236239461398; -0.0138201672961
22660.59094711457; -0.000237947406318; -0.0138337467227
22663.51227685544; -0.000239470346051; -0.01384634294
22666.43360659632; -0.0002400367367; -0.0138595399244
22669.35493633719; -0.000240828563578; -0.0138726579994
22672.27626607806; -0.000242171800737; -0.0138861189937
22675.19759581894; -0.000243871404769; -0.0138990410351
22678.11892555981; -0.000244140948398; -0.0139121073019
22681.04025530069; -0.000245183043552; -0.013926028045
22683.96158504156; -0.000245322126544; -0.0139397364136
22686.88291478244; -0.000246870501872; -0.0139535751406
22689.80424452331; -0.000248167794603; -0.0139673824193
22692.72557426419; -0.000249270730321; -0.0139809906278
22695.64690400506; -0.000251137149588; -0.0139950959781
22698.56823374594; -0.000251257690391; -0.0140097120636
22701.48956348681; -0.000252539571979; -0.0140222462948
22704.41089322768; -0.00025355681347; -0.0140373170137
22707.33222296856; -0.000254498154719; -0.0140505653374
22710.25355270943; -0.000255979240929; -0.0140644607407
22713.17488245031; -0.000257710338028; -0.0140790435233
22716.09621219118; -0.000257971246687; -0.014093741417
22719.01754193205; -0.000259942574379; -0.0141082652702
22721.93887167293; -0.000260427188242; -0.0141220779163
22724.86020141381; -0.000261794709287; -0.0141361308198
22727.78153115468; -0.000262797662035; -0.014150548699
22730.70286089556; -0.000264578264303; -0.0141647266789
22733.62419063643; -0.000264869803709; -0.014179493093
22736.5455203773; -0.000266869496269; -0.0141950213931
22739.46685011818; -0.000267397326366; -0.0142085056993
22742.38817985905; -0.000269008108665; -0.0142230548246
22745.30950959993; -0.000269080725474; -0.0142385882999
22748.2308393408; -0.000271522266438; -0.0142523696045
22751.15216908167; -0.000273105750114; -0.0142682066797
22754.07349882255; -0.000273732745786; -0.0142838899738
22756.99482856342; -0.000275500977108; -0.0142982993738
22759.9161583043; -0.000276506893667; -0.0143131361408
22762.83748804517; -0.000278091609976; -0.0143287473149
22765.75881778605; -0.000278454582405; -0.0143439384838
22768.68014752692; -0.000280074334447; -0.0143594110077
22771.6014772678; -0.000282035779767; -0.0143750132981
22774.52280700867; -0.000282848906565; -0.014390124891
22777.44413674955; -0.000283986718552; -0.0144057643574
22780.36546649042; -0.000285052594585; -0.0144214811195
22783.28679623129; -0.000286548241311; -0.0144382121745
22786.20812597217; -0.000287798500446; -0.0144540780108
22789.12945571304; -0.000289585096416; -0.0144687801996
22792.05078545392; -0.000290701279016; -0.0144853585327
22794.97211519479; -0.000292727385108; -0.0145014030867
22797.89344493567; -0.000292723004507; -0.0145179012345
22800.81477467654; -0.000295632820946; -0.0145334689525
22803.73610441741; -0.000295783338256; -0.0145507029398
22806.65743415829; -0.000298138579523; -0.0145664091966
22809.57876389916; -0.000299089929839; -0.0145832095025
22812.50009364004; -0.000301032645967; -0.014599350868
22815.42142338091; -0.000301737022901; -0.0146157372127
22818.34275312179; -0.000303052814282; -0.0146331304391
22821.26408286266; -0.000305317955336; -0.0146494918199
22824.18541260354; -0.00030680100242; -0.0146654591312
22827.10674234441; -0.000308094731793; -0.0146838733448
22830.02807208529; -0.000310459858048; -0.0147009053964
22832.94940182616; -0.000311729335996; -0.0147172131388
22835.87073156703; -0.000313319786696; -0.0147347143685
22838.79206130791; -0.000314698167512; -0.014751977127
22841.71339104878; -0.000316227442181; -0.0147689431851
22844.63472078966; -0.000317233648283; -0.014786356438
22847.55605053053; -0.000319529851012; -0.0148039898781
22850.4773802714; -0.000321441512234; -0.0148208413809
22853.39871001228; -0.000323040331746; -0.0148394820599
22856.32003975315; -0.000323330202205; -0.0148564712303
22859.24136949403; -0.000325650835668; -0.0148745809467
22862.1626992349; -0.000327580463763; -0.0148927106158
22865.08402897578; -0.000329340700433; -0.0149105247042
22868.00535871665; -0.000331153309698; -0.0149288690755
22870.92668845753; -0.000331350090824; -0.014947033127
22873.8480181984; -0.000333165785287; -0.0149645091779
22876.76934793928; -0.000335979703045; -0.0149827705561
22879.69067768015; -0.00033723069496; -0.01500134213
22882.61200742102; -0.000339101034514; -0.0150203682313
22885.5333371619; -0.000341916361908; -0.0150397389481
22888.45466690277; -0.000342838592884; -0.0150577747094
22891.37599664365; -0.000344214054812; -0.0150753530329
22894.29732638452; -0.000346331653368; -0.0150958138058
22897.21865612539; -0.000348656392737; -0.0151155673019
22900.13998586627; -0.0003504425087; -0.0151339228377
22903.06131560714; -0.00035274675439; -0.0151527849395
22905.98264534802; -0.000353628014857; -0.0151718339493
22908.9039750889; -0.00035601556174; -0.0151913712177
22911.82530482977; -0.000358868098821; -0.0152111083422
22914.74663457064; -0.000360359021556; -0.0152314350147
22917.66796431152; -0.000362404173383; -0.0152507967796
22920.58929405239; -0.000364119062941; -0.0152710750808
22923.51062379327; -0.00036665920024; -0.0152905566964
22926.43195353414; -0.00036830460865; -0.0153110135498
22929.35328327501; -0.000370168769038; -0.0153309414306
22932.27461301589; -0.000371621568074; -0.0153514242969
22935.19594275676; -0.000374605789809; -0.0153706466555
22938.11727249764; -0.000377097996576; -0.0153923293371
22941.03860223851; -0.000378787105458; -0.0154128784228
22943.95993197939; -0.000380808465251; -0.0154331818052
22946.88126172026; -0.000382976596223; -0.0154540099838
22949.80259146114; -0.000385093801619; -0.015475413558
22952.72392120201; -0.00038737396535; -0.0154957472077
22955.64525094289; -0.000388754967665; -0.0155176976145
22958.56658068376; -0.000391625542158; -0.0155383169399
22961.48791042464; -0.000394181459299; -0.01555981728
22964.40924016551; -0.000395918643945; -0.0155810785517
22967.33056990638; -0.000398599764802; -0.0156023159593
22970.25189964726; -0.000400430127552; -0.0156245336941
22973.17322938813; -0.000402866580059; -0.0156463788386
22976.09455912901; -0.000405641042022; -0.0156679403594
22979.01588886988; -0.000407708802864; -0.0156913842112
22981.93721861075; -0.000410842727283; -0.015713948226
22984.85854835163; -0.00041286135796; -0.0157362390779
22987.7798780925; -0.000414881103038; -0.0157588490327
22990.70120783338; -0.000417194860018; -0.0157808139169
22993.62253757425; -0.000420338930505; -0.0158028456872
22996.54386731513; -0.000422184931402; -0.015826877652
22999.465197056; -0.000424675840996; -0.0158499550993
23002.38652679688; -0.000426992084936; -0.0158720013728
23005.30785653775; -0.000430242788488; -0.0158962136303
23008.22918627863; -0.000432167936903; -0.0159190676164
23011.1505160195; -0.000435409865329; -0.0159433052037
23014.07184576037; -0.000437011131568; -0.0159657923659
23016.99317550125; -0.000439868081174; -0.0159902405036
23019.91450524212; -0.000442227847121; -0.0160145526872
23022.835834983; -0.000445341094089; -0.0160374651094
23025.75716472387; -0.000448940571559; -0.016061885288
23028.67849446474; -0.000450386600497; -0.0160866246082
23031.59982420562; -0.000454265425275; -0.0161108323874
23034.52115394649; -0.000457280914074; -0.0161351668452
23037.44248368737; -0.000460035758218; -0.0161599103915
23040.36381342824; -0.00046227328826; -0.016185538919
23043.28514316912; -0.00046585102388; -0.0162102827986
23046.20647290999; -0.000468148627399; -0.0162350880302
23049.12780265087; -0.000471793522211; -0.0162609203457
23052.04913239174; -0.000474776034615; -0.0162860083251
23054.97046213262; -0.000477402392072; -0.0163113293195
23057.89179187349; -0.000481207029018; -0.0163379796386
23060.81312161436; -0.000483576504643; -0.0163637817044
23063.73445135524; -0.000486793885102; -0.0163896776415
23066.65578109611; -0.000489733059116; -0.0164156098745
23069.57711083699; -0.000492669418551; -0.0164427279938
23072.49844057786; -0.000495992351138; -0.0164701529186
23075.41977031874; -0.000499055153076; -0.0164957127048
23078.34110005961; -0.000502182186318; -0.0165228734983
23081.26242980048; -0.000506265121942; -0.0165495423522
23084.18375954136; -0.000509276498451; -0.0165778350139
23087.10508928223; -0.000512192597519; -0.0166057955725
23090.02641902311; -0.000516098868306; -0.0166322633102
23092.94774876398; -0.000519743225803; -0.0166596076431
23095.86907850486; -0.000523636857408; -0.0166890545493
23098.79040824573; -0.000526460804233; -0.0167165345184
23101.71173798661; -0.000531087600646; -0.0167457256258
23104.63306772748; -0.000533822384502; -0.0167740128803
23107.55439746836; -0.000537289278919; -0.016802403092
23110.47572720923; -0.000541083396868; -0.0168313629175
23113.3970569501; -0.000544762461016; -0.0168603968686
23116.31838669098; -0.000548636961194; -0.0168903041267
23119.23971643185; -0.000552028430377; -0.0169187764931
23122.16104617273; -0.000556334082652; -0.0169490107588
23125.0823759136; -0.00055996116544; -0.0169783073665
23128.00370565448; -0.000564040951403; -0.0170092403621
23130.92503539535; -0.000567554557874; -0.0170388815733
23133.84636513623; -0.000571712002104; -0.0170696387783
23136.7676948771; -0.000575514151706; -0.0170999500938
23139.68902461798; -0.000579796075257; -0.0171306694763
23142.61035435885; -0.000583627706667; -0.0171613844629
23145.53168409972; -0.000588076826611; -0.0171930183155
23148.4530138406; -0.000592470406299; -0.0172228422605
23151.37434358147; -0.000596347180586; -0.0172550396502
23154.29567332235; -0.000600621168254; -0.0172874073339
23157.21700306322; -0.000605451401041; -0.0173202220436
23160.13833280409; -0.000609675921846; -0.0173526749748
23163.05966254497; -0.00061374080552; -0.0173847646983
23165.98099228584; -0.00061889690482; -0.0174173023129
23168.90232202672; -0.000623282464777; -0.0174504206361
23171.82365176759; -0.000627758152333; -0.0174838288163
23174.74498150847; -0.00063242863991; -0.0175169431512
23177.66631124934; -0.000637197503818; -0.0175507301499
23180.58764099022; -0.000641600800338; -0.0175853914915
23183.50897073109; -0.000646501174514; -0.0176186521615
23186.43030047197; -0.000651340737973; -0.0176529222276
23189.35163021284; -0.000656297300569; -0.0176880431074
23192.27295995371; -0.00066129154709; -0.0177231723821
23195.19428969459; -0.000666852324031; -0.0177567046752
23198.11561943546; -0.000671315957953; -0.0177929808701
23201.03694917634; -0.000675623311945; -0.0178287811129
23203.95827891721; -0.000681910237208; -0.0178642942786
23206.87960865808; -0.000687160971709; -0.0179010505144
23209.80093839896; -0.000691838910854; -0.0179365179877
23212.72226813983; -0.000698305930389; -0.0179746509547
23215.64359788071; -0.000703031833605; -0.0180111682488
23218.56492762158; -0.000708690730336; -0.0180490758975
23221.48625736246; -0.000714562989584; -0.0180862736681
23224.40758710333; -0.000719652284312; -0.0181241252406
23227.32891684421; -0.000725623391514; -0.0181619262976
23230.25024658508; -0.000731287599475; -0.0182009209748
23233.17157632596; -0.000737414429061; -0.0182393754445
23236.09290606683; -0.000743458687003; -0.0182771574178
23239.0142358077; -0.00074885940996; -0.0183163423659
23241.93556554858; -0.000755318819617; -0.0183571185343
23244.85689528945; -0.000760885050559; -0.0183967106987
23247.77822503033; -0.000767612173896; -0.0184375589145
23250.6995547712; -0.000774126065486; -0.0184774032834
23253.62088451208; -0.000780400063103; -0.0185185638714
23256.54221425295; -0.000786316345366; -0.0185593753613
23259.46354399382; -0.000793020763839; -0.018600607043
23262.3848737347; -0.000800635692812; -0.0186434278393
23265.30620347557; -0.000806228095591; -0.0186850383575
23268.22753321645; -0.000814067837399; -0.0187268337127
23271.14886295732; -0.000820891339808; -0.0187692543924
23274.0701926982; -0.000827749582022; -0.0188118328301
23276.99152243907; -0.000833703709597; -0.0188557238632
23279.91285217995; -0.000840903812937; -0.0188990422404
23282.83418192082; -0.000848106607009; -0.0189435419408
23285.7555116617; -0.000855462976433; -0.0189884580294
23288.67684140257; -0.000863241087513; -0.0190334381529
23291.59817114344; -0.000869944262891; -0.0190777208157
23294.51950088432; -0.000877699825724; -0.0191223775217
23297.44083062519; -0.000885827375654; -0.019168688807
23300.36216036607; -0.000893091404064; -0.0192154847666
23303.28349010694; -0.000900087373558; -0.0192619638264
23306.20481984782; -0.000909010983273; -0.0193095204231
23309.12614958869; -0.000917642015336; -0.019357805847
23312.04747932957; -0.00092563681698; -0.0194050323365
23314.96880907044; -0.000934967154134; -0.0194520418702
23317.89013881132; -0.000942833792866; -0.0195017838553
23320.81146855219; -0.000950548899967; -0.019551075617
23323.73279829306; -0.000959515665145; -0.0196005243691
23326.65412803394; -0.000968407826948; -0.0196507046488
23329.57545777481; -0.000977122199974; -0.0197015317939
23332.49678751569; -0.000986425397355; -0.0197525365389
23335.41811725656; -0.000995761228973; -0.0198037692705
23338.33944699743; -0.00100471372849; -0.0198547682391
23341.26077673831; -0.00101484599166; -0.019907756455
23344.18210647918; -0.00102368285152; -0.0199603988793
23347.10343622006; -0.00103407662259; -0.0200134973982
23350.02476596093; -0.00104286523807; -0.0200675732985
23352.94609570181; -0.00105320273449; -0.0201214077423
23355.86742544268; -0.00106350897955; -0.0201760824735
23358.78875518356; -0.00107361290039; -0.0202315989461
23361.71008492443; -0.00108346134704; -0.020286117972
23364.63141466531; -0.00109449293895; -0.0203432949725
23367.55274440618; -0.00110635002075; -0.0203992611811
23370.47407414705; -0.00111653856342; -0.0204568834294
23373.39540388793; -0.00112697412725; -0.0205142596401
23376.3167336288; -0.00113875621298; -0.0205721476982
23379.23806336968; -0.0011500507708; -0.0206310965877
23382.15939311055; -0.00116207268465; -0.0206905530594
23385.08072285142; -0.00117243857887; -0.0207510618679
23388.0020525923; -0.00118561080696; -0.020811720465
23390.92338233317; -0.00119697239667; -0.0208719786744
23393.84471207405; -0.00120926940454; -0.0209331500674
23396.76604181492; -0.0012218378506; -0.0209951134059
23399.6873715558; -0.00123469692952; -0.0210582898601
23402.60870129667; -0.0012467490525; -0.0211220343291
23405.53003103755; -0.00125995336436; -0.0211860485685
23408.45136077842; -0.00127334946843; -0.0212509376294
23411.3726905193; -0.00128667074228; -0.0213163848907
23414.29402026017; -0.00130065953984; -0.0213819771878
23417.21535000105; -0.00131460164427; -0.0214482397935
23420.13667974192; -0.00132941322361; -0.0215157364007
23423.05800948279; -0.00134319016605; -0.0215840609996
23425.97933922367; -0.00135736583967; -0.0216524816085
23428.90066896454; -0.00137164339414; -0.0217221351986
23431.82199870542; -0.00138819725004; -0.0217920549819
23434.74332844629; -0.00140315493809; -0.0218623636007
23437.66465818716; -0.00141847232545; -0.0219347572621
23440.58598792804; -0.00143456677031; -0.0220075351227
23443.50731766891; -0.00144950019294; -0.0220799465096
23446.42864740979; -0.001466779024; -0.0221527776568
23449.34997715066; -0.00148337884156; -0.0222293586099
23452.27130689154; -0.00149963356188; -0.0223035833086
23455.19263663241; -0.00151728639206; -0.0223803730655
23458.11396637329; -0.00153452664626; -0.0224573846502
23461.03529611416; -0.00155241696154; -0.0225339471171
23463.95662585504; -0.00157076760164; -0.02261344114
23466.87795559591; -0.00158874908314; -0.0226925406397
23469.79928533678; -0.0016079049877; -0.0227733589696
23472.72061507766; -0.0016271218422; -0.0228548010966
23475.64194481853; -0.00164589248393; -0.0229368606082
23478.56327455941; -0.00166571336232; -0.0230204748456
23481.48460430028; -0.00168560135728; -0.0231047241678
23484.40593404115; -0.00170595306457; -0.0231900921384
23487.32726378203; -0.00172665606113; -0.0232759048321
23490.24859352291; -0.00174854289341; -0.0233629134063
23493.16992326378; -0.0017688358774; -0.0234503472934
23496.09125300466; -0.00179101687412; -0.0235385136047
23499.01258274553; -0.00181403699832; -0.0236297451965
23501.9339124864; -0.00183688607308; -0.023719874028
23504.85524222728; -0.00185972770757; -0.0238128496508
23507.77657196815; -0.00188318009773; -0.0239072786798
23510.69790170903; -0.00190711154559; -0.0240009148037
23513.6192314499; -0.00193167600814; -0.0240974147031
23516.54056119077; -0.00195602543153; -0.0241933338075
23519.46189093165; -0.00198245271914; -0.0242909110107
23522.38322067252; -0.00200894179132; -0.024390176949
23525.3045504134; -0.00203492183783; -0.0244905804372
23528.22588015427; -0.00206148032663; -0.0245929851452
23531.14720989515; -0.00208967629057; -0.0246942473258
23534.06853963602; -0.00211834467235; -0.02479975754
23536.9898693769; -0.00214644853796; -0.0249030846411
23539.91119911777; -0.00217545241893; -0.025011346493
23542.83252885865; -0.00220557397198; -0.0251192152188
23545.75385859952; -0.00223665819105; -0.0252291584926
23548.67518834039; -0.00226741175884; -0.0253389279822
23551.59651808127; -0.0022991870705; -0.0254527808673
23554.51784782214; -0.00233146038798; -0.0255654395784
23557.43917756302; -0.00236481745029; -0.025681464026
23560.36050730389; -0.00239828243214; -0.0257983463077
23563.28183704477; -0.00243321488186; -0.0259162063237
23566.20316678564; -0.00246803757293; -0.0260363166177
23569.12449652651; -0.00250368973464; -0.0261574148035
23572.04582626739; -0.00254091152899; -0.0262812627389
23574.96715600826; -0.00257814098398; -0.0264058969615
23577.88848574914; -0.00261669169736; -0.0265323882053
23580.80981549001; -0.00265607464096; -0.0266608226867
23583.73114523089; -0.00269600652173; -0.0267903347468
23586.65247497176; -0.00273695870427; -0.0269219936757
23589.57380471264; -0.00277795128431; -0.0270555984036
23592.49513445351; -0.00282107414054; -0.0271908738156
23595.41646419439; -0.00286560143336; -0.0273282720633
23598.33779393526; -0.0029099660263; -0.0274681759417
23601.25912367613; -0.00295691317453; -0.0276099832095
23604.18045341701; -0.00300398201059; -0.0277542410255
23607.10178315788; -0.00305162807398; -0.0279001251159
23610.02311289876; -0.00310096962589; -0.0280479312251
23612.94444263963; -0.00315109744344; -0.0281974258617
23615.8657723805; -0.00320314126328; -0.0283495243513
23618.78710212138; -0.00325658251567; -0.0285055971526
23621.70843186225; -0.00331002954922; -0.0286611660587
23624.62976160313; -0.0033659818741; -0.0288213605444
23627.551091344; -0.00342255529688; -0.0289825348598
23630.47242108488; -0.00348037464951; -0.0291460407396
23633.39375082575; -0.0035399824702; -0.0293139213794
23636.31508056663; -0.0036015050817; -0.0294849714851
23639.2364103075; -0.00366476842721; -0.0296564723416
23642.15774004838; -0.00372906736909; -0.0298315363806
23645.07906978925; -0.00379603433979; -0.0300083527269
23648.00039953012; -0.00386454476336; -0.0301897264521
23650.921729271; -0.00393438756563; -0.0303737661532
23653.84305901187; -0.00400552799609; -0.0305600061043
23656.76438875275; -0.0040780251903; -0.0307502355089
23659.68571849362; -0.0041535353938; -0.0309420107544
23662.60704823449; -0.00423168517749; -0.031139541742
23665.52837797537; -0.00431136855753; -0.0313353902397
23668.44970771625; -0.00439353314887; -0.0315399803766
23671.37103745712; -0.00447801008493; -0.0317450873635
23674.292367198; -0.00456445518426; -0.0319554710591
23677.21369693887; -0.00465371753148; -0.0321687113457
23680.13502667974; -0.00474556338638; -0.0323849442321
23683.05635642062; -0.00484019547426; -0.0326064875862
23685.97768616149; -0.00493710977975; -0.032830613659
23688.89901590237; -0.00503775421527; -0.0330590310555
23691.82034564324; -0.00514126652278; -0.0332924496604
23694.74167538412; -0.00524685325115; -0.033528685864
23697.66300512499; -0.0053570207212; -0.0337700821814
23700.58433486586; -0.00546921737115; -0.0340163220908
23703.50566460674; -0.005585445754; -0.0342668926004
23706.42699434761; -0.0057049263238; -0.0345214253908
23709.34832408849; -0.00583029231719; -0.0347818833805
23712.26965382936; -0.00595818257881; -0.0350470848883
23715.19098357024; -0.00609046525495; -0.0353154702124
23718.11231331111; -0.00622642262386; -0.0355916469482
23721.03364305199; -0.00636700872552; -0.0358713333232
23723.95497279286; -0.00651214474473; -0.0361582621859
23726.87630253374; -0.00666280518381; -0.0364495792799
23729.79763227461; -0.00681843168902; -0.0367465311105
23732.71896201548; -0.00697903541434; -0.0370498096825
23735.64029175636; -0.00714520473083; -0.0373576153887
23738.56162149723; -0.00731761455; -0.0376733474805
23741.48295123811; -0.00749572840808; -0.0379945843605
23744.40428097898; -0.00768084278133; -0.0383217969316
23747.32561071985; -0.00787303579735; -0.0386573505768
23750.24694046073; -0.0080706053125; -0.0389985398942
23753.1682702016; -0.00827637819945; -0.0393469523368
23756.08959994248; -0.00849015784006; -0.0397026023024
23759.01092968335; -0.00871123140081; -0.0400674927489
23761.93225942423; -0.0089415967137; -0.0404374483546
23764.8535891651; -0.00917950637071; -0.0408153426894
23767.77491890598; -0.00942858094876; -0.0412030787091
23770.69624864685; -0.00968628751081; -0.0415984716068
23773.61757838773; -0.00995414075401; -0.0420019461262
23776.5389081286; -0.0102325805634; -0.0424122693603
23779.46023786947; -0.0105224199101; -0.0428350877122
23782.38156761035; -0.0108256301733; -0.0432668375003
23785.30289735122; -0.0111405612906; -0.0437052799596
23788.2242270921; -0.0114691402215; -0.0441556380258
23791.14555683297; -0.0118112663086; -0.0446150907731
23794.06688657384; -0.0121693278139; -0.0450843648156
23796.98821631472; -0.012541589288; -0.0455636130669
23799.90954605559; -0.0129318531866; -0.0460550098006
23802.83087579647; -0.013337749087; -0.0465538923342
23805.75220553734; -0.0137626455829; -0.0470660197116
23808.67353527822; -0.0142074818719; -0.0475877546408
23811.59486501909; -0.0146739977093; -0.0481224972519
23814.51619475997; -0.0151605969775; -0.0486686677942
23817.43752450084; -0.0156723027791; -0.0492258776049
23820.35885424172; -0.0162068951728; -0.0497947735181
23823.28018398259; -0.0167679554151; -0.0503740069013
23826.20151372346; -0.0173559841705; -0.0509657349852
23829.12284346434; -0.0179742700744; -0.0515682072863
23832.04417320521; -0.0186241545776; -0.0521835672301
23834.96550294609; -0.019307502322; -0.0528116733443
23837.88683268696; -0.0200244428712; -0.0534485893982
23840.80816242784; -0.0207801091587; -0.0540974902893
23843.72949216871; -0.0215752269208; -0.0547584463357
23846.65082190958; -0.0224132847478; -0.0554270827399
23849.57215165046; -0.0232959282189; -0.0561047094192
23852.49348139134; -0.0242263202727; -0.0567913394853
23855.41481113221; -0.0252080523612; -0.0574860816236
23858.33614087309; -0.0262435153587; -0.0581857738597
23861.25747061396; -0.0273391643032; -0.0588924881929
23864.17880035483; -0.0284960357663; -0.0596024929509
23867.10013009571; -0.0297181837486; -0.0603119488776
23870.02145983658; -0.0310105935276; -0.0610192133316
23872.94278957746; -0.0323775547989; -0.0617235154374
23875.86411931833; -0.0338238622332; -0.0624202977155
23878.7854490592; -0.0353546674494; -0.063104503207
23881.70677880008; -0.0369732969802; -0.063773046006
23884.62810854095; -0.038686320631; -0.0644179305222
23887.54943828183; -0.0404999373124; -0.0650361026765
23890.4707680227; -0.0424171532836; -0.065617615983
23893.39209776358; -0.0444462946052; -0.0661548481655
23896.31342750445; -0.046590350666; -0.0666395113277
23899.23475724533; -0.0488549168304; -0.0670612414913
23902.1560869862; -0.0512439054614; -0.0674043219835
23905.07741672708; -0.0537618817446; -0.0676588337048
23907.99874646795; -0.0564146652079; -0.0678120196629
23910.92007620882; -0.0592000617743; -0.0678392304128
23913.8414059497; -0.0621173034035; -0.0677240587181
23916.76273569057; -0.0651651011311; -0.0674466751368
23919.68406543145; -0.0683434645534; -0.066985544268
23922.60539517232; -0.0716405818529; -0.0663169760355
23925.52672491319; -0.0750457548985; -0.0654127570785
23928.44805465407; -0.0785440445166; -0.0642470223228
23931.36938439494; -0.0821165957033; -0.0627944261251
23934.29071413582; -0.0857309378338; -0.0610288179291
23937.21204387669; -0.0893587601176; -0.0589260661038
23940.13337361757; -0.0929708509956; -0.0564676928037
23943.05470335844; -0.0965134303727; -0.0536364920453
23945.97603309932; -0.0999421444407; -0.0504200859456
23948.89736284019; -0.103201210338; -0.0468145930947
23951.81869258107; -0.1062328599; -0.0428323208307
23954.74002232194; -0.108978806249; -0.0384848366105
23957.66135206281; -0.11138090066; -0.0338035346053
23960.58268180369; -0.113388086126; -0.0288302413228
23963.50401154456; -0.11494523898; -0.0236093863893
23966.42534128544; -0.116019365302; -0.0182086684455
23969.34667102631; -0.116582498049; -0.0126955938423
23972.26800076719; -0.116614355087; -0.00714211298471
23975.18933050806; -0.116123322803; -0.001624470247
23978.11066024893; -0.115118216005; 0.00378145140541
23981.03198998981; -0.113626331047; 0.0090108896674
23983.95331973068; -0.11169166518; 0.0140021163471
23986.87464947156; -0.109355356462; 0.018701164489
23989.79597921243; -0.106673639502; 0.0230726222307
23992.71730895331; -0.103706743017; 0.0270835699468
23995.63863869418; -0.100509655708; 0.0307169648084
23998.55996843506; -0.0971454684341; 0.0339712503934
24001.48129817593; -0.0936567430597; 0.0368415633834
24004.4026279168; -0.0900975411518; 0.0393397823013
24007.32395765768; -0.0865132461191; 0.0414851108495
24010.24528739855; -0.0829390709896; 0.0432965590946
24013.16661713943; -0.079411342437; 0.0447972246763
24016.0879468803; -0.0759526947256; 0.0460106481348
24019.00927662118; -0.0725794146542; 0.0469654697074
24021.93060636205; -0.0693145929866; 0.047689280894
24024.85193610292; -0.0661611612705; 0.0482011161979
24027.7732658438; -0.0631347100475; 0.0485290622324
24030.69459558467; -0.0602462734792; 0.0486929920645
24033.61592532555; -0.0574785180516; 0.0487161709184
24036.53725506643; -0.0548414333893; 0.0486152075485
24039.4585848073; -0.0523321402751; 0.0484075892298
24042.37991454817; -0.0499494970377; 0.0481098869193
24045.30124428905; -0.0476895959416; 0.0477319949661
24048.22257402992; -0.045545651514; 0.0472903091068
24051.1439037708; -0.0435205710051; 0.0467957859608
24054.06523351167; -0.0416026362161; 0.0462547863573
24056.98656325254; -0.0397869640661; 0.0456770366619
24059.90789299342; -0.0380698095142; 0.0450684293542
24062.82922273429; -0.0364458426695; 0.044436321897
24065.75055247517; -0.0349098277457; 0.0437858109917
24068.67188221604; -0.0334559836179; 0.0431213766847
24071.59321195692; -0.032083217296; 0.042450746445
24074.51454169779; -0.0307837607847; 0.041772450934
24077.43587143867; -0.029551263903; 0.0410910651266
24080.35720117954; -0.0283863985243; 0.0404092480111
24083.27853092042; -0.0272811305296; 0.0397284649734
24086.19986066129; -0.0262353032954; 0.0390529112313
24089.12119040216; -0.0252441852569; 0.0383827347732
24092.04252014304; -0.0243024168883; 0.0377182067036
24094.96384988391; -0.0234110142808; 0.0370615243418
24097.88517962479; -0.0225625482786; 0.0364146897096
24100.80650936566; -0.0217573520361; 0.0357736486836
24103.72783910653; -0.0209928327118; 0.0351482375287
24106.64916884741; -0.0202639605095; 0.0345291357141
24109.57049858828; -0.0195720210206; 0.0339202179996
24112.49182832916; -0.0189126934591; 0.0333226600139
24115.41315807003; -0.0182838287707; 0.0327347281789
24118.33448781091; -0.0176848598161; 0.0321591587451
24121.25581755178; -0.0171129421162; 0.0315937056388
24124.17714729266; -0.0165672103383; 0.0310387332851
24127.09847703353; -0.0160469892525; 0.0304951803073
24130.01980677441; -0.015549020403; 0.0299630650089
24132.94113651528; -0.0150746019588; 0.0294422724526
24135.86246625615; -0.014620383356; 0.0289325332782
24138.78379599703; -0.0141852974309; 0.02843233433
24141.7051257379; -0.0137701580702; 0.0279424039945
24144.62645547878; -0.0133704536846; 0.0274637469013
24147.54778521965; -0.012988339121; 0.0269932841282
24150.46911496053; -0.0126221209561; 0.0265339594637
24153.3904447014; -0.0122710831574; 0.0260847414886
24156.31177444227; -0.011934571872; 0.0256451592738
24159.23310418315; -0.011610521424; 0.0252132007326
24162.15443392402; -0.0112987364023; 0.0247917775974
24165.0757636649; -0.0110003896537; 0.0243784531701
24167.99709340577; -0.0107125259408; 0.0239734466007
24170.91842314665; -0.0104365029435; 0.0235773234857
24173.83975288752; -0.0101703179376; 0.0231887645923
24176.7610826284; -0.00991526157985; 0.0228084871723
24179.68241236927; -0.00966804374639; 0.0224362750774
24182.60374211015; -0.00943057150434; 0.0220719827902
24185.52507185102; -0.00920134464029; 0.0217143789636
24188.44640159189; -0.0089799259306; 0.0213639697162
24191.36773133277; -0.00876712716227; 0.0210227349857
24194.28906107364; -0.00856171842938; 0.0206853621261
24197.21039081452; -0.00836292442454; 0.0203564775735
24200.13172055539; -0.0081718142868; 0.0200336327675
24203.05305029626; -0.00798617411348; 0.0197155672451
24205.97438003714; -0.00780743430374; 0.0194074820054
24208.89570977801; -0.00763456793265; 0.0191023019229
24211.81703951889; -0.00746706944759; 0.0188039786631
24214.73836925977; -0.00730518791312; 0.018510271798
24217.65969900064; -0.00714812172553; 0.0182235243398
24220.58102874151; -0.00699597196827; 0.0179411931078
24223.50235848239; -0.00684957932561; 0.0176660143917
24226.42368822326; -0.00670742764691; 0.0173940819186
24229.34501796414; -0.00656950101679; 0.0171285000254
24232.26634770501; -0.00643658189208; 0.0168668834759
24235.18767744588; -0.00630592657456; 0.0166107386126
24238.10900718676; -0.0061802863207; 0.0163584492543
24241.03033692763; -0.00605879672143; 0.0161118969451
24243.95166666851; -0.0059391036099; 0.0158679702757
24246.87299640938; -0.00582448732175; 0.0156296348339
24249.79432615026; -0.00571302678334; 0.0153959819417
24252.71565589113; -0.00560582096563; 0.0151655779642
24255.63698563201; -0.00549956628854; 0.0149388062222
24258.55831537288; -0.00539779830408; 0.0147189995748
24261.47964511376; -0.00529874813008; 0.0145001708123
24264.40097485463; -0.00520108747114; 0.0142854050153
24267.3223045955; -0.00510777492185; 0.01407456616
24270.24363433638; -0.00501644791107; 0.0138676431955
24273.16496407725; -0.00492729434349; 0.0136646825071
24276.08629381813; -0.00484075160453; 0.0134638419139
24279.007623559; -0.00475662956424; 0.0132663586122
24281.92895329987; -0.00467549363225; 0.0130736769489
24284.85028304075; -0.00459502617121; 0.0128830982066
24287.77161278162; -0.00451733468809; 0.012696145955
24290.6929425225; -0.00444204420919; 0.0125114230536
24293.61427226337; -0.00436775203766; 0.0123300620788
24296.53560200425; -0.00429562519715; 0.0121519971016
24299.45693174512; -0.00422591378799; 0.0119765048165
24302.378261486; -0.00415690668239; 0.0118027528205
24305.29959122687; -0.00409007747889; 0.0116328597603
24308.22092096775; -0.00402600359116; 0.0114649147198
24311.14225070862; -0.00396201884855; 0.011300000525
24314.0635804495; -0.00390027834978; 0.0111376831089
24316.98491019037; -0.00383979849005; 0.0109778534292
24319.90623993124; -0.00378011711115; 0.0108189261493
24322.82756967212; -0.00372170026628; 0.0106641627678
24325.74889941299; -0.00366594997721; 0.0105112128596
24328.67022915387; -0.00361071998328; 0.0103594287897
24331.59155889474; -0.00355670441167; 0.0102109112987
24334.51288863561; -0.00350365368064; 0.0100644442249
24337.43421837649; -0.00345309455715; 0.00992042029319
24340.35554811736; -0.00340316434404; 0.00977798910788
24343.27687785824; -0.00335345116358; 0.0096380444584
24346.19820759911; -0.00330585475389; 0.00949920652747
24349.11953733999; -0.00325822529381; 0.00936227675455
24352.04086708086; -0.00321222326134; 0.00922754819662
24354.96219682174; -0.00316752268389; 0.00909465171485
24357.88352656261; -0.00312390088405; 0.00896410045674
24360.80485630349; -0.00308077909898; 0.00883432263009
24363.72618604436; -0.00303879490782; 0.00870786304942
24366.64751578523; -0.00299679282309; 0.00858155645263
24369.56884552611; -0.00295726261246; 0.00845764690256
24372.49017526698; -0.00291659387183; 0.00833491257516
24375.41150500786; -0.00287851691562; 0.00821416948112
24378.33283474873; -0.00284095716451; 0.00809482645129
24381.2541644896; -0.00280395886014; 0.0079778872368
24384.17549423048; -0.00276767876035; 0.00786148418823
24387.09682397135; -0.00273085420085; 0.00774741045639
24390.01815371223; -0.00269633130531; 0.00763373535388
24392.9394834531; -0.00266173790722; 0.00752273786479
24395.86081319398; -0.00262751349141; 0.00741198635715
24398.78214293485; -0.00259475975889; 0.00730367372828
24401.70347267573; -0.00256251191578; 0.00719610783118
24404.6248024166; -0.00253162950222; 0.00709017102856
24407.54613215748; -0.00249997186024; 0.00698590221729
24410.46746189835; -0.00246894737649; 0.00688247037378
24413.38879163923; -0.00244036532057; 0.00677923078502
24416.3101213801; -0.00241077456219; 0.00667891191355
24419.23145112097; -0.00238109567125; 0.00657931910124
24422.15278086185; -0.00235356562177; 0.00648002802033
24425.07411060272; -0.00232566376997; 0.0063830099979
24427.9954403436; -0.00229862164717; 0.00628730306855
24430.91677008447; -0.00227234454133; 0.00619209623983
24433.83809982535; -0.00224572081976; 0.00609851101471
24436.75942956622; -0.00221977282932; 0.00600562675647
24439.6807593071; -0.00219391007749; 0.00591391094535
24442.60208904797; -0.00217048644466; 0.00582340407947
24445.52341878884; -0.00214593705749; 0.00573384691973
24448.44474852972; -0.00212148034725; 0.0056450171384
24451.36607827059; -0.00209829271373; 0.00555751507471
24454.28740801147; -0.0020753820831; 0.00547145291263
24457.20873775234; -0.00205259169357; 0.00538523622772
24460.13006749322; -0.00203022365917; 0.00530107240183
24463.05139723409; -0.00200716880801; 0.00521617030983
24465.97272697496; -0.00198632534144; 0.00513449060059
24468.89405671584; -0.00196486008774; 0.00505192875118
24471.81538645671; -0.00194391716259; 0.00497205203429
24474.73671619759; -0.00192432741113; 0.00489148821273
24477.65804593846; -0.00190398683484; 0.00481190411919
24480.57937567934; -0.00188360271993; 0.00473464081088
24483.50070542021; -0.0018638233386; 0.00465664086226
24486.42203516109; -0.00184489272535; 0.00457986772998
24489.34336490196; -0.00182520005096; 0.00450405529884
24492.26469464284; -0.00180697905125; 0.00442938663908
24495.18602438371; -0.00178775374701; 0.00435472337447
24498.10735412458; -0.00177132306479; 0.0042819516948
24501.02868386546; -0.00175337208449; 0.00420871217727
24503.95001360633; -0.00173571206182; 0.00413689444718
24506.87134334721; -0.00171870027658; 0.0040655085189
24509.79267308808; -0.0017017443133; 0.00399471874684
24512.71400282895; -0.00168566515919; 0.00392538008825
24515.63533256983; -0.00166790186512; 0.00385645783047
24518.5566623107; -0.00165201367228; 0.00378836859624
24521.47799205158; -0.00163626016476; 0.00372045168186
24524.39932179245; -0.00162079112431; 0.00365373066076
24527.32065153333; -0.00160542354501; 0.00358714387343
24530.2419812742; -0.00159087614937; 0.0035214082189
24533.16331101508; -0.00157533449965; 0.00345585218502
24536.08464075595; -0.00156024557957; 0.00339254917695
24539.00597049683; -0.00154647499998; 0.00332792596058
24541.9273002377; -0.0015323807893; 0.00326556732418
24544.84862997857; -0.00151832670135; 0.00320270734899
24547.76995971945; -0.00150417824565; 0.00313978075307
24550.69128946032; -0.00149068821478; 0.00308033045386
24553.6126192012; -0.00147711209997; 0.00301799715498
24556.53394894207; -0.00146416881962; 0.00295848896979
24559.45527868294; -0.00145037884798; 0.00289892382955
24562.37660842382; -0.00143786716366; 0.00283920991164
24565.29793816469; -0.00142501527145; 0.00278077193893
24568.21926790557; -0.00141292273851; 0.00272297712212
24571.14059764644; -0.00140072991598; 0.0026657580274
24574.06192738732; -0.00138840584057; 0.00260892676239
24576.98325712819; -0.00137565199431; 0.00255290383503
24579.90458686907; -0.00136355033593; 0.00249647941346
24582.82591660994; -0.00135287969005; 0.00244108718452
24585.74724635082; -0.00134209355804; 0.00238652158972
24588.66857609169; -0.00132980660432; 0.00233282817734
24591.58990583257; -0.00131930411615; 0.00227811140653
24594.51123557344; -0.00130766440707; 0.00222498918533
24597.43256531431; -0.00129735327403; 0.00217263202423
24600.35389505519; -0.00128723950673; 0.00211955574292
24603.27522479606; -0.00127605589004; 0.00206755602633
24606.19655453694; -0.00126484174275; 0.00201573568346
24609.11788427781; -0.00125569650879; 0.00196559443249
24612.03921401869; -0.0012453024634; 0.00191449592726
24614.96054375956; -0.00123493793674; 0.00186411069856
24617.88187350044; -0.00122486129759; 0.00181472690882
24620.80320324131; -0.00121617363333; 0.00176508445199
24623.72453298218; -0.00120541222076; 0.00171607862058
24626.64586272306; -0.0011961152207; 0.00166751934118
24629.56719246393; -0.00118647573643; 0.00161965130022
24632.48852220481; -0.00117626516497; 0.00157237730131
24635.40985194568; -0.00116841508033; 0.00152410888046
24638.33118168656; -0.00115952911192; 0.00147690383968
24641.25251142743; -0.00115125597829; 0.00143186031956
24644.1738411683; -0.00114184345473; 0.00138549011574
24647.09517090918; -0.0011329863745; 0.00133821548612
24650.01650065005; -0.00112457061829; 0.00129473395483
24652.93783039093; -0.00111595718471; 0.00124925836236
24655.8591601318; -0.00110660298875; 0.00120517204909
24658.78048987268; -0.00110012588038; 0.00116043763847
24661.70181961355; -0.00109165880813; 0.00111661547537
24664.62314935443; -0.00108291697725; 0.00107324135761
24667.5444790953; -0.00107533863134; 0.0010301861988
24670.46580883618; -0.00106813582596; 0.000987452165597
24673.38713857705; -0.00105993318203; 0.000944608721054
24676.30846831792; -0.00105244547896; 0.000902622548402
24679.2297980588; -0.00104405041596; 0.000860775225277
24682.15112779967; -0.00103694510413; 0.000819098274438
24685.07245754055; -0.00103047362746; 0.000777807221895
24687.99378728142; -0.00102222970717; 0.000737341362323
24690.91511702229; -0.00101448209561; 0.000696907585287
24693.83644676317; -0.00100787752425; 0.000656706385274
24696.75777650404; -0.00100110966395; 0.00061671814908
24699.67910624492; -0.000994487360961; 0.000576634447904
24702.60043598579; -0.000986811146571; 0.00053840129569
24705.52176572667; -0.000980217038678; 0.000499305951436
24708.44309546754; -0.000973622336238; 0.000459223876437
24711.36442520842; -0.000966657459343; 0.000421447154683
24714.28575494929; -0.000960113267088; 0.000383624980893
24717.20708469017; -0.000953311036984; 0.000345292729644
24720.12841443104; -0.000946604800254; 0.0003082525949
24723.04974417191; -0.000940777475803; 0.000270770482595
24725.97107391279; -0.00093518249191; 0.000233817770718
24728.89240365366; -0.00092857954066; 0.000197106457144
24731.81373339454; -0.000922231958528; 0.000160981042883
24734.73506313541; -0.000915618880517; 0.000125048963468
24737.65639287628; -0.000909778580419; 8.77430199171e-05
24740.57772261716; -0.000904581382607; 5.27485576986e-05
24743.49905235803; -0.000898326311108; 1.68560730813e-05
24746.42038209891; -0.000892554038522; -1.80123444091e-05
24749.34171183978; -0.000887498418969; -5.249974452e-05
24752.26304158066; -0.000880831292876; -8.68883516008e-05
24755.18437132153; -0.000876204849315; -0.000121380136775
24758.10570106241; -0.000869543521767; -0.000156081843954
24761.02703080328; -0.000864932990819; -0.000189075176285
24763.94836054416; -0.000859118930558; -0.000223579516869
24766.86969028503; -0.000853491224812; -0.000257229520757
24769.79102002591; -0.00084830509439; -0.000290940324901
24772.71234976678; -0.000842977361862; -0.000322862939359
24775.63367950765; -0.000838277616867; -0.000355681141182
24778.55500924853; -0.000833229894734; -0.000388590486617
24781.4763389894; -0.000827683608001; -0.000420181329709
24784.39766873028; -0.000822245377737; -0.000452841905044
24787.31899847115; -0.000817115936358; -0.000485304684622
24790.24032821202; -0.000813254472367; -0.000516246970657
24793.1616579529; -0.000808278253104; -0.000548061758879
24796.08298769378; -0.000801972654035; -0.000579194437564
24799.00431743465; -0.000798675899901; -0.000610690290527
24801.92564717553; -0.000793743306494; -0.000641505399587
24804.8469769164; -0.000787765358578; -0.000672314887874
24807.76830665727; -0.000783908790273; -0.000702335009703
24810.68963639815; -0.000780202005343; -0.000732261768426
24813.61096613902; -0.000775471871451; -0.000763577298883
24816.5322958799; -0.000771109728829; -0.000792680694815
24819.45362562077; -0.000765887756278; -0.000822534720573
24822.37495536164; -0.000761383816471; -0.000851979042772
24825.29628510252; -0.000756462634612; -0.000880733241242
24828.21761484339; -0.000752510296859; -0.000909887100819
24831.13894458427; -0.000748630918765; -0.00093816202981
24834.06027432514; -0.000744763895849; -0.000967054857649
24836.98160406602; -0.000740818208267; -0.000996107748243
24839.90293380689; -0.0007360409647; -0.00102439683267
24842.82426354777; -0.000732333517684; -0.00105219682316
24845.74559328864; -0.000727957529787; -0.00108081907782
24848.66692302952; -0.000724278558102; -0.0011083679118
24851.58825277039; -0.000721015640605; -0.00113622214684
24854.50958251126; -0.000716621914992; -0.0011633294405
24857.43091225214; -0.000712762529801; -0.0011909690827
24860.35224199301; -0.000708245127416; -0.00121749197306
24863.27357173389; -0.000704166172157; -0.00124450573822
24866.19490147476; -0.000701323969071; -0.00127190541806
24869.11623121564; -0.000696864128972; -0.00129798383529
24872.03756095651; -0.000693378351131; -0.00132560137471
24874.95889069738; -0.000689833718446; -0.00135093314448
24877.88022043826; -0.000685567968897; -0.00137685576524
24880.80155017913; -0.000682376219497; -0.0014039176954
24883.72287992001; -0.000678641990097; -0.00142880661798
24886.64420966088; -0.00067562794978; -0.00145372707739
24889.56553940176; -0.000672382479534; -0.00148054175493
24892.48686914263; -0.000669039290735; -0.0015053206834
24895.40819888351; -0.000664764631057; -0.00153063271996
24898.32952862438; -0.000661031669445; -0.00155545896787
24901.25085836525; -0.000658050417829; -0.00158031821587
24904.17218810613; -0.000655037791763; -0.00160612479536
24907.093517847; -0.000651445797016; -0.00163003499577
24910.01484758788; -0.000648205405381; -0.00165454758496
24912.93617732875; -0.000645286807585; -0.00167935088254
24915.85750706963; -0.000642163057005; -0.00170368933546
24918.7788368105; -0.000637994186458; -0.00172700036845
24921.70016655137; -0.000635208201715; -0.00175201878588
24924.62149629225; -0.000631747563156; -0.00177448921651
24927.54282603312; -0.000628893202126; -0.00179881062281
24930.464155774; -0.0006258108146; -0.00182207456904
24933.38548551487; -0.000623003689631; -0.00184584980506
24936.30681525575; -0.000619762008439; -0.00186888017571
24939.22814499662; -0.000616349183258; -0.0018917244667
24942.1494747375; -0.000614086697627; -0.00191460868196
24945.07080447837; -0.000610026783794; -0.00193706194288
24947.99213421925; -0.00060791116719; -0.00196082612397
24950.91346396012; -0.000605416869547; -0.00198248981898
24953.83479370099; -0.000602686744527; -0.00200455446165
24956.75612344187; -0.000599509848801; -0.00202760618692
24959.67745318274; -0.00059662721852; -0.00204915450773
24962.59878292362; -0.000594531444199; -0.00207104238772
24965.52011266449; -0.000591057940918; -0.00209243363044
24968.44144240536; -0.000588274335055; -0.00211553215738
24971.36277214624; -0.000585728207978; -0.00213684497413
24974.28410188711; -0.000582402766432; -0.00215754602227
24977.20543162799; -0.000579381104545; -0.00217972947257
24980.12676136887; -0.000577197259656; -0.00219972601516
24983.04809110974; -0.000575225943271; -0.00222238164129
24985.96942085061; -0.00057198476024; -0.00224383316457
24988.89075059149; -0.00056960709196; -0.00226433076072
24991.81208033236; -0.000566148437122; -0.00228519865864
24994.73341007324; -0.000564228351318; -0.00230589856269
24997.65473981411; -0.000561286114337; -0.00232623555601
25000.57606955498; -0.000559138031191; -0.00234746975386
25003.49739929586; -0.000556507080437; -0.00236774710448
25006.41872903673; -0.000553952173157; -0.00238788691874
25009.34005877761; -0.000551967151038; -0.00240955247715
25012.26138851848; -0.000548638620448; -0.00242886546319
25015.18271825936; -0.000546281424769; -0.00244862769789
25018.10404800023; -0.000543846716594; -0.0024692058602
25021.02537774111; -0.000541631515948; -0.00248832001938
25023.94670748198; -0.000538852711462; -0.00250825827253
25026.86803722286; -0.000536475072413; -0.00252823335427
25029.78936696373; -0.000534685883021; -0.00254753096086
25032.71069670461; -0.000531824947128; -0.00256736393549
25035.63202644548; -0.000529613013221; -0.00258607818072
25038.55335618635; -0.000527847957713; -0.00260505390247
25041.47468592723; -0.000525837845312; -0.00262407482909
25044.3960156681; -0.000522977593352; -0.00264448527707
25047.31734540898; -0.000520494309713; -0.00266309719914
25050.23867514985; -0.000517832652134; -0.00268167816569
25053.16000489072; -0.000516545873553; -0.00270014968383
25056.0813346316; -0.00051358615763; -0.00271961961212
25059.00266437247; -0.00051132154343; -0.00273751788966
25061.92399411335; -0.000510329430915; -0.00275573637571
25064.84532385422; -0.000507827475239; -0.00277483086931
25067.7666535951; -0.000505830067635; -0.00279328122738
25070.68798333597; -0.000502570689343; -0.00281087242991
25073.60931307685; -0.000500932403728; -0.00282908814016
25076.53064281772; -0.000499317009441; -0.00284676171025
25079.4519725586; -0.000497355687431; -0.00286610691144
25082.37330229947; -0.000495124919946; -0.00288299484898
25085.29463204034; -0.000493090844509; -0.00290099651431
25088.21596178122; -0.000490820676153; -0.00291869605409
25091.13729152209; -0.000489042627844; -0.00293672392833
25094.05862126297; -0.000486918075342; -0.00295416659758
25096.97995100384; -0.000484459369978; -0.00297191674547
25099.90128074471; -0.000484775057192; -0.00299007075037
25102.82261048559; -0.000482254370478; -0.00300757905748
25105.74394022646; -0.000479092538045; -0.00302362579382
25108.66526996734; -0.000476812894938; -0.00304059064907
25111.58659970821; -0.000476369811439; -0.0030571506373
25114.50792944909; -0.000474360264892; -0.00307386984465
25117.42925918996; -0.000471651648103; -0.00309176812827
25120.35058893084; -0.000469684800475; -0.00310851641574
25123.27191867171; -0.000467908106801; -0.00312477696498
25126.19324841259; -0.000466107655248; -0.00314237680317
25129.11457815346; -0.000464075070601; -0.00315821960398
25132.03590789433; -0.000462997384245; -0.00317471608698
25134.95723763521; -0.000460765426744; -0.00319105467381
25137.87856737608; -0.000458762051285; -0.00320718144491
25140.79989711696; -0.000457752706215; -0.0032227279987
25143.72122685783; -0.000454553192858; -0.00324040250873
25146.64255659871; -0.000453889140425; -0.00325607796498
25149.56388633958; -0.000451748199535; -0.00327271056394
25152.48521608045; -0.000449360327801; -0.00328841806488
25155.40654582133; -0.000448319673436; -0.00330349215421
25158.32787556221; -0.000444209981968; -0.00332009510213
25161.24920530308; -0.000443512136513; -0.00333510033617
25164.17053504395; -0.000441977373226; -0.00335023784933
25167.09186478483; -0.000440697025045; -0.00336590890621
25170.0131945257; -0.000437786840984; -0.0033822534045
25172.93452426658; -0.000436218912839; -0.00339727550455
25175.85585400745; -0.000435173303249; -0.00341268621917
25178.77718374832; -0.000433140115364; -0.00342832957873
25181.6985134892; -0.000432282964781; -0.00344346773552
25184.61984323007; -0.000430414316944; -0.00345850801598
25187.54117297095; -0.000428778480979; -0.00347393491428
25190.46250271182; -0.000426844603516; -0.00348928783007
25193.3838324527; -0.00042643242069; -0.00350469258898
25196.30516219357; -0.000424120130346; -0.00351859920675
25199.22649193445; -0.000422820140729; -0.00353347769659
25202.14782167532; -0.0004213258851; -0.00354843242806
25205.0691514162; -0.000419169227754; -0.00356329872457
25207.99048115707; -0.00041838028184; -0.00357798053097
25210.91181089795; -0.000416376650609; -0.0035923161805
25213.83314063882; -0.000416092715696; -0.00360750493447
25216.75447037969; -0.000413214403554; -0.00362120143884
25219.67580012057; -0.000412171515312; -0.00363571273873
25222.59712986144; -0.000410885539049; -0.00364955914187
25225.51845960232; -0.000409702941268; -0.00366453035203
25228.43978934319; -0.000407908797575; -0.00367773626253
25231.36111908406; -0.000406029315044; -0.00369285138899
25234.28244882494; -0.00040496426633; -0.00370729662139
25237.20377856581; -0.000404016158291; -0.00372093784751
25240.12510830669; -0.000402671488419; -0.00373412913781
25243.04643804756; -0.000401235235236; -0.00374863150864
25245.96776778844; -0.000399001317476; -0.00376226194553
25248.88909752931; -0.000398688758692; -0.00377595762982
25251.81042727019; -0.000396721140207; -0.00378992384728
25254.73175701106; -0.000395634030639; -0.00380296852709
25257.65308675194; -0.000393991216959; -0.00381718753171
25260.57441649281; -0.00039270195388; -0.00383168507056
25263.49574623368; -0.000391643007639; -0.00384497060343
25266.41707597456; -0.00039020777547; -0.0038582137827
25269.33840571543; -0.000388608604954; -0.00387124848898
25272.25973545631; -0.000387566954267; -0.00388492562353
25275.18106519718; -0.000386780776163; -0.00389823774779
25278.10239493805; -0.00038476791803; -0.00391095296988
25281.02372467893; -0.000384423565175; -0.00392501375639
25283.9450544198; -0.000383199411183; -0.00393806728455
25286.86638416068; -0.00038148653673; -0.00395085046815
25289.78771390155; -0.000379222571155; -0.00396457824921
25292.70904364243; -0.000378975816391; -0.00397669441133
25295.6303733833; -0.000377257841788; -0.00398938745287
25298.55170312418; -0.000376017477718; -0.00400292004813
25301.47303286505; -0.000374675232727; -0.00401661215982
25304.39436260593; -0.000373712377092; -0.00402946343586
25307.3156923468; -0.000371914203264; -0.00404175946387
25310.23702208767; -0.000372136271368; -0.00405309802579
25313.15835182855; -0.000369976743442; -0.00406701898722
25316.07968156942; -0.000369573808441; -0.00407961504729
25319.0010113103; -0.000367572422395; -0.004092228118
25321.92234105117; -0.00036660389591; -0.00410358803206
25324.84367079205; -0.000366334936212; -0.00411679302217
25327.76500053292; -0.000364754643274; -0.0041284533083
25330.68633027379; -0.000362403577759; -0.00414089179297
25333.60766001467; -0.000363473847316; -0.00415350678685
25336.52898975554; -0.000360559759123; -0.00416535861965
25339.45031949642; -0.000359797525131; -0.00417758764978
25342.37164923729; -0.000358689926577; -0.00419005865968
25345.29297897817; -0.000358103296099; -0.00420184474677
25348.21430871904; -0.000356931735091; -0.00421464348983
25351.13563845992; -0.00035494419309; -0.0042266020817
25354.05696820079; -0.000354285088189; -0.00423825820793
25356.97829794166; -0.000353273415548; -0.00424986426806
25359.89962768254; -0.000351672242541; -0.00426223993205
25362.82095742341; -0.0003511306354; -0.0042740576166
25365.74228716429; -0.000350270301465; -0.00428661216285
25368.66361690516; -0.000349103232213; -0.00429814634325
25371.58494664604; -0.000347937254439; -0.0043088977543
25374.50627638691; -0.000346851806356; -0.00431996611703
25377.42760612779; -0.000345394161405; -0.00433221650893
25380.34893586866; -0.000344934290742; -0.0043441047981
25383.27026560954; -0.000344363632185; -0.00435506313349
25386.19159535041; -0.000342892606812; -0.00436717165689
25389.11292509129; -0.000341822653797; -0.00437879092752
25392.03425483216; -0.000340392992016; -0.00438949872178
25394.95558457303; -0.000340160125758; -0.00440210634718
25397.87691431391; -0.000338841522413; -0.00441327169653
25400.79824405478; -0.000338496569396; -0.00442428484471
25403.71957379566; -0.000337048283117; -0.00443489671529
25406.64090353653; -0.000335866440347; -0.00444654277053
25409.5622332774; -0.000334915430728; -0.00445777945883
25412.48356301828; -0.000333969416257; -0.00446802344561
25415.40489275915; -0.000333604974423; -0.00447943645736
25418.32622250003; -0.000331874057481; -0.00449044217205
25421.2475522409; -0.000330967896504; -0.00450172838513
25424.16888198178; -0.000329927872995; -0.00451315117164
25427.09021172265; -0.000328741788856; -0.00452392600178
25430.01154146353; -0.000329411283366; -0.00453384329634
25432.9328712044; -0.000327762690065; -0.00454528200223
25435.85420094528; -0.000326559856994; -0.00455543194989
25438.77553068615; -0.000325701521087; -0.00456702919589
25441.69686042702; -0.00032420949472; -0.00457701255186
25444.6181901679; -0.000323829169119; -0.00458804025271
25447.53951990877; -0.000322873930594; -0.00459858070065
25450.46084964965; -0.000322503956295; -0.0046094692962
25453.38217939052; -0.000321470871347; -0.00462064637772
25456.30350913139; -0.000319963189679; -0.00463071725925
25459.22483887227; -0.000319233165456; -0.0046403216391
25462.14616861314; -0.000318326870708; -0.00465061909303
25465.06749835402; -0.000317651510959; -0.00466122477498
25467.98882809489; -0.000317029264125; -0.00467170250965
25470.91015783577; -0.000315304751968; -0.00468208096227
25473.83148757664; -0.00031500907281; -0.00469234482433
25476.75281731752; -0.000313115062226; -0.00470289380186
25479.67414705839; -0.00031360066318; -0.00471286437426
25482.59547679927; -0.000312354360947; -0.00472300205729
25485.51680654014; -0.000311473912262; -0.00473390052998
25488.43813628102; -0.000310778878539; -0.00474352203961
25491.35946602189; -0.000310257575766; -0.00475302482469
25494.28079576276; -0.000309325683575; -0.00476406704075
25497.20212550364; -0.000308127311952; -0.00477351612968
25500.12345524451; -0.000307223052541; -0.00478432830067
25503.04478498539; -0.000307452638675; -0.00479386199851
25505.96611472626; -0.000306048028098; -0.00480373250193
25508.88744446713; -0.00030503547829; -0.00481366991247
25511.80877420801; -0.000304468825175; -0.00482364752474
