% Module: Sweep, ID: c0p1t8p1cfm0
% Devices: DEV646
% Time: 2025/12/11 12:18:56
% Demod 1 Sample X, /dev646/demods/0/sample.X
% Demod 1 Sample Y, /dev646/demods/0/sample.Y
% Frequency (Hz); Demod 1 Sample X  Amplitude (V); Demod 1 Sample Y  Amplitude (V)
20089.96018073792; -4.01018989755e-05; -0.00243185749081
20096.22994814005; -3.97540230706e-05; -0.00243349914939
20102.49971554218; -4.02694621443e-05; -0.00243529301139
20108.76948294431; -4.07695352287e-05; -0.00243802683692
20115.03925034644; -4.07944322776e-05; -0.00243834751667
20121.30901774856; -4.01281384281e-05; -0.00243948255954
20127.57878515069; -4.0243381617e-05; -0.00244097205041
20133.84855255282; -4.09279509589e-05; -0.00244291639971
20140.11831995495; -4.02717890238e-05; -0.0024436708906
20146.38808735708; -3.9872323534e-05; -0.00244536301375
20152.65785475921; -4.10294817975e-05; -0.00244767079734
20158.92762216134; -4.13821138474e-05; -0.00244791131517
20165.19738956347; -4.14493090404e-05; -0.00245025117914
20171.4671569656; -4.19808854221e-05; -0.00245190016337
20177.73692436773; -4.09954395407e-05; -0.00245389025694
20184.00669176986; -4.24963586502e-05; -0.00245577915722
20190.27645917199; -4.14469370064e-05; -0.0024559205704
20196.54622657412; -3.99058313215e-05; -0.00245733946811
20202.81599397624; -3.99832818922e-05; -0.00245873393038
20209.08576137837; -4.15800312201e-05; -0.00246031762845
20215.3555287805; -4.18911809837e-05; -0.00246187208479
20221.62529618263; -4.1391915757e-05; -0.00246396952313
20227.89506358476; -4.28032615067e-05; -0.00246552216067
20234.16483098689; -4.1119817168e-05; -0.00246679684
20240.43459838902; -4.23293772589e-05; -0.00246888957597
20246.70436579115; -4.20451468039e-05; -0.00246972625134
20252.97413319328; -4.31422889003e-05; -0.00247189959093
20259.24390059541; -4.1945029601e-05; -0.00247260959625
20265.51366799754; -4.25374151612e-05; -0.0024749605003
20271.78343539967; -4.2678973573e-05; -0.00247637468786
20278.0532028018; -4.16118435988e-05; -0.00247780104767
20284.32297020393; -4.12992543531e-05; -0.00247954124705
20290.59273760606; -4.25529596915e-05; -0.00248025107683
20296.86250500819; -4.32372377985e-05; -0.00248367909815
20303.13227241032; -4.26452456285e-05; -0.00248439784798
20309.40203981244; -4.29590299682e-05; -0.00248585450254
20315.67180721457; -4.19976772011e-05; -0.00248780965484
20321.9415746167; -4.31980402371e-05; -0.00248956115985
20328.21134201883; -4.424326459e-05; -0.00249080657115
20334.48110942096; -4.25167321727e-05; -0.00249286766835
20340.75087682309; -4.29306469464e-05; -0.00249328276399
20347.02064422522; -4.35968250249e-05; -0.00249505251703
20353.29041162735; -4.41245774288e-05; -0.0024965394284
20359.56017902948; -4.33157330764e-05; -0.00249791400185
20365.82994643161; -4.33299462799e-05; -0.00249876424441
20372.09971383374; -4.42391459156e-05; -0.00250148547061
20378.36948123587; -4.4150209642e-05; -0.00250267056443
20384.639248638; -4.49292324134e-05; -0.0025059617561
20390.90901604012; -4.51901363805e-05; -0.00250663694862
20397.17878344225; -4.46550862567e-05; -0.00250895717077
20403.44855084438; -4.55170962166e-05; -0.00251010234163
20409.71831824651; -4.5256253712e-05; -0.00251179960793
20415.98808564864; -4.46655846379e-05; -0.00251302917023
20422.25785305077; -4.40441271998e-05; -0.00251473765131
20428.5276204529; -4.46900409112e-05; -0.00251698299193
20434.79738785503; -4.46268726219e-05; -0.00251839917606
20441.06715525716; -4.52223432264e-05; -0.00251924286791
20447.33692265929; -4.53702471137e-05; -0.00252156926976
20453.60669006142; -4.41812517788e-05; -0.00252320507473
20459.87645746355; -4.51436620227e-05; -0.00252402656872
20466.14622486568; -4.50623703201e-05; -0.00252652071836
20472.4159922678; -4.54833261176e-05; -0.00252836181365
20478.68575966993; -4.57383739239e-05; -0.00252906454372
20484.95552707206; -4.61694022503e-05; -0.00253153042934
20491.22529447419; -4.43727028282e-05; -0.00253283581641
20497.49506187632; -4.65126914741e-05; -0.00253493491486
20503.76482927845; -4.5279349735e-05; -0.00253603951545
20510.03459668058; -4.49117328552e-05; -0.0025395403035
20516.30436408271; -4.64968193238e-05; -0.002539521579
20522.57413148484; -4.72971137075e-05; -0.00254240724371
20528.84389888697; -4.59620838968e-05; -0.00254456226273
20535.1136662891; -4.67479019963e-05; -0.002544978647
20541.38343369123; -4.57659072413e-05; -0.00254663275084
20547.65320109336; -4.67006802432e-05; -0.00254919653202
20553.92296849549; -4.78438046134e-05; -0.00254907206631
20560.19273589762; -4.69931571239e-05; -0.0025508951085
20566.46250329975; -4.6399673548e-05; -0.00255348179877
20572.73227070188; -4.78620976446e-05; -0.00255384189908
20579.002038104; -4.77091569929e-05; -0.00255703676552
20585.27180550613; -4.7359459985e-05; -0.00255905817547
20591.54157290826; -4.6189131379e-05; -0.00256203286861
20597.81134031039; -4.68112071337e-05; -0.00256325658206
20604.08110771252; -4.81967685911e-05; -0.00256548517028
20610.35087511465; -4.77801325477e-05; -0.00256589580631
20616.62064251678; -4.73053312868e-05; -0.0025684551025
20622.89040991891; -4.72207036902e-05; -0.00256889995641
20629.16017732104; -4.71081568477e-05; -0.00257115045533
20635.42994472317; -4.96614064887e-05; -0.00257180822652
20641.6997121253; -4.80200157522e-05; -0.0025751045865
20647.96947952743; -4.78433278373e-05; -0.00257640944349
20654.23924692956; -4.82801584007e-05; -0.00257951053313
20660.50901433168; -4.81068785346e-05; -0.00258023116961
20666.77878173381; -4.75232413304e-05; -0.00258195658024
20673.04854913594; -4.94763872237e-05; -0.00258392939003
20679.31831653807; -4.76623670151e-05; -0.00258498068539
20685.5880839402; -5.03720260498e-05; -0.00258848030274
20691.85785134233; -4.84621198527e-05; -0.00258921722114
20698.12761874446; -5.00221995016e-05; -0.00259190977377
20704.39738614659; -4.97629188655e-05; -0.00259268125451
20710.66715354872; -4.93389417939e-05; -0.00259524797527
20716.93692095085; -5.01513274277e-05; -0.0025973712956
20723.20668835298; -4.9861274274e-05; -0.0025982715388
20729.47645575511; -5.01029703506e-05; -0.00260095415299
20735.74622315724; -5.06720639619e-05; -0.00260181832267
20742.01599055936; -4.89858701992e-05; -0.0026038409454
20748.28575796149; -5.14166583942e-05; -0.00260561911733
20754.55552536362; -4.99045082778e-05; -0.0026080084857
20760.82529276575; -5.10462969365e-05; -0.00261130658955
20767.09506016788; -5.09657496292e-05; -0.00261243712381
20773.36482757001; -5.04608142444e-05; -0.00261431316345
20779.63459497214; -4.97218939703e-05; -0.00261667606144
20785.90436237427; -5.16281254994e-05; -0.00261710594191
20792.1741297764; -5.13293541439e-05; -0.00261968387251
20798.44389717853; -5.11911539341e-05; -0.00262127206557
20804.71366458066; -5.05849924073e-05; -0.00262264514023
20810.98343198279; -5.08998365315e-05; -0.00262520323186
20817.25319938492; -5.12999330303e-05; -0.00262763888428
20823.52296678705; -5.11887158991e-05; -0.00262988434475
20829.79273418918; -5.15373901231e-05; -0.00263146890944
20836.06250159131; -5.1741479892e-05; -0.0026336465177
20842.33226899344; -5.21556077456e-05; -0.00263588006184
20848.60203639556; -5.2296535533e-05; -0.00263631600193
20854.87180379769; -5.11472951521e-05; -0.00263908929364
20861.14157119982; -5.15790916434e-05; -0.00264200007202
20867.41133860195; -5.15462361729e-05; -0.00264338416084
20873.68110600408; -5.26384572757e-05; -0.00264648677043
20879.95087340621; -5.3320825663e-05; -0.00264739875849
20886.22064080834; -5.33501269288e-05; -0.00265052947955
20892.49040821047; -5.29527145453e-05; -0.00265155965461
20898.7601756126; -5.15229761475e-05; -0.00265385334507
20905.02994301473; -5.2812870158e-05; -0.0026562480359
20911.29971041686; -5.30361249705e-05; -0.00265744086168
20917.56947781899; -5.41100493498e-05; -0.00265952770903
20923.83924522112; -5.31939169994e-05; -0.00266237282415
20930.10901262324; -5.23467257902e-05; -0.0026644470757
20936.37878002537; -5.36745410361e-05; -0.00266561574752
20942.6485474275; -5.33701132919e-05; -0.00266856906635
20948.91831482963; -5.43536171455e-05; -0.00267045303156
20955.18808223176; -5.45578196083e-05; -0.00267233803263
20961.45784963389; -5.48928128671e-05; -0.00267468694719
20967.72761703602; -5.4099004807e-05; -0.00267692939331
20973.99738443815; -5.49361204104e-05; -0.00267918258011
20980.26715184028; -5.46914131368e-05; -0.00268138836285
20986.53691924241; -5.59497225411e-05; -0.00268352278042
20992.80668664454; -5.55490635727e-05; -0.00268478190614
20999.07645404667; -5.48325035419e-05; -0.00268719355752
21005.3462214488; -5.49819204509e-05; -0.00268961244301
21011.61598885092; -5.67099698899e-05; -0.00269143591159
21017.88575625305; -5.68429002551e-05; -0.00269340376954
21024.15552365518; -5.64001031447e-05; -0.00269645720419
21030.42529105731; -5.67553951558e-05; -0.00269727616161
21036.69505845944; -5.58791278379e-05; -0.00270073961451
21042.96482586157; -5.59626924192e-05; -0.00270218519883
21049.2345932637; -5.73621825376e-05; -0.00270459670498
21055.50436066583; -5.79564653558e-05; -0.00270729830405
21061.77412806796; -5.87535326934e-05; -0.0027097505804
21068.04389547009; -5.74356083584e-05; -0.00271186566431
21074.31366287222; -5.77988084827e-05; -0.00271306892969
21080.58343027435; -5.76966322502e-05; -0.00271585437273
21086.85319767648; -6.00381199356e-05; -0.00271875841317
21093.1229650786; -5.83734512504e-05; -0.00272140027808
21099.39273248074; -5.9067847733e-05; -0.0027223990153
21105.66249988287; -5.9017113468e-05; -0.00272568549221
21111.932267285; -6.08879480287e-05; -0.00272738230167
21118.20203468712; -5.92735097551e-05; -0.00272965085292
21124.47180208925; -5.92732409051e-05; -0.0027325983059
21130.74156949138; -5.90901888222e-05; -0.0027344563092
21137.01133689351; -5.95374613043e-05; -0.00273703943696
21143.28110429564; -6.04291952283e-05; -0.00273819003521
21149.55087169777; -6.108646241e-05; -0.00274155192458
21155.8206390999; -5.92402762792e-05; -0.00274359939767
21162.09040650203; -6.12211760315e-05; -0.00274613649885
21168.36017390416; -6.10424309333e-05; -0.00274788023944
21174.62994130629; -6.11261475168e-05; -0.00275002612171
21180.89970870842; -6.15318322495e-05; -0.00275275836322
21187.16947611055; -6.15171118849e-05; -0.00275487384352
21193.43924351268; -6.1913169172e-05; -0.00275728223424
21199.7090109148; -6.24783484965e-05; -0.00275996098337
21205.97877831693; -6.22290511572e-05; -0.00276200029665
21212.24854571906; -6.45361289652e-05; -0.00276493296811
21218.51831312119; -6.33963268733e-05; -0.00276839752572
21224.78808052332; -6.30084720882e-05; -0.00276821623774
21231.05784792545; -6.40758683739e-05; -0.00277100181594
21237.32761532758; -6.31688819238e-05; -0.00277429763029
21243.59738272971; -6.42752843066e-05; -0.00277765405313
21249.86715013184; -6.36419425445e-05; -0.0027797214385
21256.13691753397; -6.47973107824e-05; -0.00278144490841
21262.4066849361; -6.40494427647e-05; -0.00278497394626
21268.67645233823; -6.51671975409e-05; -0.0027863126962
21274.94621974036; -6.50704032317e-05; -0.00278862034794
21281.21598714248; -6.441040178e-05; -0.00279114561364
21287.48575454461; -6.58027422577e-05; -0.00279405580801
21293.75552194674; -6.58920083822e-05; -0.00279551519806
21300.02528934887; -6.62370739391e-05; -0.00279883136032
21306.295056751; -6.61300414063e-05; -0.00280150391652
21312.56482415313; -6.65311229962e-05; -0.00280387793013
21318.83459155526; -6.71295244118e-05; -0.00280655929999
21325.10435895739; -6.65528139222e-05; -0.00280930520701
21331.37412635952; -6.80041492447e-05; -0.0028122278934
21337.64389376165; -6.78087673697e-05; -0.00281493530725
21343.91366116378; -6.75712758918e-05; -0.0028169063904
21350.18342856591; -6.68608357948e-05; -0.00282027883062
21356.45319596804; -6.81345332657e-05; -0.00282101335914
21362.72296337016; -6.92276232271e-05; -0.00282459726446
21368.99273077229; -6.83172374206e-05; -0.00282701299575
21375.26249817442; -6.9128463884e-05; -0.00283019994669
21381.53226557656; -6.90937215403e-05; -0.00283375920136
21387.80203297868; -6.98930379101e-05; -0.00283481153789
21394.07180038081; -7.01808347238e-05; -0.00283781561045
21400.34156778294; -7.00951730355e-05; -0.00284179102245
21406.61133518507; -7.04149936925e-05; -0.00284314507207
21412.8811025872; -7.01144900814e-05; -0.00284576932119
21419.15086998933; -7.09450672834e-05; -0.00284895015328
21425.42063739146; -7.14732902325e-05; -0.0028505910214
21431.69040479359; -7.22429717933e-05; -0.00285444848864
21437.96017219572; -7.22075464398e-05; -0.00285623888574
21444.22993959785; -7.18320120619e-05; -0.00285994829571
21450.49970699998; -7.32434968906e-05; -0.002862885821
21456.76947440211; -7.19989146059e-05; -0.00286560652251
21463.03924180424; -7.23969133824e-05; -0.00286785080795
21469.30900920636; -7.25643327031e-05; -0.00287061965337
21475.57877660849; -7.44684304324e-05; -0.00287350037509
21481.84854401062; -7.42116839095e-05; -0.00287694721191
21488.11831141275; -7.43808255625e-05; -0.00287933136875
21494.38807881488; -7.55114590615e-05; -0.00288235603614
21500.65784621701; -7.47624255657e-05; -0.00288443958974
21506.92761361914; -7.54306213654e-05; -0.00288790506945
21513.19738102127; -7.72632910719e-05; -0.00289073899365
21519.4671484234; -7.61258581678e-05; -0.00289274905466
21525.73691582553; -7.71869832868e-05; -0.00289716940097
21532.00668322766; -7.73504188581e-05; -0.00289916045671
21538.27645062979; -7.69406372205e-05; -0.0029014839736
21544.54621803192; -7.6219812744e-05; -0.00290566436993
21550.81598543404; -7.90490428757e-05; -0.00290829277811
21557.08575283617; -7.83182504872e-05; -0.00291161849727
21563.3555202383; -7.86904348171e-05; -0.00291486520923
21569.62528764043; -7.84520311723e-05; -0.00291752408576
21575.89505504256; -8.02389925318e-05; -0.00292131228486
21582.16482244469; -7.95186026e-05; -0.00292386461403
21588.43458984682; -7.9929649948e-05; -0.0029259472177
21594.70435724895; -8.04157869867e-05; -0.00292935285485
21600.97412465108; -7.94131057047e-05; -0.00293282548412
21607.24389205321; -8.07268142101e-05; -0.0029353241209
21613.51365945534; -8.25950630414e-05; -0.00293880864534
21619.78342685747; -8.14204546819e-05; -0.00294246870999
21626.0531942596; -8.24809700229e-05; -0.00294537754103
21632.32296166172; -8.28467126452e-05; -0.00294923254308
21638.59272906385; -8.27195294392e-05; -0.00295132987211
21644.86249646598; -8.3642652582e-05; -0.00295555025032
21651.13226386811; -8.29344862868e-05; -0.00295769605105
21657.40203127024; -8.31665488408e-05; -0.00296165977889
21663.67179867237; -8.38108268365e-05; -0.00296525506169
21669.9415660745; -8.41788089524e-05; -0.00296823598737
21676.21133347663; -8.56912639962e-05; -0.00297217790952
21682.48110087876; -8.52650999702e-05; -0.00297410878325
21688.75086828089; -8.54238291664e-05; -0.00297815763853
21695.02063568302; -8.60293534533e-05; -0.00298067958427
21701.29040308515; -8.55229490474e-05; -0.00298381625772
21707.56017048728; -8.64932424811e-05; -0.00298787086833
21713.82993788941; -8.72170344616e-05; -0.00299084747526
21720.09970529154; -8.84265198591e-05; -0.00299403262726
21726.36947269367; -8.89416763902e-05; -0.00299854333193
21732.6392400958; -8.88671566308e-05; -0.00300009893921
21738.90900749792; -8.99632414812e-05; -0.00300512690606
21745.17877490005; -8.98247178821e-05; -0.00300755698255
21751.44854230218; -9.00095409135e-05; -0.0030115829082
21757.71830970431; -9.16604363245e-05; -0.00301493966335
21763.98807710644; -9.11832166443e-05; -0.00301845996884
21770.25784450857; -9.09424197344e-05; -0.00302213542578
21776.5276119107; -9.19142841136e-05; -0.00302573467356
21782.79737931283; -9.14805421329e-05; -0.00302919668744
21789.06714671496; -9.22251937968e-05; -0.00303317911601
21795.33691411709; -9.39474663838e-05; -0.00303656219062
21801.60668151922; -9.32944214165e-05; -0.00304126858455
21807.87644892135; -9.42011684785e-05; -0.00304343637944
21814.14621632348; -9.57755583324e-05; -0.00304739298487
21820.4159837256; -9.44300715258e-05; -0.00305262144559
21826.68575112773; -9.58198137354e-05; -0.00305479319092
21832.95551852986; -9.5576652484e-05; -0.0030583859833
21839.22528593199; -9.68912492329e-05; -0.00306210977993
21845.49505333412; -9.63277224705e-05; -0.00306525698208
21851.76482073625; -9.75340793617e-05; -0.00307020281429
21858.03458813838; -9.77197581745e-05; -0.003073410793
21864.30435554051; -9.82962842769e-05; -0.0030771636669
21870.57412294264; -9.93854394127e-05; -0.00308068468386
21876.84389034477; -9.88288953657e-05; -0.00308606037892
21883.1136577469; -9.9818701925e-05; -0.00308953251334
21889.38342514903; -9.99559304286e-05; -0.00309370975262
21895.65319255116; -0.000101765115183; -0.00309753052795
21901.92295995328; -0.000101109608104; -0.00310137358106
21908.19272735541; -0.000101721462327; -0.00310468580357
21914.46249475754; -0.000103597075187; -0.00310955183618
21920.73226215967; -0.00010253885011; -0.00311416859329
21927.0020295618; -0.000104307694441; -0.00311724094798
21933.27179696393; -0.000104743318679; -0.00312118903991
21939.54156436606; -0.000104647374228; -0.00312501520824
21945.81133176819; -0.000105447906154; -0.00312976329754
21952.08109917032; -0.000105455476339; -0.00313399230487
21958.35086657245; -0.000107015354216; -0.00313799252585
21964.62063397458; -0.00010665537783; -0.00314282940481
21970.89040137671; -0.000107452210472; -0.00314647717474
21977.16016877884; -0.00010871181851; -0.00315029925055
21983.42993618097; -0.000109901830629; -0.00315505720938
21989.6997035831; -0.000110242962976; -0.00315892412645
21995.96947098523; -0.000110020378711; -0.00316360827807
22002.23923838736; -0.000110765287533; -0.0031677829617
22008.50900578948; -0.000112257508748; -0.00317106212166
22014.77877319161; -0.000113770155487; -0.00317614994944
22021.04854059374; -0.000113294162979; -0.00318137146476
22027.31830799587; -0.000114354663704; -0.00318583021038
22033.588075398; -0.000115035983922; -0.00318965719918
22039.85784280013; -0.000115258010256; -0.00319391073271
22046.12761020226; -0.000115702130001; -0.0031991428251
22052.39737760439; -0.000115871695044; -0.00320348218124
22058.66714500652; -0.000117311302583; -0.00320905350956
22064.93691240865; -0.000117174276236; -0.003212811588
22071.20667981078; -0.000118891113746; -0.00321882908079
22077.47644721291; -0.000119529773276; -0.0032233231963
22083.74621461504; -0.000120993674394; -0.00322843384995
22090.01598201716; -0.000121139344865; -0.00323173773026
22096.28574941929; -0.000121564565877; -0.00323764894814
22102.55551682142; -0.000122724508411; -0.00324196441233
22108.82528422355; -0.000122675367092; -0.00324723623329
22115.09505162568; -0.000123162750764; -0.00325189069925
22121.36481902781; -0.000124453561942; -0.00325642558219
22127.63458642994; -0.000126177972482; -0.00326100095756
22133.90435383207; -0.000126586982032; -0.0032658052919
22140.1741212342; -0.000128478828586; -0.00327093600899
22146.44388863633; -0.000127563978869; -0.00327650452273
22152.71365603846; -0.000129441241445; -0.00328125863697
22158.98342344059; -0.000130559540998; -0.0032868420417
22165.25319084272; -0.000130158458485; -0.00329136521978
22171.52295824484; -0.000131360720702; -0.00329705723521
22177.79272564697; -0.000132325057743; -0.0033027548975
22184.0624930491; -0.000132408249088; -0.00330763119087
22190.33226045123; -0.00013399939649; -0.00331335492738
22196.60202785336; -0.000135248037448; -0.00331873339055
22202.87179525549; -0.000135956770982; -0.00332402812961
22209.14156265762; -0.000136187020356; -0.00332953447508
22215.41133005975; -0.000138152078574; -0.00333556812425
22221.68109746188; -0.000138433992611; -0.00334037714912
22227.95086486401; -0.000139671301023; -0.00334615666242
22234.22063226614; -0.000141347841493; -0.0033516876724
22240.49039966827; -0.000141132907877; -0.00335697500573
22246.7601670704; -0.000141883916632; -0.00336254830201
22253.02993447253; -0.000143631867663; -0.00336889825994
22259.29970187465; -0.000144945200702; -0.00337403144192
22265.56946927679; -0.000145476175383; -0.00337999265874
22271.83923667891; -0.000146311136417; -0.0033854002298
22278.10900408104; -0.000148032915074; -0.0033916555503
22284.37877148317; -0.000149554937716; -0.00339779009331
22290.6485388853; -0.000150503070525; -0.00340248499723
22296.91830628743; -0.000151266073067; -0.003410929106
22303.18807368956; -0.000152927253933; -0.00341582038105
22309.45784109169; -0.000154585439448; -0.00342266229403
22315.72760849382; -0.000155727047412; -0.00342886720143
22321.99737589595; -0.000155990180873; -0.00343418967926
22328.26714329808; -0.000157461263632; -0.00344161469367
22334.53691070021; -0.000159030221869; -0.00344733220832
22340.80667810234; -0.000159046789491; -0.00345371679029
22347.07644550447; -0.000160451059447; -0.00346015772568
22353.3462129066; -0.000161885617145; -0.00346748892213
22359.61598030872; -0.000164430000351; -0.00347281181843
22365.88574771085; -0.000165383145232; -0.00348049968514
22372.15551511298; -0.000166182013595; -0.0034860640369
22378.42528251511; -0.000167218178818; -0.00349302473474
22384.69504991724; -0.000168878889908; -0.00349930720455
22390.96481731937; -0.000170225930814; -0.00350647790486
22397.2345847215; -0.000172229757048; -0.00351346858943
22403.50435212363; -0.000172915906259; -0.00352206837958
22409.77411952576; -0.00017633700202; -0.00352897699675
22416.04388692789; -0.000175164840081; -0.00353588117593
22422.31365433002; -0.000178445168441; -0.00354314131421
22428.58342173215; -0.000179368310123; -0.0035503641341
22434.85318913428; -0.000180874737465; -0.00355703095065
22441.1229565364; -0.000182591936056; -0.00356420229835
22447.39272393853; -0.000184408456378; -0.00357098218675
22453.66249134066; -0.000185109443724; -0.00357820441979
22459.93225874279; -0.000187389041061; -0.00358717427809
22466.20202614492; -0.000188575256356; -0.00359361092619
22472.47179354705; -0.000191075241235; -0.00360279407709
22478.74156094918; -0.000192572913682; -0.00361049078908
22485.01132835131; -0.000193812879516; -0.00361792984492
22491.28109575344; -0.000195173161535; -0.00362498571119
22497.55086315557; -0.000197180476973; -0.00363406404912
22503.8206305577; -0.000198994864033; -0.00364214982984
22510.09039795983; -0.000201247147518; -0.00364910386781
22516.36016536196; -0.000203787915365; -0.00365706823025
22522.62993276408; -0.000205078880775; -0.0036654216371
22528.89970016621; -0.000207492138027; -0.00367429979101
22535.16946756835; -0.000208803215418; -0.00368226722004
22541.43923497047; -0.000210816020627; -0.00369138004315
22547.70900237261; -0.000214062688583; -0.00369906715854
22553.97876977473; -0.000216175355529; -0.00370838014107
22560.24853717686; -0.000217747149038; -0.00371695384446
22566.51830457899; -0.000218889682477; -0.0037252171031
22572.78807198112; -0.000222161786951; -0.00373576936791
22579.05783938325; -0.000224670516493; -0.0037445518893
22585.32760678538; -0.000226810561909; -0.00375218919774
22591.59737418751; -0.000227726503872; -0.00376261607306
22597.86714158964; -0.000231937003861; -0.00377181385709
22604.13690899177; -0.000233305517536; -0.00378069597606
22610.4066763939; -0.000235629190043; -0.00379018363116
22616.67644379603; -0.000238103267473; -0.00379952563855
22622.94621119816; -0.000240389803449; -0.00381012428841
22629.21597860028; -0.000243964209559; -0.00381857641306
22635.48574600241; -0.000245026152921; -0.00382948681254
22641.75551340454; -0.000247938052852; -0.0038399305521
22648.02528080667; -0.000250221639246; -0.00384950548745
22654.2950482088; -0.000253997309547; -0.00385885242861
22660.56481561093; -0.000257240856689; -0.00386971858491
22666.83458301306; -0.000259581983138; -0.00388044929228
22673.10435041519; -0.000262517702795; -0.00389104985993
22679.37411781732; -0.000265165631484; -0.00390038000377
22685.64388521945; -0.000268995414021; -0.00391221687567
22691.91365262158; -0.000271777943869; -0.00392226131705
22698.18342002371; -0.000273980186098; -0.00393319408061
22704.45318742584; -0.000278843942289; -0.00394491857228
22710.72295482796; -0.000282112170553; -0.00395522377763
22716.99272223009; -0.000283877227061; -0.00396787571397
22723.26248963222; -0.000287747572717; -0.00397941015145
22729.53225703435; -0.000290284960285; -0.00399146172635
22735.80202443648; -0.000294105759386; -0.00400312439336
22742.07179183861; -0.00029734774689; -0.00401434676815
22748.34155924074; -0.000301087476599; -0.00402584824778
22754.61132664287; -0.000304305538376; -0.00404025819314
22760.881094045; -0.000309006834009; -0.00405122056513
22767.15086144713; -0.000312078061221; -0.00406289224889
22773.42062884926; -0.000315136187938; -0.00407639027357
22779.69039625139; -0.000321194182616; -0.00408910345494
22785.96016365352; -0.000323844718419; -0.00410221316791
22792.22993105564; -0.00032872842251; -0.00411505775409
22798.49969845777; -0.000333430025379; -0.00412892919012
22804.7694658599; -0.000337619237678; -0.0041412602024
22811.03923326203; -0.000342304387849; -0.00415477236567
22817.30900066417; -0.000346761516063; -0.00416928282624
22823.57876806629; -0.000351287645264; -0.0041832706587
22829.84853546842; -0.000356396614736; -0.00419629958267
22836.11830287055; -0.00036068296658; -0.00421232471478
22842.38807027268; -0.000365119389805; -0.00422519045794
22848.65783767481; -0.000369874716365; -0.00424144050019
22854.92760507694; -0.000374289168121; -0.00425541083587
22861.19737247907; -0.000380582090932; -0.00427019916457
22867.4671398812; -0.000385966524579; -0.00428465251909
22873.73690728333; -0.000390098809679; -0.00430019620361
22880.00667468546; -0.00039596853966; -0.0043159165935
22886.27644208759; -0.000402656794363; -0.00433235758441
22892.54620948972; -0.000408405748845; -0.00434888461516
22898.81597689184; -0.000414496224141; -0.00436518296803
22905.08574429397; -0.000420404142131; -0.00438163369815
22911.3555116961; -0.000427360754754; -0.00439843969636
22917.62527909823; -0.000433655193355; -0.00441538840246
22923.89504650036; -0.000439134352435; -0.00443228993542
22930.16481390249; -0.000446062050952; -0.0044506374754
22936.43458130462; -0.000454458771429; -0.00446737551602
22942.70434870675; -0.000460988812789; -0.00448550515565
22948.97411610888; -0.000467468822202; -0.00450358008619
22955.24388351101; -0.000474058638188; -0.0045219038709
22961.51365091314; -0.000482261419349; -0.00454033145803
22967.78341831527; -0.000491492652007; -0.00455969333799
22974.0531857174; -0.000497200301282; -0.00458035588236
22980.32295311952; -0.00050707896552; -0.00460045986926
22986.59272052165; -0.000515342780555; -0.0046189337412
22992.86248792378; -0.000524140197155; -0.00463937895345
22999.13225532591; -0.000531800956323; -0.00466024178283
23005.40202272804; -0.000540426178687; -0.00468030875736
23011.67179013017; -0.000549718160216; -0.00470213086148
23017.9415575323; -0.000559976511429; -0.0047226152866
23024.21132493443; -0.000570064915593; -0.00474550468762
23030.48109233656; -0.000579069010306; -0.00476673848547
23036.75085973869; -0.000589138236504; -0.00478893020203
23043.02062714082; -0.000600518662863; -0.00481336813915
23049.29039454295; -0.000610940407185; -0.00483507713727
23055.56016194508; -0.000622157374588; -0.00485931178125
23061.8299293472; -0.000634273058246; -0.00488301177734
23068.09969674933; -0.000646089426848; -0.00490701201588
23074.36946415146; -0.000657818663972; -0.00493166708857
23080.63923155359; -0.000670953138373; -0.00495789031764
23086.90899895572; -0.000684224046266; -0.00498228722971
23093.17876635785; -0.000696447919781; -0.00500733053196
23099.44853375998; -0.000710533346724; -0.00503484536207
23105.71830116211; -0.000725338477819; -0.00506160051776
23111.98806856424; -0.000739407047904; -0.00508924071474
23118.25783596637; -0.000753748709363; -0.00511799395381
23124.5276033685; -0.000769494519544; -0.00514587921799
23130.79737077063; -0.000786531125749; -0.00517378783373
23137.06713817276; -0.000801416370377; -0.00520397931048
23143.33690557489; -0.00081842049804; -0.00523217476625
23149.60667297702; -0.000835863700529; -0.00526428321976
23155.87644037915; -0.000853841110822; -0.00529410714862
23162.14620778128; -0.000874017164525; -0.00532514503472
23168.4159751834; -0.000892472356199; -0.00535855615234
23174.68574258553; -0.000912377964644; -0.00539009516461
23180.95550998766; -0.000931787839528; -0.00542386696017
23187.22527738979; -0.000953833594159; -0.00545699414634
23193.49504479192; -0.00097485289286; -0.00549166477923
23199.76481219405; -0.00100003562318; -0.00552602582007
23206.03457959618; -0.00102167845628; -0.00556194117963
23212.30434699831; -0.00104549178368; -0.00559873566732
23218.57411440044; -0.00107264101217; -0.005634203205
23224.84388180257; -0.00109868785787; -0.00567167499985
23231.1136492047; -0.00112405618246; -0.00571034196474
23237.38341660683; -0.00115325379036; -0.00574962882412
23243.65318400896; -0.00118150912869; -0.00578974348966
23249.92295141108; -0.00121086452238; -0.0058304429885
23256.19271881321; -0.00124253412991; -0.00587020436453
23262.46248621534; -0.00127646559852; -0.00591345196509
23268.73225361747; -0.00130963310604; -0.00595558127294
23275.0020210196; -0.00134368834611; -0.00599733006958
23281.27178842173; -0.00138085137477; -0.0060435964736
23287.54155582386; -0.00141916556114; -0.00608878177468
23293.81132322599; -0.00145741985343; -0.00613453720178
23300.08109062812; -0.00149865811545; -0.00618076259106
23306.35085803025; -0.00154082543831; -0.00622799920898
23312.62062543238; -0.00158648980394; -0.00627665498899
23318.89039283451; -0.00163186350603; -0.00632588281488
23325.16016023664; -0.00168047231414; -0.00637608209184
23331.42992763876; -0.00173040964888; -0.00642727776061
23337.69969504089; -0.00178283705591; -0.00647801688499
23343.96946244302; -0.00183809668395; -0.00653299593394
23350.23922984515; -0.00189399350827; -0.00658598202258
23356.50899724728; -0.00195355373383; -0.00663975730198
23362.77876464941; -0.00201639252702; -0.00669507519748
23369.04853205154; -0.00208160064676; -0.00675067920168
23375.31829945367; -0.0021491789056; -0.00680749120265
23381.5880668558; -0.0022209514042; -0.00686569883868
23387.85783425793; -0.00229503132145; -0.00692253145348
23394.12760166006; -0.00237296913141; -0.0069803144075
23400.39736906219; -0.00245338240906; -0.00704020374715
23406.66713646432; -0.00254019371501; -0.00709971310906
23412.93690386644; -0.0026301173767; -0.00716191163908
23419.20667126858; -0.00272322494159; -0.00722152376469
23425.4764386707; -0.00282293970264; -0.00728243190247
23431.74620607284; -0.00292565897011; -0.00734278673925
23438.01597347496; -0.00303397807346; -0.00740240336307
23444.28574087709; -0.00314725982164; -0.00746364008071
23450.55550827922; -0.00326600802065; -0.00752354840278
23456.82527568135; -0.00339084908806; -0.00758377436226
23463.09504308348; -0.00352458822652; -0.00764048692457
23469.36481048561; -0.00366141735022; -0.00769808866807
23475.63457788774; -0.00380626073354; -0.00775306486306
23481.90434528987; -0.00395798186382; -0.00780644359778
23488.174112692; -0.00411808234001; -0.00785805375279
23494.44388009413; -0.00428448950845; -0.00790636061011
23500.71364749626; -0.00446164164107; -0.007948395
23506.98341489839; -0.0046457701869; -0.00799054033254
23513.25318230052; -0.00484052489005; -0.00802440756793
23519.52294970264; -0.0050412924974; -0.00805359063138
23525.79271710477; -0.00525326750293; -0.00807739548174
23532.0624845069; -0.00547363024189; -0.00809325599211
23538.33225190903; -0.00570493001854; -0.00809965361942
23544.60201931116; -0.00594648321642; -0.00809720441511
23550.87178671329; -0.00619681004548; -0.00808263428715
23557.14155411542; -0.00645552842164; -0.00805724696097
23563.41132151755; -0.00672414676164; -0.00801765909913
23569.68108891968; -0.00700110299282; -0.00796175901168
23575.95085632181; -0.00728669657908; -0.00788966170721
23582.22062372394; -0.00757959962124; -0.00779995131819
23588.49039112607; -0.00787704409052; -0.00769072920338
23594.7601585282; -0.00817874991912; -0.00755788163753
23601.02992593032; -0.00848372770251; -0.00740424023414
23607.29969333245; -0.00879096460633; -0.00722409146323
23613.56946073458; -0.00909532838784; -0.00701858278761
23619.83922813671; -0.0093935958386; -0.00678674424762
23626.10899553884; -0.00968400076345; -0.00652760209239
23632.37876294097; -0.00996580966366; -0.00623863394481
23638.6485303431; -0.0102332728311; -0.00592226942505
23644.91829774523; -0.010482359024; -0.00558233484737
23651.18806514736; -0.0107095856554; -0.00521201951646
23657.45783254949; -0.0109109160928; -0.00482010921238
23663.72759995162; -0.0110846252694; -0.00440695496684
23669.99736735375; -0.0112283139563; -0.00397420332435
23676.26713475588; -0.0113365589672; -0.00352768940708
23682.536902158; -0.0114084069279; -0.00307170653775
23688.80666956014; -0.0114434818665; -0.00260773625803
23695.07643696226; -0.011441326572; -0.00214326243618
23701.3462043644; -0.0114015020976; -0.00168138070538
23707.61597176652; -0.0113232941173; -0.00122676687534
23713.88573916865; -0.0112109824967; -0.000783362618067
23720.15550657078; -0.0110645414059; -0.000357666108685
23726.42527397291; -0.0108871143968; 5.12505802466e-05
23732.69504137504; -0.0106842124835; 0.000436834827351
23738.96480877717; -0.0104567309262; 0.000798080908457
23745.2345761793; -0.0102082445282; 0.00113457329046
23751.50434358143; -0.0099438930071; 0.00144228767188
23757.77411098356; -0.00966517933176; 0.00172511327081
23764.04387838569; -0.00937861524222; 0.00197738337408
23770.31364578782; -0.00908348266628; 0.00220407312987
23776.58341318995; -0.00878449925651; 0.00240541476544
23782.85318059208; -0.00848619561216; 0.00258075659551
23789.1229479942; -0.00818762305242; 0.00273236709321
23795.39271539633; -0.00789202167708; 0.0028614302067
23801.66248279846; -0.00760112958649; 0.00297054608999
23807.93225020059; -0.00731543292468; 0.00305828707181
23814.20201760272; -0.00703728588268; 0.00312905461478
23820.47178500485; -0.00676707042218; 0.00318475841557
23826.74155240698; -0.00650442617542; 0.00322677170922
23833.01131980911; -0.00625240646196; 0.00325559446637
23839.28108721124; -0.00600735873781; 0.00327125316268
23845.55085461337; -0.00577402008103; 0.00327676081025
23851.8206220155; -0.00554875315823; 0.00327167460995
23858.09038941763; -0.00533262097239; 0.00325975001603
23864.36015681976; -0.00512427668078; 0.0032402195558
23870.62992422188; -0.00492811976439; 0.00321495151964
23876.89969162401; -0.00473957303598; 0.00318290649089
23883.16945902614; -0.0045580868126; 0.00314840938487
23889.43922642827; -0.00438569223496; 0.00310684472587
23895.7089938304; -0.0042215759918; 0.00306326609619
23901.97876123253; -0.00406302097181; 0.00301693660064
23908.24852863466; -0.00391267776496; 0.00296766077229
23914.51829603679; -0.00377210691367; 0.0029157405603
23920.78806343892; -0.00363494149776; 0.00286345410683
23927.05783084105; -0.00350455295591; 0.00280993914978
23933.32759824318; -0.00338098694168; 0.00275442024471
23939.59736564531; -0.00326379815854; 0.00269754592693
23945.86713304744; -0.00315145347177; 0.00264211680315
23952.13690044956; -0.00304382843021; 0.00258547744089
23958.40666785169; -0.00294288097574; 0.00252772378475
23964.67643525382; -0.00284458769089; 0.00247067061917
23970.94620265596; -0.00274871548579; 0.0024146496433
23977.21597005808; -0.00266215185391; 0.00235684573721
23983.48573746021; -0.00257620298854; 0.00230071722141
23989.75550486234; -0.00249502608103; 0.0022445609173
23996.02527226447; -0.00241761225881; 0.00218916640432
24002.2950396666; -0.0023432911581; 0.00213470377139
24008.56480706873; -0.00227192267706; 0.0020802008368
24014.83457447086; -0.00220297527608; 0.00202711280231
24021.10434187299; -0.00213748428821; 0.00197419974526
24027.37410927512; -0.00207462534141; 0.0019208439404
24033.64387667725; -0.00201594824689; 0.00186839204226
24039.91364407938; -0.00195826325235; 0.00181908449222
24046.18341148151; -0.00190193564716; 0.00176773612665
24052.45317888364; -0.00185060691887; 0.00171880880175
24058.72294628576; -0.00179933819006; 0.00167175437991
24064.99271368789; -0.00175103268991; 0.00162285225537
24071.26248109002; -0.00170320841335; 0.00157611792326
24077.53224849215; -0.00165834281846; 0.00152964129492
24083.80201589428; -0.00161455712696; 0.00148391715258
24090.07178329641; -0.0015744747688; 0.00143965375286
24096.34155069854; -0.00153452246828; 0.00139422520321
24102.61131810067; -0.00149595261886; 0.00135251493421
24108.8810855028; -0.00145898369413; 0.00130999322919
24115.15085290493; -0.00142269631155; 0.00126779962911
24121.42062030706; -0.00138842786358; 0.00122652997357
24127.69038770919; -0.00135631284252; 0.00118775211847
24133.96015511132; -0.00132270781912; 0.00114674107933
24140.22992251344; -0.00129347106743; 0.00110645661335
24146.49968991557; -0.0012631691578; 0.00107097993792
24152.7694573177; -0.00123359203077; 0.00103289456367
24159.03922471983; -0.00120703261643; 0.000995214286909
24165.30899212196; -0.00118032888463; 0.000958519357262
24171.57875952409; -0.00115411824528; 0.00092455346585
24177.84852692622; -0.00112863231654; 0.000889165205146
24184.11829432835; -0.00110393339852; 0.000855790477508
24190.38806173048; -0.00108212338196; 0.000821751605974
24196.65782913261; -0.00105898895305; 0.00078801743688
24202.92759653474; -0.00103612350706; 0.000755878511632
24209.19736393687; -0.00101471440555; 0.000724020507175
24215.467131339; -0.000994764155848; 0.000692613237712
24221.73689874112; -0.000974812430973; 0.000662418132223
24228.00666614325; -0.000955595334004; 0.000631403972236
24234.27643354538; -0.000937458295963; 0.000601822523227
24240.54620094752; -0.000918248984259; 0.000573137965678
24246.81596834964; -0.000902182818258; 0.000545028405748
24253.08573575177; -0.000883494202472; 0.000515175748932
24259.3555031539; -0.000868169050776; 0.000487263844217
24265.62527055603; -0.000850505564517; 0.000460810997858
24271.89503795816; -0.000835133109836; 0.000434098016774
24278.16480536029; -0.000820911943873; 0.000407621030684
24284.43457276242; -0.00080705402488; 0.00038020285327
24290.70434016455; -0.000791311031739; 0.000355027268895
24296.97410756668; -0.000777744058144; 0.000329762496242
24303.24387496881; -0.000763845607725; 0.000305209979712
24309.51364237093; -0.000751657507723; 0.000280749513424
24315.78340977307; -0.000738682369604; 0.000256180585274
24322.0531771752; -0.00072663397514; 0.000232489760546
24328.32294457732; -0.000714374622502; 0.000210284800866
24334.59271197945; -0.000702681273816; 0.000187638254092
24340.86247938158; -0.000691753122703; 0.000163369710552
24347.13224678371; -0.000681131656597; 0.000141834723081
24353.40201418584; -0.000669787805377; 0.000120061823665
24359.67178158797; -0.000657962427877; 9.86735040635e-05
24365.9415489901; -0.000647711002378; 7.88053143853e-05
24372.21131639223; -0.000637621219732; 5.66537791621e-05
24378.48108379436; -0.000628069048862; 3.65593526287e-05
24384.75085119649; -0.000619067398569; 1.68114736734e-05
24391.02061859862; -0.00060971774883; -3.73381808589e-06
24397.29038600075; -0.000600082838699; -2.24211157761e-05
24403.56015340288; -0.000592230788791; -4.38700530146e-05
24409.829920805; -0.000582594001633; -6.26204139156e-05
24416.09968820713; -0.000574244552371; -8.03376748681e-05
24422.36945560926; -0.000565303483099; -9.96670399839e-05
24428.63922301139; -0.000557804659634; -0.00011704671841
24434.90899041352; -0.000551042936495; -0.000137049989407
24441.17875781565; -0.000543155137998; -0.000153732809238
24447.44852521778; -0.000534282074162; -0.00017050304109
24453.71829261991; -0.000527155289717; -0.000188687192575
24459.98806002204; -0.000520090877166; -0.000205740798793
24466.25782742417; -0.000514316017313; -0.000221970293901
24472.5275948263; -0.000507002333961; -0.00023932679038
24478.79736222843; -0.000500686253434; -0.000255172043524
24485.06712963056; -0.000493979488081; -0.000270033366501
24491.33689703268; -0.000486624962068; -0.000286772135441
24497.60666443481; -0.000481432044164; -0.000301660282571
24503.87643183694; -0.000474546045167; -0.00031768991674
24510.14619923907; -0.000468613710136; -0.000333433760201
24516.4159666412; -0.000462949330942; -0.000347640296647
24522.68573404333; -0.000456659258018; -0.000363249883725
24528.95550144546; -0.000452231582919; -0.000377453886904
24535.22526884759; -0.000445918168738; -0.000392550546404
24541.49503624972; -0.00044025777837; -0.000406995428187
24547.76480365185; -0.000435088742577; -0.000420383602606
24554.03457105398; -0.000430569448396; -0.000434812249463
24560.30433845611; -0.00042517158948; -0.000447476544901
24566.57410585824; -0.000419411768227; -0.000461297592749
24572.84387326037; -0.000415283235642; -0.000474836558405
24579.11364066249; -0.000410721897398; -0.000489222549113
24585.38340806463; -0.000404649034124; -0.000502287372594
24591.65317546675; -0.000401626514301; -0.000514100779846
24597.92294286889; -0.000396382236892; -0.000528319237001
24604.19271027101; -0.00039247017233; -0.000540311925743
24610.46247767314; -0.000388167778641; -0.000553116055568
24616.73224507527; -0.000384405337376; -0.000566143282125
24623.0020124774; -0.000379506951151; -0.000577890262734
24629.27177987953; -0.000375061490951; -0.000590486319501
24635.54154728166; -0.000371439341541; -0.00060207194003
24641.81131468379; -0.000366171078789; -0.000613394878181
24648.08108208592; -0.000364097843791; -0.000626085579766
24654.35084948805; -0.00035978545265; -0.000637591719464
24660.62061689018; -0.000356266256869; -0.000647830451858
24666.89038429231; -0.000353975239368; -0.00066081460426
24673.16015169444; -0.000348590461101; -0.000671559284669
24679.42991909656; -0.000345608178469; -0.000681863882852
24685.69968649869; -0.000343108132129; -0.000693559927962
24691.96945390082; -0.000339028821018; -0.00070396868856
24698.23922130295; -0.000335926274588; -0.000714484443613
24704.50898870508; -0.000333382037768; -0.000725635137606
24710.77875610721; -0.000328643188521; -0.000735100463847
24717.04852350934; -0.000325788908646; -0.000745784764622
24723.31829091147; -0.000322453580651; -0.000756377425084
24729.5880583136; -0.000320736599447; -0.000765540201147
24735.85782571573; -0.000317693073785; -0.000775395014197
24742.12759311786; -0.000313748321525; -0.000785892309217
24748.39736051999; -0.000310980406041; -0.000795529789693
24754.66712792212; -0.000307280238821; -0.00080386910527
24760.93689532424; -0.000305137507213; -0.000815087283998
24767.20666272637; -0.000303148138109; -0.000824833611341
24773.4764301285; -0.000301149431871; -0.000833973872619
24779.74619753063; -0.000296640881844; -0.000844470063547
24786.01596493276; -0.000295181967336; -0.000852309001036
24792.28573233489; -0.000292534580424; -0.000861306398268
24798.55549973702; -0.000290002416085; -0.000869338183904
24804.82526713915; -0.00028754896395; -0.000879774152891
24811.09503454128; -0.000285561587874; -0.000889075281705
24817.36480194341; -0.000281971841467; -0.000896230022242
24823.63456934554; -0.000280375494914; -0.000905738326329
24829.90433674767; -0.000278319470547; -0.000915071413523
24836.1741041498; -0.000275532029783; -0.000923376582689
24842.44387155193; -0.00027338751538; -0.000930899959659
24848.71363895405; -0.000272065376831; -0.000938673591059
24854.98340635619; -0.000268452809558; -0.000948514767298
24861.25317375831; -0.000267851745566; -0.000955842125076
24867.52294116045; -0.000265101429949; -0.000963653144166
24873.79270856257; -0.000262587967186; -0.000972662681957
24880.0624759647; -0.000261545637182; -0.000980037521723
24886.33224336683; -0.000258825474151; -0.000987381585817
24892.60201076896; -0.000258018882754; -0.000995861183173
24898.87177817109; -0.000255363416649; -0.00100298242462
24905.14154557322; -0.000253550862077; -0.00101168128765
24911.41131297535; -0.000251268430776; -0.00101972287966
24917.68108037748; -0.0002488900171; -0.00102658212304
24923.95084777961; -0.000248061513697; -0.00103334406072
24930.22061518174; -0.000245110490513; -0.00104210707813
24936.49038258387; -0.000243131057859; -0.00104950457122
24942.760149986; -0.000242064463892; -0.0010551552003
24949.02991738812; -0.00024038256496; -0.00106240441588
24955.29968479025; -0.000238768042993; -0.00107113588446
24961.56945219238; -0.000236790078052; -0.00107730968533
24967.83921959451; -0.000234657475435; -0.00108482921986
24974.10898699664; -0.000234185398444; -0.0010917595838
24980.37875439877; -0.000232378269949; -0.00109867425759
24986.6485218009; -0.000230113940908; -0.00110636301347
24992.91828920303; -0.000229134117645; -0.00111306723786
24999.18805660516; -0.000227378588428; -0.00111954218067
25005.45782400729; -0.000226000287382; -0.00112600653962
25011.72759140942; -0.000222765871987; -0.00113226716336
25017.99735881155; -0.000222477337624; -0.00113935197335
25024.26712621368; -0.000220925204396; -0.00114467681576
25030.5368936158; -0.000220324354869; -0.00115184996195
25036.80666101793; -0.000217884001152; -0.00115907392702
25043.07642842006; -0.000216647454829; -0.00116575551085
25049.34619582219; -0.000215150584316; -0.00117108363423
25055.61596322432; -0.000214802591486; -0.00117808076513
25061.88573062645; -0.00021276477638; -0.00118374648426
25068.15549802858; -0.000212564063967; -0.00118989834721
25074.42526543071; -0.000210606343162; -0.00119540448337
25080.69503283284; -0.000209125380031; -0.00120269570447
25086.96480023497; -0.000207124980153; -0.00120817045434
25093.2345676371; -0.000205351556526; -0.00121394283393
25099.50433503923; -0.00020410169332; -0.00121903925052
25105.77410244136; -0.000203051335124; -0.00122573215229
25112.04386984349; -0.000203390545366; -0.00123243228494
25118.31363724561; -0.000200997971411; -0.00123727802218
25124.58340464775; -0.000200842050563; -0.0012433941123
25130.85317204987; -0.000199780101047; -0.00125011442392
25137.12293945201; -0.00019835058873; -0.00125430438777
25143.39270685413; -0.000197177855397; -0.00126044720174
25149.66247425626; -0.000196618864392; -0.0012671078609
25155.93224165839; -0.000194464006918; -0.00127177799124
25162.20200906052; -0.000193759383212; -0.00127722690711
25168.47177646265; -0.000193476975783; -0.00128321910839
25174.74154386478; -0.000190802683793; -0.00128876969557
25181.01131126691; -0.000189696035561; -0.00129372694394
25187.28107866904; -0.000188723933639; -0.00129918994256
25193.55084607117; -0.000188266845632; -0.00130410856438
25199.8206134733; -0.000186862196517; -0.00130838343529
25206.09038087543; -0.000185448738583; -0.00131503961985
25212.36014827756; -0.000184482682364; -0.00132007493488
25218.62991567968; -0.000185590098146; -0.00132558741151
25224.89968308181; -0.000183146636615; -0.00133003744747
25231.16945048394; -0.000181901028854; -0.00133525221053
25237.43921788607; -0.000181207072378; -0.00134054954224
25243.7089852882; -0.000179438018044; -0.00134600116462
25249.97875269033; -0.000180072762519; -0.00135029308823
25256.24852009246; -0.000178258773234; -0.00135471707082
25262.51828749459; -0.00017762514239; -0.00135990484796
25268.78805489672; -0.000175685741617; -0.00136544937013
25275.05782229885; -0.000176238141374; -0.00137102824648
25281.32758970098; -0.000173823158559; -0.00137513142901
25287.59735710311; -0.000174962400105; -0.00137949242823
25293.86712450524; -0.000172636236485; -0.00138417180863
25300.13689190736; -0.000171918475975; -0.00138909088484
25306.40665930949; -0.000171045374472; -0.00139428339936
25312.67642671162; -0.000169281806294; -0.00139847086602
25318.94619411375; -0.0001710489486; -0.00140349822732
25325.21596151588; -0.000168745090069; -0.00140824871289
25331.48572891801; -0.000168476687918; -0.00141308473968
25337.75549632014; -0.00016709162616; -0.00141753899193
25344.02526372227; -0.000167058675303; -0.00142038077032
25350.2950311244; -0.000165809556723; -0.00142680190712
25356.56479852653; -0.000165133581119; -0.00142986729102
25362.83456592866; -0.000164255284849; -0.00143402433832
25369.10433333079; -0.000162152035114; -0.00143929856738
25375.37410073292; -0.000163328896198; -0.00144384321285
25381.64386813504; -0.000161726808871; -0.00144723867271
25387.91363553717; -0.000161471032131; -0.00145257810409
25394.18340293931; -0.000160638372668; -0.00145640965635
25400.45317034143; -0.000160115028866; -0.0014615647031
25406.72293774357; -0.000158514225941; -0.0014654352536
25412.99270514569; -0.000158573636715; -0.00146937010241
25419.26247254782; -0.000158787516394; -0.00147337795688
25425.53223994995; -0.000157542688567; -0.00147762004763
25431.80200735208; -0.000156365933177; -0.00148295812562
25438.07177475421; -0.000155641579111; -0.0014871074255
25444.34154215634; -0.000155945460386; -0.00149047889132
25450.61130955847; -0.000154886789071; -0.00149570941861
25456.8810769606; -0.000153828144142; -0.00149950005043
25463.15084436272; -0.000152729473716; -0.00150331829865
25469.42061176486; -0.000152118891203; -0.00150694783232
25475.69037916699; -0.00015235957888; -0.00151048395972
25481.96014656912; -0.000151186581621; -0.00151481881611
25488.22991397124; -0.000151048361257; -0.00151837545112
25494.49968137337; -0.000151260466833; -0.00152205273786
25500.7694487755; -0.000150239087437; -0.00152725868787
25507.03921617763; -0.000148093092705; -0.00152973743914
25513.30898357976; -0.000147876895609; -0.00153478610552
25519.57875098189; -0.000147862599942; -0.00153875764708
25525.84851838402; -0.000146901714566; -0.00154221067146
25532.11828578615; -0.000146642676472; -0.00154619155393
25538.38805318828; -0.000146607353582; -0.00155029048962
25544.65782059041; -0.000146810594108; -0.0015522029337
25550.92758799254; -0.000144513360441; -0.00155714087711
25557.19735539467; -0.000144192272766; -0.00155976521515
25563.4671227968; -0.000143888242566; -0.00156336988954
25569.73689019892; -0.000143670966916; -0.00156821364306
25576.00665760105; -0.000142929041829; -0.00157178221609
25582.27642500318; -0.000142639046984; -0.00157541996019
25588.54619240531; -0.000141775107689; -0.00157911386832
25594.81595980744; -0.00014090110548; -0.00158213226608
25601.08572720957; -0.000141261564796; -0.00158684978079
25607.3554946117; -0.000140059553583; -0.00158968127295
25613.62526201383; -0.000139735535096; -0.0015939419282
25619.89502941596; -0.000140173257672; -0.00159657783272
25626.16479681809; -0.000138737582959; -0.00160024171149
25632.43456422022; -0.000138005139085; -0.00160331008282
25638.70433162235; -0.000137529500505; -0.00160756402689
25644.97409902448; -0.000137608843102; -0.0016109891321
25651.2438664266; -0.000137312153931; -0.00161470461161
25657.51363382873; -0.000135962108059; -0.00161701157042
25663.78340123086; -0.000135848876437; -0.0016194107067
25670.05316863299; -0.00013513111262; -0.00162407653867
25676.32293603512; -0.000135988549745; -0.00162653603851
25682.59270343725; -0.000135347540719; -0.00163199060393
25688.86247083938; -0.000134286088134; -0.00163361633767
25695.13223824151; -0.000133178913279; -0.00163655375774
25701.40200564364; -0.000133277884234; -0.00164153614132
25707.67177304577; -0.000133044124271; -0.00164415996389
25713.9415404479; -0.000132044802884; -0.00164673634786
25720.21130785003; -0.000131267554753; -0.00165199694004
25726.48107525216; -0.000132123717706; -0.00165400483026
25732.75084265428; -0.000132418725623; -0.00165671390167
25739.02061005642; -0.000129935264058; -0.00165988486962
25745.29037745854; -0.000131284188299; -0.00166389721562
25751.56014486068; -0.000130735212591; -0.00166714664307
25757.82991226281; -0.000130538021921; -0.00167043286652
25764.09967966493; -0.000128829950614; -0.00167338660736
25770.36944706706; -0.000128231739586; -0.00167662889956
25776.63921446919; -0.00012853469554; -0.00167958756339
25782.90898187132; -0.000128897220808; -0.00168181510121
25789.17874927345; -0.000127705714053; -0.0016859020812
25795.44851667558; -0.000127331627619; -0.00168957918001
25801.71828407771; -0.000127712604536; -0.00169108689884
25807.98805147984; -0.000126718257604; -0.00169497008283
25814.25781888197; -0.000127667886742; -0.00169766674991
25820.5275862841; -0.000125727309029; -0.00170063755353
25826.79735368623; -0.00012537211225; -0.00170291465552
25833.06712108836; -0.000125167992019; -0.00170647473505
25839.33688849048; -0.000125392651159; -0.00170927661086
25845.60665589261; -0.000123989495834; -0.00171147551458
25851.87642329474; -0.000124923866138; -0.00171511341768
25858.14619069687; -0.000123704546446; -0.00171819948787
25864.415958099; -0.000123785138369; -0.00172123377433
25870.68572550113; -0.000123428439261; -0.00172356747021
25876.95549290326; -0.000123031917583; -0.00172695798922
25883.22526030539; -0.000123047729655; -0.00173038065947
25889.49502770752; -0.000122092644517; -0.0017321415813
25895.76479510965; -0.000122368121231; -0.00173557333468
25902.03456251178; -0.000121478119332; -0.00173822277647
25908.30432991391; -0.000121702011461; -0.00174054641251
25914.57409731604; -0.000122011700127; -0.00174441627854
25920.84386471816; -0.000120168827351; -0.00174663261805
25927.11363212029; -0.000120056004658; -0.00174964465134
25933.38339952242; -0.000120499324699; -0.00175328670888
25939.65316692455; -0.00012020364108; -0.00175451036564
25945.92293432668; -0.00011994874743; -0.00175718899023
25952.19270172881; -0.000120682072932; -0.0017611333121
25958.46246913094; -0.000119574775921; -0.00176436475276
25964.73223653307; -0.00011925817931; -0.00176578248075
25971.0020039352; -0.000119531931076; -0.00176900936858
25977.27177133733; -0.000118050094702; -0.00177092595464
25983.54153873946; -0.000117839188912; -0.00177451673352
25989.81130614159; -0.000118225293518; -0.00177682920233
25996.08107354372; -0.000117907740894; -0.00177955818687
26002.35084094584; -0.000117760859252; -0.00178292777828
26008.62060834798; -0.000116734852559; -0.00178458609703
26014.8903757501; -0.000118116954275; -0.00178839752892
26021.16014315224; -0.000116175612858; -0.00178973509992
26027.42991055436; -0.000115494136099; -0.00179367473911
26033.69967795649; -0.000115436022574; -0.0017948015324
26039.96944535862; -0.000115993640483; -0.00179689224272
26046.23921276075; -0.000115458972672; -0.00180132970335
26052.50898016288; -0.00011493788121; -0.00180353471085
26058.77874756501; -0.000114404659728; -0.00180503773583
26065.04851496714; -0.000115721730974; -0.00180802269435
26071.31828236927; -0.000113677404005; -0.00181183098058
26077.5880497714; -0.000114646721579; -0.00181434398357
26083.85781717353; -0.000114594982146; -0.00181473856591
26090.12758457566; -0.000114735134922; -0.00181839356648
26096.39735197779; -0.000113251351058; -0.0018209207156
26102.66711937992; -0.000113485389255; -0.00182346871962
26108.93688678204; -0.000113253257162; -0.00182558687673
26115.20665418417; -0.000113154798367; -0.00182742029406
26121.4764215863; -0.000112463228925; -0.00182973449758
26127.74618898843; -0.00011299064194; -0.00183201682065
26134.01595639056; -0.000111950354427; -0.00183622383498
26140.28572379269; -0.000111196650402; -0.00183757243037
26146.55549119482; -0.000112783374202; -0.00184011933984
26152.82525859695; -0.000112041355038; -0.00184229227065
26159.09502599908; -0.000112571089854; -0.00184507584513
26165.36479340121; -0.000111126879403; -0.0018473964009
26171.63456080334; -0.000110286057901; -0.00184950345869
26177.90432820547; -0.000111174666934; -0.00185235426413
26184.1740956076; -0.000110657223678; -0.00185361017773
26190.44386300972; -0.000110143601014; -0.00185737772399
26196.71363041185; -0.000110478265884; -0.00185896565527
26202.98339781398; -0.000111513429554; -0.00186172054441
26209.25316521611; -0.000109107086479; -0.00186358168214
26215.52293261824; -0.000110067905084; -0.00186602444566
26221.79270002037; -0.000110045935847; -0.00186847812611
26228.0624674225; -0.000108849290941; -0.00187045616251
26234.33223482463; -0.000108692675929; -0.00187351284605
26240.60200222676; -0.000108790168402; -0.00187485235754
26246.87176962889; -0.000107671019067; -0.00187836710595
26253.14153703102; -0.000108615142895; -0.00188038939061
26259.41130443315; -0.000107764473944; -0.00188252940756
26265.68107183528; -0.000108755337441; -0.00188445414682
26271.9508392374; -0.000107216335094; -0.00188631701673
26278.22060663954; -0.000107495223934; -0.00188873786032
26284.49037404166; -0.00010863145636; -0.00189098057959
26290.7601414438; -0.000107943560816; -0.00189275499023
26297.02990884592; -0.000107817229007; -0.00189494982866
26303.29967624805; -0.000107941867407; -0.00189766923022
26309.56944365018; -0.000107320681742; -0.00190021279903
26315.83921105231; -0.000107043318617; -0.00190326118845
26322.10897845444; -0.000106624925394; -0.00190423300052
26328.37874585657; -0.00010723811256; -0.00190701880034
26334.6485132587; -0.000106494835916; -0.00190855369932
26340.91828066083; -0.000105557509185; -0.00191079068551
26347.18804806296; -0.000105924416439; -0.00191376688182
26353.45781546509; -0.000105235388187; -0.00191659813845
26359.72758286722; -0.000105799969811; -0.00191745512841
26365.99735026935; -0.00010573137906; -0.00192053570206
26372.26711767148; -0.000106505227142; -0.0019223767422
26378.5368850736; -0.000104604907236; -0.00192346914053
26384.80665247573; -0.000105292677931; -0.00192566381119
26391.07641987786; -0.000104394921305; -0.0019290553123
26397.34618727999; -0.00010468807058; -0.00193011504417
26403.61595468212; -0.000103758814119; -0.00193268202616
26409.88572208425; -0.000104613926288; -0.0019345972672
26416.15548948638; -0.00010352934214; -0.00193690514448
26422.42525688851; -0.000104485244214; -0.00193799897561
26428.69502429064; -0.000104537852891; -0.00194042979758
26434.96479169277; -0.000104602053887; -0.0019428303168
26441.2345590949; -0.000103656881428; -0.00194660930653
26447.50432649703; -0.000103519843389; -0.00194685080468
26453.77409389916; -0.000103744301911; -0.00194942854729
26460.04386130128; -0.000103007838749; -0.00195079041733
26466.31362870341; -0.000103214802251; -0.0019531473697
26472.58339610554; -0.000102746460545; -0.00195523517498
26478.85316350767; -0.000103582265591; -0.00195770137738
26485.1229309098; -0.000102359119075; -0.00195975655227
26491.39269831193; -0.000102218121209; -0.0019608252228
26497.66246571406; -0.000102647893364; -0.00196340963174
26503.93223311619; -0.000103487323693; -0.00196532671304
26510.20200051832; -0.00010202620523; -0.00196679352635
26516.47176792045; -0.000103198144936; -0.00196905126345
26522.74153532258; -0.000103534689986; -0.00197189135759
26529.01130272471; -0.000102101885468; -0.00197173877609
26535.28107012684; -0.000102755979912; -0.00197388378581
26541.55083752896; -0.000103494061635; -0.00197610578194
26547.8206049311; -0.000102853351537; -0.00197882000835
26554.09037233322; -0.000101983287615; -0.00197882203161
26560.36013973536; -0.000103096021089; -0.00198048830878
26566.62990713748; -0.00010131931103; -0.00198279059667
26572.89967453961; -0.000101200741486; -0.00198467604552
26579.16944194174; -0.000101955163674; -0.00198687989761
26585.43920934387; -0.000101669629508; -0.0019885136824
26591.708976746; -0.000101509237827; -0.00199057542392
26597.97874414813; -0.00010036100523; -0.00199210952412
26604.24851155026; -9.96142395354e-05; -0.00199527858212
26610.51827895239; -0.000100839259463; -0.001996811677
26616.78804635452; -9.96790664638e-05; -0.00199858994116
26623.05781375665; -9.9651806458e-05; -0.00200123392348
26629.32758115878; -0.000100179252781; -0.00200228947506
26635.59734856091; -9.84760165431e-05; -0.00200377536626
26641.86711596304; -9.91634738494e-05; -0.00200606670484
26648.13688336516; -9.88835483023e-05; -0.00200711767328
26654.40665076729; -9.9789533815e-05; -0.00200969155645
26660.67641816942; -9.86390174927e-05; -0.00201181680726
26666.94618557155; -9.99260845397e-05; -0.00201516500998
26673.21595297368; -9.93813965856e-05; -0.00201514544155
26679.48572037581; -9.91594690228e-05; -0.00201654756309
26685.75548777794; -9.88424034053e-05; -0.00201987919734
26692.02525518007; -9.82361384925e-05; -0.00202117033414
26698.2950225822; -9.84745291372e-05; -0.0020232475165
26704.56478998433; -9.68728359692e-05; -0.00202351808937
26710.83455738646; -9.7706610294e-05; -0.00202641123396
26717.10432478859; -9.77292648491e-05; -0.0020288626476
26723.37409219072; -9.85933510695e-05; -0.00203028085137
26729.64385959284; -9.84322089157e-05; -0.00203299485278
26735.91362699497; -9.94217386248e-05; -0.00203410417897
26742.1833943971; -9.80427967237e-05; -0.00203463830424
26748.45316179923; -9.70559252834e-05; -0.00203725087257
26754.72292920136; -9.68970882396e-05; -0.00204019951018
26760.99269660349; -9.82214588207e-05; -0.00204072460324
26767.26246400562; -9.72277522056e-05; -0.00204293522559
26773.53223140775; -9.8050612528e-05; -0.00204479195441
26779.80199880988; -9.79438778456e-05; -0.00204583932972
26786.07176621201; -9.79378618364e-05; -0.00204752462447
26792.34153361414; -9.6314019582e-05; -0.002049812566
26798.61130101627; -9.68053443104e-05; -0.00205137110478
26804.8810684184; -9.69295767818e-05; -0.00205274945737
26811.15083582052; -9.66653564595e-05; -0.00205443405711
26817.42060322265; -9.62481074073e-05; -0.00205735192897
26823.69037062478; -9.58137859568e-05; -0.00205890320711
26829.96013802691; -9.67678123113e-05; -0.00205967647087
26836.22990542904; -9.73398931193e-05; -0.00206234644726
26842.49967283117; -9.60878891898e-05; -0.00206353768694
26848.7694402333; -9.65472903841e-05; -0.00206486079173
26855.03920763543; -9.58477002886e-05; -0.00206651465411
26861.30897503756; -9.58759373084e-05; -0.00206940033266
26867.57874243969; -9.51287350695e-05; -0.00207129588427
26873.84850984182; -9.59132807662e-05; -0.00207209753852
26880.11827724395; -9.51132320014e-05; -0.00207291152349
26886.38804464608; -9.54858916458e-05; -0.00207479888805
26892.65781204821; -9.58178167838e-05; -0.00207702325114
26898.92757945033; -9.52442429545e-05; -0.00207975191406
26905.19734685247; -9.56253722586e-05; -0.00208113757706
26911.4671142546; -9.6229158136e-05; -0.00208246749295
26917.73688165673; -9.60290465779e-05; -0.00208357112798
26924.00664905885; -9.53115538415e-05; -0.0020860546997
26930.27641646098; -9.49573166917e-05; -0.00208662648558
26936.54618386311; -9.56333626038e-05; -0.00208796906989
26942.81595126524; -9.51154401868e-05; -0.00208917274759
26949.08571866737; -9.49187854476e-05; -0.00209131643121
26955.3554860695; -9.48530540447e-05; -0.00209371390916
26961.62525347163; -9.42037630542e-05; -0.00209596347745
26967.89502087376; -9.41608414395e-05; -0.0020969631023
26974.16478827589; -9.52119888772e-05; -0.00209902534968
26980.43455567802; -9.42618557322e-05; -0.0021009986094
26986.70432308015; -9.38237774587e-05; -0.00210200397749
26992.97409048228; -9.33905886398e-05; -0.00210283707496
26999.2438578844; -9.50221756205e-05; -0.00210500599479
27005.51362528653; -9.42344106469e-05; -0.00210584480996
27011.78339268866; -9.44975085685e-05; -0.00210828299095
27018.05316009079; -9.4448537021e-05; -0.00210972375658
27024.32292749292; -9.33008868167e-05; -0.00211092384377
27030.59269489505; -9.46196495484e-05; -0.00211228465926
27036.86246229718; -9.38213223466e-05; -0.00211534903345
27043.13222969931; -9.37049598341e-05; -0.00211483610879
27049.40199710144; -9.49118791179e-05; -0.00211735350938
27055.67176450357; -9.41189289931e-05; -0.00212014277163
27061.9415319057; -9.3144406422e-05; -0.00212120404945
27068.21129930783; -9.27350830987e-05; -0.0021226990714
27074.48106670996; -9.28051133324e-05; -0.00212469207301
27080.75083411208; -9.31066047268e-05; -0.00212614142392
27087.02060151421; -9.31968052493e-05; -0.00212747341269
27093.29036891634; -9.26212573917e-05; -0.00212859843896
27099.56013631847; -9.20956406338e-05; -0.00212993583803
27105.8299037206; -9.40503547034e-05; -0.00213106734962
27112.09967112273; -9.31087312957e-05; -0.00213233928276
27118.36943852486; -9.32874180854e-05; -0.00213544288713
27124.63920592699; -9.36192243755e-05; -0.00213654552899
27130.90897332912; -9.17555893025e-05; -0.00213712188755
27137.17874073125; -9.32024442531e-05; -0.0021395474156
27143.44850813338; -9.23774407463e-05; -0.00214071189666
27149.71827553551; -9.33417460173e-05; -0.00214323357423
27155.98804293764; -9.29581426008e-05; -0.00214507256818
27162.25781033977; -9.22491431398e-05; -0.0021456114649
27168.52757774189; -9.23780798324e-05; -0.00214633920032
27174.79734514403; -9.28010773515e-05; -0.00214882110309
27181.06711254615; -9.18038067623e-05; -0.00214986636729
27187.33687994829; -9.14668303981e-05; -0.00215092106924
27193.60664735041; -9.28784343054e-05; -0.00215251309004
27199.87641475254; -9.17676228595e-05; -0.00215414213153
27206.14618215467; -9.18123724234e-05; -0.00215673653283
27212.4159495568; -9.16043445212e-05; -0.00215803422665
27218.68571695893; -9.09097868055e-05; -0.00215942922324
27224.95548436106; -9.22115013699e-05; -0.00216037077057
27231.22525176319; -9.1309235372e-05; -0.00216220043292
27237.49501916532; -9.1141801205e-05; -0.00216355767667
27243.76478656745; -9.25802601123e-05; -0.00216362463047
27250.03455396958; -9.16466965124e-05; -0.00216544560355
27256.30432137171; -9.18672751327e-05; -0.00216866292639
27262.57408877384; -9.07953122431e-05; -0.00216928534015
27268.84385617596; -9.0597902493e-05; -0.00217088861142
27275.11362357809; -9.17680564811e-05; -0.00217194799182
27281.38339098022; -9.16486446941e-05; -0.00217414270902
27287.65315838235; -9.15153257849e-05; -0.00217522207556
27293.92292578448; -9.1674183906e-05; -0.00217645970874
27300.19269318661; -9.13971799391e-05; -0.00217816878976
27306.46246058874; -9.13017141105e-05; -0.00217907057328
27312.73222799087; -9.07435341939e-05; -0.0021811952394
27319.001995393; -9.09240184709e-05; -0.00218252028269
27325.27176279513; -8.99564039987e-05; -0.00218343215905
27331.54153019726; -9.06092608095e-05; -0.0021844468822
27337.81129759939; -9.13066579505e-05; -0.00218649036854
27344.08106500152; -9.10680789954e-05; -0.00218793970999
27350.35083240364; -9.18258576934e-05; -0.00218919702161
27356.62059980577; -9.0863239062e-05; -0.00219039081501
27362.8903672079; -9.16454055708e-05; -0.0021919694507
27369.16013461003; -9.07771042131e-05; -0.00219469186153
27375.42990201216; -9.05570000611e-05; -0.00219547468451
27381.69966941429; -9.11308597407e-05; -0.00219798507823
27387.96943681642; -9.01396733924e-05; -0.00219752242668
27394.23920421855; -9.11982918602e-05; -0.00219937752332
27400.50897162068; -9.10141869929e-05; -0.00220207843808
27406.77873902281; -9.01541172147e-05; -0.00220108846867
27413.04850642494; -9.09754725923e-05; -0.00220346589072
27419.31827382707; -9.01629054174e-05; -0.0022055705947
27425.5880412292; -9.09001345904e-05; -0.00220582503212
27431.85780863133; -8.99577076327e-05; -0.0022080764032
27438.12757603345; -8.93713643898e-05; -0.00221017009565
27444.39734343559; -8.94197320824e-05; -0.00220993253125
27450.66711083771; -8.84897889189e-05; -0.00221071821381
27456.93687823985; -8.91809060469e-05; -0.00221288705194
27463.20664564197; -8.95240094988e-05; -0.00221420107714
27469.4764130441; -8.94242216852e-05; -0.00221458043227
27475.74618044623; -8.94584514062e-05; -0.00221661522395
27482.01594784836; -8.8836090032e-05; -0.00221857428769
27488.28571525049; -8.96546619852e-05; -0.00222011172894
27494.55548265262; -8.79433393242e-05; -0.00222127078769
27500.82525005475; -8.97134509041e-05; -0.00222040722225
27507.09501745688; -8.84481341686e-05; -0.00222232635796
27513.36478485901; -8.79081032812e-05; -0.00222499204414
27519.63455226114; -8.90772167928e-05; -0.00222606336748
27525.90431966327; -8.83595035916e-05; -0.00222747734334
27532.1740870654; -8.77570532719e-05; -0.0022286801498
27538.44385446752; -8.83431658192e-05; -0.00222946403956
27544.71362186965; -8.88862855201e-05; -0.00223037111617
27550.98338927178; -8.74455389647e-05; -0.00223229733483
27557.25315667391; -8.87749080789e-05; -0.00223338773683
27563.52292407604; -8.77029788052e-05; -0.00223565657271
27569.79269147817; -8.79689993071e-05; -0.00223717015369
27576.0624588803; -8.83066649888e-05; -0.00223700975255
27582.33222628243; -8.75070005371e-05; -0.00224007034184
27588.60199368456; -8.7953028463e-05; -0.00224052806285
27594.87176108669; -8.84298346758e-05; -0.00224226084259
27601.14152848882; -8.85089873477e-05; -0.00224296888189
27607.41129589095; -8.84383304128e-05; -0.00224408071665
