% Module: Sweep, ID: c0p1t8p1cfm0
% Devices: DEV646
% Time: 2025/12/02 15:40:09
% Demod 1 Sample X, /dev646/demods/0/sample.X
% Demod 1 Sample Y, /dev646/demods/0/sample.Y
% Frequency (Hz); Demod 1 Sample X  Amplitude (V); Demod 1 Sample Y  Amplitude (V)
22433.62365448438; -0.000339421221238; -0.0136545900122
22437.22581772453; -0.000341469054726; -0.0136701719394
22440.82798096468; -0.00034265527751; -0.0136833336914
22444.43014420483; -0.000345023945658; -0.0136974788416
22448.03230744498; -0.000346858188411; -0.0137120920002
22451.63447068513; -0.00034796100203; -0.0137262576248
22455.23663392528; -0.000350883465163; -0.0137403587645
22458.83879716543; -0.000351188996579; -0.0137554094364
22462.44096040558; -0.000352749562354; -0.0137697455577
22466.04312364573; -0.000355884334955; -0.0137843045128
22469.64528688588; -0.000355983160373; -0.0137994009782
22473.24745012603; -0.000358590747753; -0.0138144472091
22476.84961336618; -0.000360760537878; -0.0138298370545
22480.45177660633; -0.000362182462672; -0.0138453185575
22484.05393984648; -0.000364578067306; -0.0138585429605
22487.65610308663; -0.00036505826964; -0.0138741214098
22491.25826632678; -0.000367209785085; -0.0138889603342
22494.86042956693; -0.000369277387362; -0.0139040873741
22498.46259280708; -0.000370880334718; -0.0139199090119
22502.06475604723; -0.000372458896068; -0.0139348307624
22505.66691928738; -0.000374100058332; -0.0139503536494
22509.26908252753; -0.000376831349081; -0.0139666030916
22512.87124576768; -0.000379299265966; -0.0139827921556
22516.47340900783; -0.000379749326406; -0.0139980525417
22520.07557224798; -0.000382537193272; -0.0140135437217
22523.67773548813; -0.000384669071337; -0.0140302186895
22527.27989872828; -0.000386542625648; -0.0140461806554
22530.88206196843; -0.000388644012596; -0.0140622665822
22534.48422520858; -0.000389982599339; -0.0140781703195
22538.08638844873; -0.00039309057134; -0.0140939696307
22541.68855168888; -0.000394819727165; -0.0141102386849
22545.29071492903; -0.000395597865177; -0.0141263637481
22548.89287816918; -0.000398303487532; -0.0141431347371
22552.49504140933; -0.000400953189698; -0.0141591813022
22556.09720464948; -0.000402122989587; -0.014176049025
22559.69936788963; -0.000404881620746; -0.0141926734037
22563.30153112978; -0.000406088342589; -0.0142098486939
22566.90369436993; -0.000409120320647; -0.0142266800074
22570.50585761008; -0.000411122704272; -0.0142441088852
22574.10802085023; -0.000413475960519; -0.0142604027145
22577.71018409038; -0.000415769131021; -0.0142770339845
22581.31234733053; -0.000418219217681; -0.014294441143
22584.91451057068; -0.000420481752603; -0.0143126016777
22588.51667381083; -0.000422358677922; -0.0143296091687
22592.11883705098; -0.000424447388811; -0.0143481118906
22595.72100029113; -0.000426908233729; -0.0143662671553
22599.32316353128; -0.000429250099661; -0.0143830218171
22602.92532677143; -0.000432356935104; -0.0144008149214
22606.52749001158; -0.000434278864713; -0.0144188786557
22610.12965325173; -0.000437489448502; -0.0144381231288
22613.73181649188; -0.000440079159533; -0.0144550460265
22617.33397973203; -0.000440761212694; -0.0144728672784
22620.93614297218; -0.000444606693328; -0.0144921211173
22624.53830621233; -0.00044639121847; -0.0145105261177
22628.14046945248; -0.000449257628513; -0.0145290126826
22631.74263269263; -0.000451369369422; -0.0145466301929
22635.34479593278; -0.000454085115244; -0.0145657725699
22638.94695917293; -0.000457388249142; -0.0145843711988
22642.54912241308; -0.000459103590611; -0.0146038571791
22646.15128565323; -0.000460800673189; -0.0146219144084
22649.75344889338; -0.000464525184931; -0.0146424686506
22653.35561213353; -0.000467108293063; -0.0146604980281
22656.95777537368; -0.000470265037822; -0.0146795261211
22660.55993861383; -0.000472782671944; -0.0146996629163
22664.16210185398; -0.000474094685722; -0.014717982136
22667.76426509413; -0.000478582984293; -0.0147381805922
22671.36642833428; -0.000481603754295; -0.0147578901882
22674.96859157443; -0.000483487938687; -0.0147783730564
22678.57075481458; -0.000485916197775; -0.0147982139533
22682.17291805473; -0.000488923240695; -0.0148183942999
22685.77508129488; -0.000492802955427; -0.0148393009122
22689.37724453503; -0.000494901483328; -0.0148582663742
22692.97940777518; -0.000497624774165; -0.0148802803015
22696.58157101533; -0.000501100321531; -0.0148995765281
22700.18373425548; -0.000504987531799; -0.0149201255403
22703.78589749563; -0.000507205843425; -0.0149415724947
22707.38806073578; -0.000510817093903; -0.0149627706187
22710.99022397593; -0.000513581114074; -0.0149841052621
22714.59238721608; -0.000516099915088; -0.0150055275683
22718.19455045623; -0.000520687999843; -0.0150256076927
22721.79671369638; -0.000522621181395; -0.015047515026
22725.39887693653; -0.000526594018121; -0.0150684164314
22729.00104017668; -0.000530017830493; -0.0150907754643
22732.60320341683; -0.000533402321984; -0.0151133639974
22736.20536665698; -0.000536104570969; -0.0151351814064
22739.80752989713; -0.00054079354788; -0.015157634887
22743.40969313728; -0.000543172042116; -0.0151789507054
22747.01185637743; -0.000547025724313; -0.0152013750206
22750.61401961758; -0.000550631276961; -0.0152240231521
22754.21618285773; -0.000554417540743; -0.0152470828016
22757.81834609788; -0.000557653504621; -0.015269579073
22761.42050933803; -0.000560808434269; -0.0152928492193
22765.02267257818; -0.000564208330575; -0.0153160272765
22768.62483581833; -0.000566941186919; -0.0153387072444
22772.22699905848; -0.000572352761209; -0.0153623429031
22775.82916229863; -0.000576339359579; -0.015386444215
22779.43132553878; -0.000578941421441; -0.0154106020219
22783.03348877893; -0.000583417677004; -0.0154342280886
22786.63565201908; -0.000586963990297; -0.0154585464072
22790.23781525923; -0.000591092074272; -0.0154826857178
22793.83997849938; -0.000593930698209; -0.0155062033005
22797.44214173953; -0.000599491143366; -0.0155309493549
22801.04430497968; -0.000603745295948; -0.0155546588431
22804.64646821983; -0.00060650087424; -0.015580955975
22808.24863145998; -0.000611191857346; -0.0156056590263
22811.85079470013; -0.000615072666614; -0.0156311604438
22815.45295794028; -0.00062002893952; -0.0156565527498
22819.05512118043; -0.000624162564555; -0.0156810732114
22822.65728442058; -0.000629217719321; -0.0157067082578
22826.25944766073; -0.000631854871367; -0.0157324925596
22829.86161090088; -0.00063662559326; -0.0157585788472
22833.46377414103; -0.000641833084262; -0.015785158236
22837.06593738118; -0.000646489572813; -0.015810186391
22840.66810062133; -0.000650083549037; -0.0158375242427
22844.27026386148; -0.000654815172088; -0.0158631744899
22847.87242710163; -0.000659981705002; -0.0158912349469
22851.47459034178; -0.000664941649155; -0.0159177565923
22855.07675358193; -0.000669167368159; -0.0159448623701
22858.67891682209; -0.000674351445855; -0.0159726144665
22862.28108006224; -0.000678922867152; -0.0160000613283
22865.88324330239; -0.000683870811934; -0.0160272481531
22869.48540654254; -0.000689062125828; -0.0160563785893
22873.08756978269; -0.00069335257415; -0.0160848815669
22876.68973302283; -0.000698843854655; -0.0161129737305
22880.29189626298; -0.000703818034991; -0.0161410588837
22883.89405950313; -0.000708728552076; -0.0161697551488
22887.49622274328; -0.000713241483434; -0.0161983672202
22891.09838598343; -0.000719267019262; -0.0162274122649
22894.70054922358; -0.000724898902807; -0.0162566766615
22898.30271246373; -0.000729481736298; -0.0162874004414
22901.90487570388; -0.000735788194501; -0.0163166345387
22905.50703894403; -0.000741836891634; -0.0163465487543
22909.10920218418; -0.00074739114714; -0.0163772358897
22912.71136542434; -0.000752056029707; -0.0164085669989
22916.31352866449; -0.000758909293726; -0.0164381278034
22919.91569190464; -0.000764069668693; -0.0164686279164
22923.51785514479; -0.00077109035873; -0.016500327469
22927.12001838494; -0.000776445351433; -0.0165313004092
22930.72218162509; -0.000781898918175; -0.0165624357656
22934.32434486524; -0.000789562343101; -0.0165945084983
22937.92650810539; -0.000794237300151; -0.0166263241639
22941.52867134554; -0.000800628667596; -0.0166592951668
22945.13083458569; -0.00080761406269; -0.0166910092972
22948.73299782583; -0.000813749071422; -0.0167248198178
22952.33516106598; -0.000821287487842; -0.016756992642
22955.93732430613; -0.00082652255733; -0.0167903456444
22959.53948754628; -0.00083398899779; -0.0168236477625
22963.14165078643; -0.000839941740984; -0.0168580755502
22966.74381402659; -0.000846118091961; -0.0168922381613
22970.34597726674; -0.000853511619816; -0.0169262003012
22973.94814050689; -0.000860914212778; -0.0169591872775
22977.55030374704; -0.000868125689053; -0.0169956760273
22981.15246698719; -0.00087462498084; -0.0170310687434
22984.75463022734; -0.000882423692647; -0.0170653152607
22988.35679346749; -0.000889083414941; -0.0171008913578
22991.95895670764; -0.000896090295843; -0.0171360460747
22995.56111994779; -0.000904007855475; -0.0171724092635
22999.16328318794; -0.000911771596199; -0.0172098518096
23002.76544642809; -0.000918900481974; -0.017244861153
23006.36760966824; -0.000927643917265; -0.0172826913333
23009.96977290839; -0.00093473714607; -0.0173191579187
23013.57193614854; -0.000942610049638; -0.0173577041164
23017.17409938869; -0.000951712715014; -0.0173956397958
23020.77626262883; -0.000960225309059; -0.0174331920626
23024.37842586898; -0.000967889532759; -0.0174723036528
23027.98058910914; -0.000976220335929; -0.0175098339151
23031.58275234929; -0.000984160929061; -0.017549484225
23035.18491558944; -0.000993729222556; -0.0175892571706
23038.78707882959; -0.00100299622515; -0.0176299881519
23042.38924206974; -0.00101146024163; -0.0176695232414
23045.99140530989; -0.00102039751267; -0.0177104692275
23049.59356855004; -0.00103028199787; -0.0177507541151
23053.19573179019; -0.0010393606323; -0.0177927166198
23056.79789503034; -0.00104910814668; -0.0178338667101
23060.40005827049; -0.00105777907279; -0.0178757532438
23064.00222151064; -0.001068568059; -0.0179200357295
23067.60438475079; -0.00107805656846; -0.017962180136
23071.20654799094; -0.00108810452696; -0.0180048622244
23074.80871123109; -0.00109807616195; -0.0180479693307
23078.41087447124; -0.0011085405515; -0.0180912830401
23082.01303771139; -0.00111877624525; -0.0181355945764
23085.61520095154; -0.00112936925637; -0.0181811824269
23089.21736419169; -0.00113960086301; -0.0182253253837
23092.81952743184; -0.00115093571877; -0.0182723460994
23096.42169067199; -0.00116071902338; -0.018316430853
23100.02385391214; -0.00117357149095; -0.0183625548445
23103.62601715229; -0.00118415203351; -0.0184096535597
23107.22818039244; -0.00119521959539; -0.0184557974583
23110.83034363259; -0.00120756529102; -0.0185032153331
23114.43250687274; -0.00121955815358; -0.0185520178945
23118.03467011289; -0.00123263879058; -0.0186005539484
23121.63683335304; -0.00124337791423; -0.0186505206157
23125.23899659319; -0.00125636059669; -0.0186988172938
23128.84115983334; -0.00126812128738; -0.0187486698185
23132.44332307349; -0.00128125519165; -0.0187990634944
23136.04548631364; -0.00129509780521; -0.0188504105804
23139.64764955379; -0.00130864096189; -0.0189015766174
23143.24981279394; -0.0013222264682; -0.0189534907886
23146.85197603409; -0.00133576364484; -0.0190066109089
23150.45413927424; -0.00134946490906; -0.0190592615369
23154.05630251439; -0.00136330329764; -0.0191124986757
23157.65846575454; -0.00137714777468; -0.0191657478972
23161.26062899469; -0.00139143629582; -0.0192201207601
23164.86279223484; -0.00140659965471; -0.0192753273553
23168.46495547499; -0.00142181775833; -0.0193295493004
23172.06711871514; -0.00143684026181; -0.0193844656808
23175.66928195529; -0.00145185891514; -0.0194422019681
23179.27144519544; -0.00146747564941; -0.0194989897098
23182.87360843559; -0.00148400495598; -0.0195580056357
23186.47577167574; -0.00149943577721; -0.0196151600212
23190.07793491589; -0.00151669131945; -0.0196748306302
23193.68009815604; -0.00153366470156; -0.0197344687177
23197.28226139619; -0.00155007807603; -0.0197939361644
23200.88442463634; -0.00156718122995; -0.0198539903949
23204.48658787649; -0.00158506876026; -0.0199164369402
23208.08875111664; -0.00160229797308; -0.0199777402469
23211.69091435679; -0.00162120629155; -0.0200410559609
23215.29307759694; -0.00163923124411; -0.0201048779098
23218.89524083709; -0.00165780211208; -0.0201678785814
23222.49740407724; -0.00167796243207; -0.0202342967442
23226.09956731739; -0.00169680896319; -0.0203004129972
23229.70173055754; -0.00171598891192; -0.0203662992292
23233.30389379769; -0.00173454523079; -0.0204295500004
23236.90605703784; -0.00175479597758; -0.0204965099275
23240.50822027799; -0.00177602362416; -0.0205643660464
23244.11038351814; -0.00179711135943; -0.0206329735571
23247.71254675829; -0.00181880095232; -0.0207037426455
23251.31470999844; -0.00184012374313; -0.0207742214953
23254.91687323859; -0.00186268536794; -0.0208460054942
23258.51903647874; -0.00188496484616; -0.0209185467272
23262.12119971889; -0.0019095876091; -0.0209914335979
23265.72336295904; -0.00193373044917; -0.0210658337636
23269.32552619919; -0.00195689753508; -0.02114065828
23272.92768943934; -0.00198111241589; -0.0212159861926
23276.52985267949; -0.00200720630305; -0.021293684147
23280.13201591964; -0.00203202242271; -0.0213714378439
23283.73417915979; -0.00205895962489; -0.0214501192325
23287.33634239994; -0.00208493989087; -0.0215301298305
23290.93850564009; -0.00211189457106; -0.0216103270822
23294.54066888024; -0.0021402283208; -0.0216921161431
23298.14283212039; -0.00216899780404; -0.0217745693371
23301.74499536054; -0.00219661549018; -0.0218595360057
23305.34715860069; -0.00222581160849; -0.0219434400771
23308.94932184084; -0.00225676713107; -0.0220285208419
23312.55148508099; -0.00228742366757; -0.0221168917887
23316.15364832114; -0.00231888465944; -0.0222039564056
23319.75581156129; -0.00234982503232; -0.0222933286132
23323.35797480144; -0.0023827532872; -0.0223820382683
23326.96013804159; -0.00241559351384; -0.0224736743242
23330.56230128174; -0.00245028742443; -0.0225647902296
23334.16446452189; -0.00248486900245; -0.0226599681607
23337.76662776204; -0.00252018761046; -0.0227542252644
23341.36879100219; -0.00255616973823; -0.022849132991
23344.97095424234; -0.00259385072354; -0.022947235768
23348.57311748249; -0.00263032030241; -0.0230461811925
23352.17528072264; -0.00266867789716; -0.0231459271335
23355.77744396279; -0.00270877363764; -0.0232467298851
23359.37960720294; -0.0027490732994; -0.0233493951607
23362.98177044309; -0.00278961408092; -0.0234514231448
23366.58393368324; -0.00283264271283; -0.0235570974145
23370.18609692339; -0.00287535225358; -0.0236655080041
23373.78826016354; -0.0029188984326; -0.0237716498069
23377.39042340369; -0.00296402752712; -0.0238821820137
23380.99258664384; -0.00301005326025; -0.0239927544889
23384.59474988399; -0.00305694953691; -0.0241052825932
23388.19691312414; -0.0031063053664; -0.0242203315196
23391.79907636429; -0.00315605293671; -0.0243358958653
23395.40123960444; -0.00320600195716; -0.0244526319938
23399.00340284459; -0.00325746651485; -0.0245718395469
23402.60556608474; -0.00331086672016; -0.0246922661049
23406.20772932489; -0.00336465844698; -0.0248144625678
23409.80989256504; -0.0034202418751; -0.0249384098744
23413.41205580519; -0.0034772672115; -0.0250640564241
23417.01421904534; -0.00353610720873; -0.02519183112
23420.61638228549; -0.00359493743879; -0.0253212989608
23424.21854552564; -0.00365761946372; -0.0254526561832
23427.82070876579; -0.00372006957872; -0.0255871468042
23431.42287200594; -0.00378430697534; -0.0257211566149
23435.02503524609; -0.00385016605287; -0.025858042293
23438.62719848624; -0.00391796353201; -0.0259982564259
23442.22936172639; -0.00398888355576; -0.0261403810341
23445.83152496654; -0.00406009481121; -0.026284053039
23449.43368820669; -0.0041333126075; -0.0264313091592
23453.03585144684; -0.00420860638915; -0.0265798616406
23456.63801468699; -0.00428513655938; -0.0267294994862
23460.24017792714; -0.00436550006814; -0.0268821508573
23463.84234116729; -0.00444665986975; -0.0270367727777
23467.44450440744; -0.00453119436772; -0.0271937101608
23471.04666764759; -0.00461718121509; -0.0273542775074
23474.64883088775; -0.00470543879807; -0.0275175832672
23478.25099412789; -0.00479625331555; -0.0276822754878
23481.85315736804; -0.00488985462226; -0.0278517603072
23485.45532060819; -0.00498662379501; -0.0280239179322
23489.05748384834; -0.00508583856116; -0.0281971552154
23492.65964708849; -0.00518824992765; -0.0283723085384
23496.26181032864; -0.00529355778778; -0.028552864782
23499.86397356879; -0.00540099793263; -0.0287340225722
23503.46613680894; -0.00551340113131; -0.0289197185842
23507.06830004909; -0.00562810973994; -0.0291090868857
23510.67046328924; -0.00574645052652; -0.0293004644115
23514.27262652939; -0.00586880359229; -0.0294948312695
23517.87478976954; -0.00599404408472; -0.0296931855818
23521.47695300969; -0.00612404080365; -0.0298944515257
23525.07911624984; -0.00625810292234; -0.0301001353353
23528.68127949; -0.00639712047054; -0.0303091604748
23532.28344273015; -0.00653893216215; -0.0305196058476
23535.8856059703; -0.00668568144197; -0.030736763757
23539.48776921045; -0.00683802209059; -0.0309554279295
23543.0899324506; -0.00699529437758; -0.0311794211763
23546.69209569075; -0.00715820597764; -0.0314076936788
23550.2942589309; -0.0073263789178; -0.0316396182278
23553.89642217104; -0.00749997558827; -0.0318761231243
23557.49858541119; -0.00768011503261; -0.0321159476696
23561.10074865134; -0.00786585555882; -0.0323591345335
23564.70291189149; -0.00805777698994; -0.0326076140666
23568.30507513164; -0.00825730767377; -0.0328567215137
23571.90723837179; -0.00846422010328; -0.0331150393671
23575.50940161194; -0.00867767217498; -0.0333757330372
23579.11156485209; -0.00889997348661; -0.0336425201314
23582.71372809224; -0.00912929664708; -0.0339126255586
23586.31589133239; -0.00936861289429; -0.0341866817827
23589.91805457255; -0.00961461241757; -0.0344665985499
23593.5202178127; -0.00987187754184; -0.0347529956028
23597.12238105285; -0.0101378741107; -0.0350410598293
23600.724544293; -0.0104145092025; -0.0353350988755
23604.32670753315; -0.010701056302; -0.035632201278
23607.9288707733; -0.0110000741168; -0.0359351061413
23611.53103401345; -0.0113087507281; -0.0362421054883
23615.1331972536; -0.0116308329403; -0.0365525713835
23618.73536049375; -0.0119666229491; -0.0368671237223
23622.3375237339; -0.0123155285414; -0.037188940687
23625.93968697404; -0.0126797584902; -0.0375149426827
23629.54185021419; -0.0130586299248; -0.0378456380791
23633.14401345434; -0.0134511678572; -0.0381792348501
23636.74617669449; -0.0138624952076; -0.0385157098411
23640.34833993464; -0.014290319057; -0.0388606265536
23643.9505031748; -0.0147371173974; -0.0392052749663
23647.55266641495; -0.0152029797667; -0.0395567962045
23651.1548296551; -0.0156887066179; -0.0399102622787
23654.75699289525; -0.0161976392788; -0.0402675935767
23658.3591561354; -0.0167271892951; -0.0406257866575
23661.96131937555; -0.017280700102; -0.0409866060147
23665.5634826157; -0.0178601271555; -0.0413502515708
23669.16564585585; -0.0184642515357; -0.0417130170452
23672.767809096; -0.0190962327241; -0.0420767374129
23676.36997233615; -0.0197574576877; -0.0424401513448
23679.9721355763; -0.0204479616982; -0.0427987152929
23683.57429881645; -0.0211689916035; -0.0431544699753
23687.1764620566; -0.0219247909591; -0.0435069930683
23690.77862529675; -0.0227134408906; -0.0438534292607
23694.3807885369; -0.0235398964143; -0.0441929066983
23697.98295177705; -0.024406216136; -0.0445253028393
23701.5851150172; -0.0253127699408; -0.0448487389044
23705.18727825735; -0.0262571598871; -0.0451546983938
23708.7894414975; -0.0272479571885; -0.0454487822405
23712.39160473765; -0.0282837407209; -0.0457232047252
23715.9937679778; -0.0293649442273; -0.045975606028
23719.59593121795; -0.0304965019023; -0.046204826746
23723.1980944581; -0.0316770555307; -0.0464052893237
23726.80025769825; -0.0329085209461; -0.0465713368625
23730.4024209384; -0.0341925387756; -0.0467017919118
23734.00458417855; -0.0355294448891; -0.0467872993623
23737.6067474187; -0.0369195400534; -0.0468251126444
23741.20891065885; -0.0383644741378; -0.0468105802123
23744.811073899; -0.0398619478808; -0.0467343461621
23748.41323713915; -0.0414146360027; -0.0465927941882
23752.0154003793; -0.0430191557006; -0.0463761045772
23755.61756361945; -0.0446737728684; -0.0460783841904
23759.2197268596; -0.0463725442578; -0.0456899328456
23762.82189009975; -0.0481160440766; -0.0452031606061
23766.4240533399; -0.049894609508; -0.044610101177
23770.02621658005; -0.0517044585008; -0.0439022891808
23773.6283798202; -0.0535377130409; -0.0430705209301
23777.23054306035; -0.0553799846387; -0.0421065384665
23780.8327063005; -0.0572230258705; -0.0410006449236
23784.43486954065; -0.0590577212326; -0.0397531351747
23788.0370327808; -0.0608675263121; -0.0383526314115
23791.63919602095; -0.0626358445767; -0.0367974868849
23795.2413592611; -0.0643477551184; -0.0350862758901
23798.84352250125; -0.0659853629619; -0.0332171834355
23802.4456857414; -0.0675268008093; -0.0311976067229
23806.04784898155; -0.0689558969674; -0.0290271955584
23809.6500122217; -0.0702516026162; -0.0267203477422
23813.25217546185; -0.0713972087961; -0.0242833171228
23816.854338702; -0.0723813848136; -0.0217342705368
23820.45650194215; -0.0731798609163; -0.0190883537611
23824.0586651823; -0.0737836425424; -0.0163659102148
23827.66082842245; -0.0741839051456; -0.0135876333635
23831.2629916626; -0.0743724704708; -0.0107773498403
23834.86515490275; -0.0743486745099; -0.00795947638318
23838.4673181429; -0.0741104241505; -0.00515867783722
23842.06948138305; -0.073665259952; -0.00239779063555
23845.6716446232; -0.0730186245075; 0.0002999392823
23849.27380786335; -0.0721826677268; 0.00291376198216
23852.8759711035; -0.0711717221934; 0.00542607980867
23856.47813434365; -0.0700009626391; 0.00781945281672
23860.0802975838; -0.0686865369521; 0.0100825692256
23863.68246082395; -0.0672469305427; 0.0122037811697
23867.2846240641; -0.0657041760331; 0.0141760570787
23870.88678730425; -0.0640687742524; 0.0159966042347
23874.4889505444; -0.0623654569615; 0.0176601600016
23878.09111378455; -0.0606135457344; 0.0191702208149
23881.6932770247; -0.0588249417158; 0.0205290535253
23885.29544026485; -0.0570186036752; 0.0217401393819
23888.897603505; -0.0552041214605; 0.0228111649411
23892.49976674515; -0.0533952452698; 0.0237469709462
23896.1019299853; -0.0515999952039; 0.0245555661091
23899.70409322545; -0.0498279956085; 0.0252439499762
23903.3062564656; -0.0480842504574; 0.0258203570118
23906.90841970575; -0.0463807980798; 0.0262944603072
23910.5105829459; -0.0447179666486; 0.0266737619224
23914.11274618605; -0.0431015407163; 0.0269681991892
23917.7149094262; -0.0415380635362; 0.0271848276838
23921.31707266635; -0.0400216186071; 0.0273289151795
23924.9192359065; -0.0385588999042; 0.0274096880818
23928.52139914665; -0.0371477573081; 0.0274320778256
23932.1235623868; -0.0357863278982; 0.0274010196354
23935.72572562695; -0.0344777847903; 0.0273246746224
23939.3278888671; -0.0332222836053; 0.0272064122053
23942.93005210725; -0.032017783484; 0.0270553611102
23946.5322153474; -0.0308624309779; 0.0268709285303
23950.13437858755; -0.0297571469177; 0.0266613785067
23953.7365418277; -0.0286978395664; 0.0264268752366
23957.33870506785; -0.0276841683977; 0.0261721514915
23960.940868308; -0.0267136206164; 0.0258990075688
23964.54303154815; -0.0257840023635; 0.0256089036558
23968.1451947883; -0.0248945236583; 0.0253063152714
23971.74735802845; -0.0240428353661; 0.0249913474533
23975.3495212686; -0.023228268204; 0.0246684551025
23978.95168450875; -0.0224477983465; 0.0243389010435
23982.5538477489; -0.0217003628123; 0.0240034784194
23986.15601098905; -0.0209882170061; 0.0236638372602
23989.7581742292; -0.0203065642028; 0.0233228393181
23993.36033746935; -0.0196531043866; 0.0229793040528
23996.9625007095; -0.0190287010186; 0.0226345705864
24000.56466394965; -0.0184313166903; 0.0222894945181
24004.1668271898; -0.0178596154124; 0.021946170929
24007.76899042995; -0.0173108592873; 0.0216043657611
24011.3711536701; -0.016787209063; 0.0212636096246
24014.97331691025; -0.0162827313163; 0.0209240660253
24018.5754801504; -0.0158001886544; 0.020588338104
24022.17764339055; -0.0153376102666; 0.0202556382112
24025.7798066307; -0.014891779528; 0.0199247868174
24029.38196987085; -0.0144657603042; 0.0195971504155
24032.984133111; -0.0140548263115; 0.0192722098237
24036.58629635115; -0.0136609414996; 0.0189525468628
24040.1884595913; -0.0132820588907; 0.0186361153568
24043.79062283145; -0.0129194892982; 0.0183247756073
24047.3927860716; -0.0125693844453; 0.0180161287442
24050.99494931175; -0.0122323078151; 0.0177122496148
24054.5971125519; -0.0119087895014; 0.0174124159022
24058.19927579205; -0.0115969183938; 0.0171182845992
24061.8014390322; -0.0112971128745; 0.0168270277075
24065.40360227235; -0.011008372155; 0.0165418523331
24069.0057655125; -0.0107312606154; 0.0162619486282
24072.60792875265; -0.010462059026; 0.0159846960436
24076.2100919928; -0.0102043960039; 0.0157122270763
24079.81225523295; -0.00995562982986; 0.0154444963954
24083.4144184731; -0.00971572124492; 0.0151812799971
24087.01658171325; -0.00948442089753; 0.0149218510733
24090.6187449534; -0.0092606941618; 0.0146677938804
24094.22090819355; -0.00904484946027; 0.0144171855994
24097.8230714337; -0.00883552601248; 0.0141706088381
24101.42523467385; -0.00863334950423; 0.0139297991978
24105.027397914; -0.00843921179527; 0.0136898174217
24108.62956115415; -0.00824971344644; 0.0134553137505
24112.2317243943; -0.00806807603986; 0.0132248660024
24115.83388763445; -0.007891379406; 0.0129983000433
24119.4360508746; -0.00772084332756; 0.0127747552408
24123.03821411475; -0.00755440655018; 0.0125554484995
24126.6403773549; -0.00739408163862; 0.012339116983
24130.24254059505; -0.00723796334327; 0.0121260783748
24133.8447038352; -0.00708857396085; 0.0119177995409
24137.44686707535; -0.0069416685593; 0.0117119440171
24141.0490303155; -0.00680118820294; 0.0115096841502
24144.65119355565; -0.006662961159; 0.0113098602044
24148.2533567958; -0.00652940050081; 0.0111142159067
24151.85552003596; -0.00640063022714; 0.0109211358056
24155.4576832761; -0.00627511228951; 0.0107315420465
24159.05984651625; -0.00615279115812; 0.0105448556014
24162.6620097564; -0.00603541205772; 0.0103622689439
24166.26417299655; -0.00592007535767; 0.010180309194
24169.8663362367; -0.0058070713335; 0.0100029326576
24173.46849947685; -0.00569905255189; 0.0098274574213
24177.070662717; -0.00559410584314; 0.00965587020083
24180.67282595715; -0.00549141859318; 0.00948610332235
24184.2749891973; -0.00539167995017; 0.00931934551661
24187.87715243745; -0.00529364307745; 0.00915633953815
24191.4793156776; -0.00519938268543; 0.00899467055188
24195.08147891775; -0.00510794750257; 0.008836142707
24198.6836421579; -0.00501806967; 0.00867898747411
24202.28580539805; -0.0049315737726; 0.00852591476542
24205.88796863821; -0.00484571206937; 0.00837329787393
24209.49013187836; -0.00476345957028; 0.00822426160828
24213.09229511851; -0.00468328101975; 0.00807739396363
24216.69445835866; -0.00460489956625; 0.00793270193585
24220.29662159881; -0.00452846648441; 0.00778935374733
24223.89878483896; -0.00445267905904; 0.00764945368507
24227.50094807911; -0.00437970637647; 0.00751192198401
24231.10311131925; -0.00430906502573; 0.00737601553453
24234.7052745594; -0.0042406951558; 0.00724145948145
24238.30743779955; -0.00417343468622; 0.00710813902264
24241.9096010397; -0.00410813209725; 0.00697891014819
24245.51176427985; -0.00404306349277; 0.00684997539991
24249.11392752; -0.00398113259117; 0.00672363226107
24252.71609076015; -0.00392098000219; 0.00659877657836
24256.3182540003; -0.00386171550091; 0.00647622777743
24259.92041724046; -0.00380144148242; 0.00635471662518
24263.52258048061; -0.00374535854653; 0.00623532419792
24267.12474372076; -0.00369026231663; 0.00611775716859
24270.72690696091; -0.00363589163379; 0.00600223343337
24274.32907020106; -0.00358274645583; 0.00588724815109
24277.93123344121; -0.00353161762777; 0.00577374990112
24281.53339668136; -0.00348037643344; 0.00566415835433
24285.13555992151; -0.00343145302575; 0.00555507447113
24288.73772316166; -0.00338389419966; 0.00544644057489
24292.33988640181; -0.0033353028997; 0.00533974003773
24295.94204964196; -0.00328946307663; 0.00523340011761
24299.54421288211; -0.00324375358171; 0.00512935681471
24303.14637612225; -0.00319978725601; 0.00502650266997
24306.7485393624; -0.00315652643532; 0.00492522622328
24310.35070260255; -0.00311384868573; 0.00482601249561
24313.9528658427; -0.00307140805542; 0.00472681713548
24317.55502908285; -0.00303122158045; 0.00462939304932
24321.15719232301; -0.00299158055667; 0.00453232251319
24324.75935556316; -0.00295218556524; 0.00443787371435
24328.36151880331; -0.002914730521; 0.00434405776115
24331.96368204346; -0.0028769534179; 0.00425120408977
24335.56584528361; -0.00284050439305; 0.00416066022214
24339.16800852376; -0.00280427783022; 0.00407004510248
24342.77017176391; -0.00276890213003; 0.0039806741489
24346.37233500406; -0.00273394634528; 0.00389138028678
24349.97449824421; -0.00270041662278; 0.00380364537188
24353.57666148436; -0.00266774007445; 0.00371813068628
24357.17882472451; -0.00263522579213; 0.00363218529106
24360.78098796466; -0.00260231180339; 0.00354869579172
24364.38315120481; -0.00257222199677; 0.00346592759593
24367.98531444496; -0.00254092609664; 0.00338367070538
24371.58747768511; -0.00251147555196; 0.00330236666094
24375.18964092526; -0.00248129162653; 0.00322171409263
24378.79180416541; -0.0024524952957; 0.00314222171072
24382.39396740556; -0.00242274212166; 0.00306382463633
24385.99613064571; -0.00239508203977; 0.00298628650741
24389.59829388586; -0.00236750968776; 0.00290927067373
24393.20045712601; -0.00234108814522; 0.00283304654278
24396.80262036616; -0.00231371466079; 0.00275845952727
24400.40478360631; -0.00228839999722; 0.00268384410516
24404.00694684646; -0.00226446431096; 0.00261014564604
24407.60911008661; -0.00223768616416; 0.00253793882313
24411.21127332676; -0.00221337467983; 0.0024658640117
24414.81343656691; -0.00219002886921; 0.00239379433815
24418.41559980706; -0.00216593754309; 0.0023235943357
24422.01776304721; -0.00214342543859; 0.00225357447722
24425.61992628736; -0.00212003272278; 0.00218476976331
24429.22208952751; -0.00209812102642; 0.0021166070304
24432.82425276766; -0.0020761754182; 0.00204904967966
24436.42641600781; -0.00205586088247; 0.00198239072344
24440.02857924796; -0.00203368914732; 0.00191605857895
24443.63074248811; -0.00201402413574; 0.00184979399422
24447.23290572826; -0.00199512752373; 0.00178526938438
24450.83506896841; -0.001975791274; 0.00172202567446
24454.43723220856; -0.00195728575099; 0.00165819280897
24458.03939544871; -0.00193974459618; 0.00159731184957
24461.64155868886; -0.00192250446124; 0.00153628450252
24465.24372192901; -0.00190558750021; 0.00147567266864
24468.84588516916; -0.00188871419185; 0.00141793798889
24472.44804840931; -0.00187131126601; 0.00136045913911
24476.05021164946; -0.00185455230723; 0.00130428203394
24479.65237488961; -0.00183588384413; 0.00124855792396
24483.25453812976; -0.00181683174543; 0.00119283614031
24486.85670136991; -0.00179709456954; 0.0011369291724
24490.45886461006; -0.00177846585177; 0.00108116962152
24494.06102785021; -0.00176141484336; 0.00102660516895
24497.66319109036; -0.00174278321656; 0.00097065402548
24501.26535433051; -0.00172534956078; 0.000916895487823
24504.86751757066; -0.00170728774694; 0.00086151365704
24508.46968081081; -0.00169082357524; 0.000807105228607
24512.07184405096; -0.00167467115084; 0.000753640223866
24515.67400729111; -0.00165817524069; 0.000700039499974
24519.27617053126; -0.00164194921929; 0.00064739220762
24522.87833377141; -0.00162710576263; 0.000594460847902
24526.48049701156; -0.00161122349936; 0.000542779052348
24530.08266025171; -0.0015965898651; 0.000492721687844
24533.68482349186; -0.00158197303801; 0.000441525388902
24537.28698673201; -0.00156761639915; 0.000390694228106
24540.88914997216; -0.00155236720046; 0.000340700436844
24544.49131321231; -0.00153882498353; 0.000291980521282
24548.09347645246; -0.00152630926591; 0.00024215120437
24551.69563969261; -0.00151199252416; 0.00019432296669
24555.29780293276; -0.00149915442393; 0.000145713758681
24558.89996617291; -0.00148613541651; 9.81492384933e-05
24562.50212941306; -0.00147321676294; 5.07467492189e-05
24566.10429265321; -0.00146112807188; 4.09305669884e-06
24569.70645589336; -0.00144798287265; -4.15289351135e-05
24573.30861913351; -0.0014361045663; -8.711163787e-05
24576.91078237366; -0.0014234737033; -0.000132284207266
24580.51294561381; -0.00141158530729; -0.000177173763305
24584.11510885396; -0.00139956586405; -0.000222959966401
24587.71727209411; -0.00138762174528; -0.000266791552612
24591.31943533426; -0.00137748771151; -0.000310655319732
24594.92159857441; -0.00136592990464; -0.000354503342512
24598.52376181456; -0.00135471478661; -0.000397197341818
24602.12592505471; -0.00134401609306; -0.000439430746705
24605.72808829486; -0.0013328740352; -0.000482301778437
24609.33025153501; -0.00132239633654; -0.000522980342606
24612.93241477516; -0.00131184123424; -0.000566498550405
24616.53457801531; -0.00130129171427; -0.000607011880114
24620.13674125546; -0.00129118727986; -0.000647338210826
24623.73890449561; -0.00128193447204; -0.000687555963631
24627.34106773576; -0.00127030025823; -0.000728485935487
24630.94323097591; -0.00126187311522; -0.000767624974862
24634.54539421606; -0.00125168457705; -0.000806640332003
24638.14755745621; -0.00124161436517; -0.000846991701912
24641.74972069636; -0.00123259668015; -0.000884956918939
24645.35188393651; -0.00122367530127; -0.000923682265348
24648.95404717666; -0.00121354341405; -0.000962645993046
24652.55621041681; -0.00120535875908; -0.0010005491619
24656.15837365696; -0.00119566909402; -0.00103888659053
24659.76053689711; -0.00118643323436; -0.00107644817925
24663.36270013726; -0.00117758215582; -0.00111309970974
24666.96486337741; -0.00116950534003; -0.00115008209305
24670.56702661756; -0.0011606847495; -0.00118655940217
24674.16918985771; -0.00115279785069; -0.00122215970957
24677.77135309786; -0.00114480879411; -0.00125821699323
24681.37351633801; -0.00113598885167; -0.00129427131565
24684.97567957816; -0.00112797407151; -0.00132906148937
24688.57784281831; -0.00112062494572; -0.00136403218376
24692.18000605846; -0.0011115773166; -0.00139841827117
24695.78216929861; -0.00110536928909; -0.00143352448119
24699.38433253876; -0.00109629831915; -0.00146852421436
24702.98649577891; -0.00108903152677; -0.00150200126286
24706.58865901906; -0.00108142416388; -0.00153518429818
24710.19082225921; -0.00107369429709; -0.00156940312157
24713.79298549936; -0.00106678252026; -0.00160341832949
24717.39514873951; -0.00105899027199; -0.0016364624543
24720.99731197966; -0.0010524812486; -0.00166823097744
24724.59947521981; -0.00104558257512; -0.00170144250142
24728.20163845996; -0.00103831233105; -0.00173315198238
24731.80380170011; -0.00103148369322; -0.0017649733992
24735.40596494026; -0.00102369921076; -0.00179698081409
24739.00812818041; -0.00101799762698; -0.00182821280855
24742.61029142056; -0.00101124856098; -0.00186064141095
24746.21245466071; -0.00100457564184; -0.00189032110646
24749.81461790086; -0.00099794597591; -0.00192150209296
24753.41678114101; -0.00099170379996; -0.00195280266688
24757.01894438116; -0.000984257642735; -0.00198190922504
24760.62110762131; -0.000979106733444; -0.00201316085924
24764.22327086146; -0.000971355665919; -0.00204276749221
24767.82543410161; -0.000965190447411; -0.00207160026089
24771.42759734176; -0.000959966260503; -0.00210209182115
24775.02976058191; -0.000952886241226; -0.00213128101171
24778.63192382206; -0.000947963944324; -0.00216022686399
24782.23408706221; -0.000941808487877; -0.0021891042809
24785.83625030236; -0.000935505420449; -0.002218196855
24789.43841354251; -0.000930523294654; -0.00224551386017
24793.04057678266; -0.000923541148235; -0.00227399279411
24796.64274002281; -0.000917774757934; -0.00230120343879
24800.24490326296; -0.000912960390223; -0.00233057336846
24803.84706650311; -0.000907511463326; -0.0023567524641
24807.44922974326; -0.000901740636449; -0.00238496891384
24811.05139298341; -0.00089618417434; -0.00241192223083
24814.65355622356; -0.000891202951625; -0.00243807554333
24818.25571946371; -0.000885535874087; -0.00246576899814
24821.85788270387; -0.00087985599567; -0.00249376613842
24825.46004594401; -0.000874505693535; -0.00251989003606
24829.06220918417; -0.000868907549035; -0.00254554204371
24832.66437242431; -0.000865338696798; -0.00257235767378
24836.26653566446; -0.000859598046376; -0.00259820080918
24839.86869890461; -0.000853848017679; -0.00262271809158
24843.47086214476; -0.000849633143337; -0.00264863873168
24847.07302538491; -0.000844067972801; -0.00267423574186
24850.67518862506; -0.000839622677548; -0.00269867360573
24854.27735186521; -0.000834903896029; -0.00272448142294
24857.87951510536; -0.000830241802392; -0.00274972309607
24861.48167834551; -0.000825096037944; -0.00277326370606
24865.08384158566; -0.000819817045771; -0.0027985477553
24868.68600482581; -0.000816137172191; -0.00282381721056
24872.28816806596; -0.000810825128974; -0.0028476266303
24875.89033130612; -0.000807203467595; -0.0028718570656
24879.49249454626; -0.000801895036945; -0.00289583480188
24883.09465778642; -0.000798183196165; -0.00291975230497
24886.69682102657; -0.000794388435306; -0.00294246483593
24890.29898426672; -0.000789501529449; -0.00296572139982
24893.90114750687; -0.000785078188203; -0.00298981862953
24897.50331074702; -0.00078054680252; -0.00301393940805
24901.10547398717; -0.000775758883079; -0.00303700973579
24904.70763722731; -0.000772414156924; -0.00305945766482
24908.30980046746; -0.000769325858357; -0.0030824125503
24911.91196370761; -0.000764430651975; -0.0031051463321
24915.51412694776; -0.000760340236759; -0.00312785942015
24919.11629018791; -0.000756111505294; -0.00315051469719
24922.71845342806; -0.000751721056083; -0.00317371330374
24926.32061666821; -0.000748922071046; -0.00319374300093
24929.92277990836; -0.000744102586092; -0.00321724959625
24933.52494314851; -0.000740532508903; -0.00323901624106
24937.12710638867; -0.000736482356686; -0.00326048936079
24940.72926962882; -0.000732500624553; -0.00328202112599
24944.33143286897; -0.000729590562973; -0.00330443801216
24947.93359610912; -0.000726213561424; -0.00332573254195
24951.53575934927; -0.000721627057432; -0.0033474597244
24955.13792258942; -0.000718330075763; -0.00336909285791
24958.74008582957; -0.000715168927124; -0.00339007382716
24962.34224906972; -0.000711790491389; -0.00341086173929
24965.94441230987; -0.000707937623256; -0.00343149635877
24969.54657555002; -0.000703889717052; -0.00345272369479
24973.14873879017; -0.000700483988398; -0.00347292830608
24976.75090203032; -0.000696574675434; -0.00349376132742
24980.35306527046; -0.000694358930697; -0.00351360702776
24983.95522851061; -0.000689611620742; -0.00353405804548
24987.55739175076; -0.000686905567609; -0.00355378999696
24991.15955499092; -0.000683866212246; -0.0035744395456
24994.76171823107; -0.000680489259804; -0.00359374554317
24998.36388147122; -0.000678064619747; -0.00361342163239
25001.96604471137; -0.000673659841111; -0.00363331501605
25005.56820795152; -0.000670596820813; -0.00365355919313
25009.17037119167; -0.000667879542715; -0.00367257927403
25012.77253443182; -0.000664963736188; -0.00369157889044
25016.37469767197; -0.00066098223517; -0.00371151748352
25019.97686091212; -0.00065866656476; -0.00372956481626
25023.57902415227; -0.000654842829146; -0.00374961487675
25027.18118739242; -0.000652381935122; -0.00376784722331
25030.78335063257; -0.000649077889442; -0.00378670736092
25034.38551387272; -0.000646669599675; -0.00380561116301
25037.98767711287; -0.000644184145965; -0.00382404332361
25041.58984035302; -0.000640498992279; -0.00384262540474
25045.19200359317; -0.00063741826384; -0.00386120377546
25048.79416683332; -0.000635297728846; -0.00387949495607
25052.39633007347; -0.000632572611709; -0.00389767093898
25055.99849331362; -0.000629535930152; -0.00391466975277
25059.60065655377; -0.000627101294806; -0.00393217033216
25063.20281979392; -0.000623781293934; -0.00395092225017
25066.80498303407; -0.000621261499955; -0.00396840995769
25070.40714627422; -0.000618378657694; -0.00398675610308
25074.00930951437; -0.00061665892515; -0.00400400024506
25077.61147275452; -0.000612854347653; -0.00402084307014
25081.21363599467; -0.00061067812806; -0.00403898887088
25084.81579923482; -0.000609083589886; -0.00405756622488
25088.41796247497; -0.000606067906296; -0.00407386079268
25092.02012571512; -0.000603806292852; -0.0040911234095
25095.62228895527; -0.000600975263287; -0.00410905872657
25099.22445219542; -0.000598746086361; -0.00412542336521
25102.82661543557; -0.00059556615046; -0.00414342570074
25106.42877867572; -0.000593247561079; -0.00415852798106
25110.03094191587; -0.000590644118863; -0.00417687955226
25113.63310515602; -0.000588993442935; -0.00419248213078
25117.23526839617; -0.000586047232689; -0.00420914841489
25120.83743163632; -0.000582967096647; -0.00422476205017
25124.43959487647; -0.000581559465472; -0.00424045210346
25128.04175811662; -0.000578407075362; -0.00425726522601
25131.64392135677; -0.000576716791241; -0.00427421229548
25135.24608459692; -0.000574531681587; -0.0042898678945
25138.84824783707; -0.000571579610524; -0.00430588430461
25142.45041107722; -0.000568472744497; -0.00432210789501
25146.05257431737; -0.000567383977718; -0.00433800912556
25149.65473755752; -0.000565054461125; -0.00435485788941
25153.25690079767; -0.000562999682478; -0.00436983351953
25156.85906403782; -0.000560928801192; -0.00438549286588
25160.46122727797; -0.000559176972153; -0.00440054512772
25164.06339051812; -0.000556123543718; -0.00441656807671
25167.66555375827; -0.000554357936252; -0.00443306848808
25171.26771699842; -0.000552489930709; -0.00444738316135
25174.86988023857; -0.000549501880431; -0.00446292397391
25178.47204347872; -0.000547747470952; -0.00447738067719
25182.07420671887; -0.000545739117603; -0.00449267812786
25185.67636995902; -0.000543171493853; -0.00450771085575
25189.27853319917; -0.000541372081699; -0.00452194055115
25192.88069643932; -0.000539100222456; -0.00453796264554
25196.48285967947; -0.000536632633658; -0.00455390567696
25200.08502291962; -0.00053542597982; -0.00456706231512
25203.68718615977; -0.000533146676883; -0.00458256242184
25207.28934939992; -0.000530426833512; -0.00459702654047
25210.89151264007; -0.000528702919253; -0.00461271992884
25214.49367588022; -0.000527899419924; -0.00462619179023
25218.09583912037; -0.000525718428581; -0.0046409018824
25221.69800236052; -0.000523394108673; -0.00465499292638
25225.30016560067; -0.000520660778162; -0.0046700764985
25228.90232884082; -0.000518907098954; -0.0046837563009
25232.50449208097; -0.000517990254196; -0.0046978581152
25236.10665532112; -0.000515975169772; -0.00471206049368
25239.70881856127; -0.000514428904206; -0.00472671644808
25243.31098180142; -0.000512127890935; -0.0047403958861
25246.91314504157; -0.000510996468319; -0.00475442372147
25250.51530828172; -0.000507901828304; -0.00476881273084
25254.11747152187; -0.000506650461711; -0.00478178848207
25257.71963476202; -0.000504508681597; -0.00479547985978
25261.32179800217; -0.000502622321062; -0.00480879115079
25264.92396124232; -0.000501203169035; -0.00482282576921
25268.52612448247; -0.000499586479927; -0.00483564186358
25272.12828772262; -0.000496737896007; -0.0048489894527
25275.73045096277; -0.000495736576764; -0.00486279613815
25279.33261420292; -0.000495098806698; -0.00487605428908
25282.93477744307; -0.000491598639351; -0.00488900491309
25286.53694068322; -0.000491521440226; -0.00490270491133
25290.13910392337; -0.000489492273903; -0.00491591205467
25293.74126716352; -0.000488310145063; -0.00492870945851
25297.34343040367; -0.000486692324495; -0.0049422598954
25300.94559364382; -0.000484178536169; -0.00495512615706
25304.54775688397; -0.000483892737985; -0.00496756237709
25308.14992012412; -0.000481495883785; -0.00498105753044
25311.75208336427; -0.000479420263694; -0.00499390665609
25315.35424660442; -0.000478234530493; -0.00500720239385
25318.95640984457; -0.000476606640911; -0.00501911955687
25322.55857308472; -0.000475083689069; -0.00503202512226
25326.16073632487; -0.000473146668434; -0.00504393215136
25329.76289956502; -0.000471257667536; -0.00505758311478
25333.36506280517; -0.000470499388074; -0.00506928271955
25336.96722604532; -0.000469053377885; -0.00508176007842
25340.56938928547; -0.000467517990424; -0.00509436780449
25344.17155252562; -0.000466019795567; -0.00510682585929
25347.77371576577; -0.000464219150132; -0.00511923861019
25351.37587900592; -0.000462873113729; -0.00513143260238
25354.97804224607; -0.000461265557734; -0.00514398985906
25358.58020548622; -0.000460150652994; -0.00515510758921
25362.18236872637; -0.000458455753645; -0.00516806666368
25365.78453196652; -0.000457282892932; -0.00518026208397
25369.38669520667; -0.000454477074502; -0.00519222613203
25372.98885844682; -0.000453183317501; -0.00520123812892
25376.59102168697; -0.00045137103348; -0.00521207679035
25380.19318492712; -0.000449180813171; -0.00522476439805
25383.79534816727; -0.000448648541664; -0.00523573327163
25387.39751140742; -0.000446346801231; -0.00524767229852
25390.99967464757; -0.000445825386321; -0.00525924493522
25394.60183788772; -0.000444908796548; -0.00527107309579
25398.20400112787; -0.000442988571651; -0.00528226268517
25401.80616436802; -0.000441341474597; -0.00529387123245
25405.40832760817; -0.000440445918098; -0.00530604522599
25409.01049084832; -0.000438682669405; -0.00531683920214
25412.61265408847; -0.000438120062309; -0.00532919060405
25416.21481732862; -0.000435976004978; -0.00534001046604
25419.81698056877; -0.00043478606184; -0.00535199524614
25423.41914380892; -0.000433698064991; -0.00536232346724
25427.02130704907; -0.000431724658357; -0.00537426194686
25430.62347028922; -0.000431311187681; -0.0053854157629
25434.22563352937; -0.000429981702473; -0.00539606818992
25437.82779676952; -0.000428411096776; -0.0054068213026
25441.42996000967; -0.000427421181895; -0.00541913828542
25445.03212324982; -0.000426247525766; -0.00543001591863
25448.63428648997; -0.000425132219962; -0.00543954445015
25452.23644973012; -0.000424334517921; -0.00545170962622
25455.83861297027; -0.000422214993421; -0.00546267303882
25459.44077621042; -0.000422078017619; -0.00547318067524
25463.04293945057; -0.000420384266762; -0.00548419317562
25466.64510269072; -0.000418666276351; -0.00549525649138
25470.24726593087; -0.000417592192321; -0.00550637491837
25473.84942917102; -0.000416477432417; -0.00551601358866
25477.45159241117; -0.00041539121363; -0.00552737874967
25481.05375565132; -0.00041466362818; -0.00553834574487
25484.65591889147; -0.000412772404268; -0.0055467259117
25488.25808213162; -0.000412803191771; -0.00555778356619
25491.86024537177; -0.000410359660146; -0.00556758670411
25495.46240861192; -0.00040891928028; -0.00557901760307
25499.06457185208; -0.000407895435394; -0.00558856307852
25502.66673509223; -0.000407394479139; -0.00559925579104
25506.26889833238; -0.000405183812732; -0.00561013903705
25509.87106157252; -0.000404985262795; -0.00562030817729
25513.47322481267; -0.000404012060355; -0.00563036518648
25517.07538805282; -0.000403351357242; -0.00564084004524
25520.67755129297; -0.000401403731141; -0.00565073348515
25524.27971453312; -0.000401592467548; -0.00566069758942
25527.88187777327; -0.000399858785633; -0.00567077380509
25531.48404101342; -0.000400294562399; -0.0056818733553
25535.08620425357; -0.000398550629835; -0.00569003763168
25538.68836749372; -0.000397598661824; -0.00570065870827
25542.29053073387; -0.000395066943067; -0.00571123328023
25545.89269397402; -0.000394604516257; -0.00572099512142
25549.49485721417; -0.000393895895973; -0.00573159393381
25553.09702045433; -0.000392686212144; -0.00574083345091
25556.69918369448; -0.000391290433639; -0.00575134653354
25560.30134693463; -0.000391045977202; -0.00576055513086
25563.90351017478; -0.000390153465986; -0.00577166096707
25567.50567341493; -0.000388419692818; -0.00577981851101
25571.10783665508; -0.00038755328786; -0.00578966345515
25574.70999989523; -0.000387347214788; -0.00580018569861
25578.31216313538; -0.000386221069046; -0.00581000565055
25581.91432637552; -0.000384128125841; -0.00581969554238
25585.51648961567; -0.000384253921435; -0.00582983367519
25589.11865285582; -0.000382490855994; -0.00583778338577
25592.72081609597; -0.000381699157368; -0.00584825217361
25596.32297933612; -0.000381554664149; -0.00585788311427
25599.92514257627; -0.000379019630828; -0.00586653188659
25603.52730581642; -0.000379168528175; -0.00587681570885
25607.12946905658; -0.000378421175925; -0.0058854460251
25610.73163229672; -0.000376707893985; -0.00589499047028
25614.33379553688; -0.000375877805653; -0.00590419720513
25617.93595877703; -0.00037526212809; -0.00591316443568
25621.53812201718; -0.000374675242278; -0.00592298682708
25625.14028525733; -0.000372963454447; -0.00593169164553
25628.74244849748; -0.000373206172232; -0.00593992256269
25632.34461173763; -0.000371491066106; -0.00594979573403
25635.94677497778; -0.000370942948935; -0.00595853176417
25639.54893821793; -0.000370635344439; -0.0059687586085
25643.15110145808; -0.000368848228041; -0.00597621944798
25646.75326469823; -0.000367789714798; -0.00598632941476
25650.35542793838; -0.000367643293211; -0.00599504680819
25653.95759117853; -0.000366214916694; -0.0060044837889
25657.55975441867; -0.000365614758696; -0.00601422699239
25661.16191765882; -0.000365030945393; -0.00602204979804
25664.76408089897; -0.000364224116829; -0.00603205275959
25668.36624413913; -0.00036339311858; -0.00603978969425
25671.96840737928; -0.000362443266167; -0.00604830783383
25675.57057061943; -0.000362129967695; -0.00605830019687
25679.17273385958; -0.000359860920256; -0.00606646784326
25682.77489709973; -0.000359403213602; -0.00607459898729
25686.37706033988; -0.000359149448882; -0.00608355280803
25689.97922358003; -0.000357792694128; -0.00609251535448
25693.58138682018; -0.000357002248053; -0.00610064476794
25697.18355006033; -0.000356561959993; -0.00611000745643
25700.78571330048; -0.000355698834293; -0.00611930805784
25704.38787654063; -0.000354862176878; -0.00612722466927
25707.99003978078; -0.000354034584199; -0.00613550502841
25711.59220302093; -0.000353302825611; -0.0061445442149
25715.19436626108; -0.000352429014879; -0.00615195397382
25718.79652950123; -0.000352217678858; -0.00616030361896
25722.39869274138; -0.000351092914215; -0.00616890857949
25726.00085598153; -0.000350526479226; -0.00617700845426
25729.60301922168; -0.000348874900093; -0.00618506257334
25733.20518246183; -0.000348562631883; -0.00619293789908
25736.80734570198; -0.000347800766335; -0.00620206445255
25740.40950894213; -0.000347362184105; -0.00620934018796
25744.01167218228; -0.000346340667658; -0.00621780881394
25747.61383542243; -0.00034506296568; -0.00622578957372
25751.21599866258; -0.000344230392512; -0.00623506397675
25754.81816190273; -0.000344162528648; -0.00624182821993
25758.42032514288; -0.000343479276271; -0.00625030449039
25762.02248838303; -0.000342159706537; -0.00625824931223
25765.62465162318; -0.000342417519078; -0.00626673161544
25769.22681486333; -0.000340742086786; -0.0062744535047
25772.82897810348; -0.000340694448596; -0.00628339681396
25776.43114134363; -0.000340145316207; -0.00629019211343
25780.03330458378; -0.00033891259925; -0.00629930304017
25783.63546782393; -0.000337729229546; -0.00630700371973
25787.23763106408; -0.000337924545728; -0.00631607288874
25790.83979430423; -0.000337626805113; -0.00632329924308
25794.44195754438; -0.000336343835213; -0.00633131830641
25798.04412078453; -0.000336184716805; -0.0063387581841
25801.64628402468; -0.000334646798136; -0.00634727071549
25805.24844726483; -0.000334081575167; -0.00635458718284
25808.85061050498; -0.000332342366615; -0.00636279153237
25812.45277374513; -0.000332668669357; -0.00637079732364
25816.05493698528; -0.000331991560009; -0.00637901158008
25819.65710022543; -0.000330682351944; -0.00638637637212
25823.25926346558; -0.000330642390178; -0.00639507642802
25826.86142670573; -0.000330189115999; -0.00640246624298
25830.46358994588; -0.000329359529558; -0.00640943807696
25834.06575318603; -0.000328710014983; -0.00641714389168
25837.66791642618; -0.000328425113165; -0.00642537641235
25841.27007966633; -0.000327306264041; -0.00643282928324
25844.87224290648; -0.000326694109905; -0.00644059120003
25848.47440614663; -0.000326156985589; -0.00644799241413
25852.07656938678; -0.000324939454764; -0.00645570116012
25855.67873262693; -0.000324371277642; -0.00646380832704
25859.28089586708; -0.000323466696315; -0.00647150224333
25862.88305910723; -0.000324299574571; -0.00647786975973
25866.48522234738; -0.000323672032651; -0.0064864651872
25870.08738558753; -0.000322469221252; -0.00649340860514
25873.68954882768; -0.000320674184384; -0.00650059911925
25877.29171206783; -0.000320898646014; -0.00650873886541
25880.89387530798; -0.000320096949239; -0.00651490520555
25884.49603854813; -0.000319562738797; -0.00652190619468
25888.09820178828; -0.000319184328218; -0.00653011561111
25891.70036502843; -0.000317919148138; -0.00653706849833
25895.30252826858; -0.0003181302886; -0.00654408175748
25898.90469150873; -0.000317227691711; -0.00655136771233
25902.50685474888; -0.000316831777875; -0.00655872354768
25906.10901798903; -0.000315664659624; -0.00656642905071
25909.71118122918; -0.000315898518428; -0.00657409844126
25913.31334446933; -0.000314394801036; -0.00657999234467
25916.91550770948; -0.00031438821778; -0.00658721285908
25920.51767094963; -0.000313266370493; -0.00659431290785
25924.11983418978; -0.000312993769403; -0.00660203575352
25927.72199742993; -0.000313187580784; -0.00660892544518
25931.32416067008; -0.000311588744652; -0.00661538804277
25934.92632391023; -0.000311854235855; -0.00662290377031
25938.52848715038; -0.000310623988194; -0.00663010403468
25942.13065039053; -0.000310070539324; -0.00663714277375
