% Module: Sweep, ID: c0p1t8p1cfm0
% Devices: DEV646
% Time: 2025/12/02 16:50:22
% Demod 1 Sample R, /dev646/demods/0/sample.R
% Frequency (Hz); Demod 1 Sample R  Amplitude (V)
% Demod 1 Sample X, /dev646/demods/0/sample.X
% Demod 1 Sample Y, /dev646/demods/0/sample.Y
% Frequency (Hz); Demod 1 Sample X  Amplitude (V); Demod 1 Sample Y  Amplitude (V)
22500; 0.0137250585229
22503.003003003; 0.0137387335042
22506.00600600601; 0.0137489532241
22509.00900900901; 0.0137180294257
22512.01201201201; 0.013725996909
22515.01501501501; 0.0137090714521
22518.01801801802; 0.0137142873112
22521.02102102102; 0.0137252316663
22524.02402402402; 0.013742294217
22527.02702702703; 0.0137684951132
22530.03003003003; 0.0137824212138
22533.03303303303; 0.0137822203659
22536.03603603604; 0.0137843851226
22539.03903903904; 0.0138105415406
22542.04204204204; 0.0138230362479
22545.04504504504; 0.0138359829732
22548.04804804805; 0.0138654368009
22551.05105105105; 0.0138828202496
22554.05405405405; 0.0138951420288
22557.05705705706; 0.0139022542235
22560.06006006006; 0.0139248309461
22563.06306306306; 0.0139428904847
22566.06606606607; 0.0139596146488
22569.06906906907; 0.0139706894622
22572.07207207207; 0.0139787308008
22575.07507507507; 0.0140065501668
22578.07807807808; 0.0140896773946
22581.08108108108; 0.0140791594436
22584.08408408408; 0.0140850841146
22587.08708708709; 0.0140954226279
22590.09009009009; 0.0141088899541
22593.09309309309; 0.0141214913321
22596.09609609609; 0.0141350586911
22599.0990990991; 0.0141485111077
22602.1021021021; 0.0141630400907
22605.1051051051; 0.01417688022
22608.10810810811; 0.0141919687162
22611.11111111111; 0.0142057224944
22614.11411411411; 0.0142202505083
22617.11711711712; 0.0142351372154
22620.12012012012; 0.0142502935242
22623.12312312312; 0.0142639681789
22626.12612612613; 0.0142794244113
22629.12912912913; 0.0142934338108
22632.13213213213; 0.01430856529
22635.13513513514; 0.0143231691396
22638.13813813814; 0.0143399875408
22641.14114114114; 0.014354602355
22644.14414414415; 0.0143699213979
22647.14714714715; 0.0143850631759
22650.15015015015; 0.0143999643393
22653.15315315315; 0.0144163885292
22656.15615615616; 0.0144312898559
22659.15915915916; 0.0144478032187
22662.16216216216; 0.0144629977112
22665.16516516517; 0.01447862179
22668.16816816817; 0.0144938250923
22671.17117117117; 0.014509685973
22674.17417417418; 0.0145260243269
22677.17717717718; 0.0145419800348
22680.18018018018; 0.0145594015119
22683.18318318318; 0.014575217018
22686.18618618619; 0.014590408317
22689.18918918919; 0.0146070603572
22692.19219219219; 0.0146241282309
22695.1951951952; 0.0146403823062
22698.1981981982; 0.0146571197374
22701.2012012012; 0.0146736756747
22704.2042042042; 0.0146907055949
22707.20720720721; 0.0147068809534
22710.21021021021; 0.0147240421514
22713.21321321321; 0.0147413978742
22716.21621621622; 0.0147589567401
22719.21921921922; 0.0147753751168
22722.22222222222; 0.0147932019463
22725.22522522523; 0.0148093023152
22728.22822822823; 0.0148270288883
22731.23123123123; 0.0148443973862
22734.23423423423; 0.0148620625219
22737.23723723724; 0.0148791835376
22740.24024024024; 0.0148978274215
22743.24324324324; 0.0149152257173
22746.24624624625; 0.0149326349092
22749.24924924925; 0.014950779597
22752.25225225225; 0.0149679516008
22755.25525525526; 0.0149876869657
22758.25825825826; 0.0150064020026
22761.26126126126; 0.0150243739657
22764.26426426426; 0.0150427064288
22767.26726726727; 0.0150607622558
22770.27027027027; 0.0150786034925
22773.27327327327; 0.0150986540914
22776.27627627628; 0.0151166718292
22779.27927927928; 0.0151348740789
22782.28228228228; 0.0151556128257
22785.28528528528; 0.0151736604946
22788.28828828829; 0.0151929296975
22791.29129129129; 0.0152116622297
22794.29429429429; 0.0152321114422
22797.2972972973; 0.0152512228265
22800.3003003003; 0.0152694498556
22803.3033033033; 0.0152894610637
22806.30630630631; 0.0153094498301
22809.30930930931; 0.0153294456467
22812.31231231231; 0.0153499085043
22815.31531531531; 0.0153694549756
22818.31831831832; 0.0153898110982
22821.32132132132; 0.0154111080842
22824.32432432432; 0.0154310016629
22827.32732732733; 0.0154516875528
22830.33033033033; 0.0154719224715
22833.33333333333; 0.015492767445
22836.33633633634; 0.0155137480034
22839.33933933934; 0.0155338084096
22842.34234234234; 0.0155555332521
22845.34534534534; 0.0155761132267
22848.34834834835; 0.0155981158926
22851.35135135135; 0.0156197456873
22854.35435435435; 0.0156413014567
22857.35735735736; 0.0156627798233
22860.36036036036; 0.0156852007722
22863.36336336336; 0.0157081518696
22866.36636636636; 0.0157286026413
22869.36936936937; 0.0157507298239
22872.37237237237; 0.0157734334838
22875.37537537538; 0.0157955399644
22878.37837837838; 0.0158183906276
22881.38138138138; 0.0158403318763
22884.38438438439; 0.0158630861171
22887.38738738739; 0.0158877649369
22890.39039039039; 0.0159096182241
22893.39339339339; 0.0159330226152
22896.3963963964; 0.0159561637018
22899.3993993994; 0.0159798969123
22902.4024024024; 0.0160034857939
22905.40540540541; 0.016026822069
22908.40840840841; 0.0160515749126
22911.41141141141; 0.0160741576618
22914.41441441442; 0.0160980479252
22917.41741741742; 0.0161222667692
22920.42042042042; 0.0161468043417
22923.42342342342; 0.0161720653279
22926.42642642643; 0.0161968395188
22929.42942942943; 0.0162214800267
22932.43243243243; 0.0162468210897
22935.43543543544; 0.0162715645742
22938.43843843844; 0.0162972157458
22941.44144144144; 0.0163226666948
22944.44444444445; 0.0163482645728
22947.44744744745; 0.01637402969
22950.45045045045; 0.0164005634855
22953.45345345345; 0.0164272245123
22956.45645645646; 0.0164535477891
22959.45945945946; 0.0164787992557
22962.46246246246; 0.0165055070331
22965.46546546547; 0.0165327823348
22968.46846846847; 0.0165584003419
22971.47147147147; 0.0165868043495
22974.47447447447; 0.0166139642272
22977.47747747748; 0.016640473763
22980.48048048048; 0.016668841065
22983.48348348348; 0.0166971135079
22986.48648648649; 0.0167246250075
22989.48948948949; 0.0167536023802
22992.49249249249; 0.0167819434072
22995.4954954955; 0.0168103228759
22998.4984984985; 0.0168405320847
23001.5015015015; 0.0168682686185
23004.5045045045; 0.0168974222259
23007.50750750751; 0.0169267259374
23010.51051051051; 0.0169569396865
23013.51351351351; 0.0169856064005
23016.51651651652; 0.0170161727862
23019.51951951952; 0.0170458674913
23022.52252252252; 0.0170768064364
23025.52552552553; 0.0171072403944
23028.52852852853; 0.0171377499121
23031.53153153153; 0.017168950676
23034.53453453453; 0.0171994501779
23037.53753753754; 0.017231284648
23040.54054054054; 0.017263582519
23043.54354354354; 0.0172958146005
23046.54654654655; 0.0173279337657
23049.54954954955; 0.0173599268978
23052.55255255255; 0.0173927596221
23055.55555555555; 0.0174250043792
23058.55855855856; 0.0174586418834
23061.56156156156; 0.0174916477443
23064.56456456456; 0.0175251791395
23067.56756756757; 0.0175586606393
23070.57057057057; 0.0175928500957
23073.57357357357; 0.0176274468421
23076.57657657658; 0.017661117526
23079.57957957958; 0.0176964833163
23082.58258258258; 0.0177321419539
23085.58558558558; 0.0177659875547
23088.58858858859; 0.0178017391624
23091.59159159159; 0.0178359131753
23094.59459459459; 0.0178740813171
23097.5975975976; 0.0179096089167
23100.6006006006; 0.017945498152
23103.6036036036; 0.0179823409785
23106.60660660661; 0.0180207892046
23109.60960960961; 0.0180576622312
23112.61261261261; 0.0180946610948
23115.61561561561; 0.0181331659087
23118.61861861862; 0.01817050269
23121.62162162162; 0.0182106186903
23124.62462462462; 0.0182490436292
23127.62762762763; 0.0182882030572
23130.63063063063; 0.018328166341
23133.63363363364; 0.018367868475
23136.63663663664; 0.0184078023448
23139.63963963964; 0.0184485475571
23142.64264264264; 0.0184892556491
23145.64564564565; 0.0185268149747
23148.64864864865; 0.0185682359044
23151.65165165165; 0.0186106055926
23154.65465465466; 0.0186512087725
23157.65765765766; 0.0186940870361
23160.66066066066; 0.0187375794886
23163.66366366366; 0.018780064123
23166.66666666667; 0.0188236203705
23169.66966966967; 0.0188678417647
23172.67267267267; 0.0189119277366
23175.67567567568; 0.0189562415288
23178.67867867868; 0.019001255279
23181.68168168168; 0.0190469127043
23184.68468468469; 0.019092941789
23187.68768768769; 0.0191382161088
23190.69069069069; 0.0191845308198
23193.69369369369; 0.0192324622216
23196.6966966967; 0.0192787369894
23199.6996996997; 0.0193268149708
23202.7027027027; 0.019374464877
23205.70570570571; 0.0194229001671
23208.70870870871; 0.0194724511136
23211.71171171171; 0.0195221953842
23214.71471471472; 0.0195719567905
23217.71771771772; 0.0196222917655
23220.72072072072; 0.0196741926047
23223.72372372372; 0.019723927356
23226.72672672673; 0.019777952268
23229.72972972973; 0.0198278692254
23232.73273273273; 0.0198812384304
23235.73573573574; 0.0199347023134
23238.73873873874; 0.0199877299946
23241.74174174174; 0.0200420708044
23244.74474474474; 0.0200970010303
23247.74774774775; 0.0201518937479
23250.75075075075; 0.0202076942408
23253.75375375375; 0.0202644795779
23256.75675675676; 0.0203203746012
23259.75975975976; 0.0203775424936
23262.76276276276; 0.0204350883133
23265.76576576577; 0.0204923264745
23268.76876876877; 0.0205520538558
23271.77177177177; 0.0206104151686
23274.77477477477; 0.0206711396308
23277.77777777778; 0.0207313380589
23280.78078078078; 0.0207928274305
23283.78378378378; 0.0208544625985
23286.78678678679; 0.0209171067514
23289.78978978979; 0.0209794043872
23292.79279279279; 0.0210435528612
23295.7957957958; 0.0211081470707
23298.7987987988; 0.0211730696691
23301.8018018018; 0.0212373203948
23304.8048048048; 0.0213047964646
23307.80780780781; 0.0213707735238
23310.81081081081; 0.0214385605693
23313.81381381381; 0.021506552013
23316.81681681682; 0.0215755261896
23319.81981981982; 0.0216459315055
23322.82282282282; 0.0217170659913
23325.82582582582; 0.0217875458253
23328.82882882883; 0.0218589777737
23331.83183183183; 0.0219318173089
23334.83483483483; 0.0220062119164
23337.83783783784; 0.0220799030509
23340.84084084084; 0.0221549407213
23343.84384384384; 0.0222303673114
23346.84684684685; 0.0223075939616
23349.84984984985; 0.0223851573645
23352.85285285285; 0.0224637049473
23355.85585585585; 0.0225426274305
23358.85885885886; 0.0226227553023
23361.86186186186; 0.0227029476822
23364.86486486486; 0.0227860704165
23367.86786786787; 0.0228685685763
23370.87087087087; 0.0229533216001
23373.87387387387; 0.0230371892531
23376.87687687688; 0.023122728181
23379.87987987988; 0.0232092876658
23382.88288288288; 0.0232975158462
23385.88588588589; 0.0233869439807
23388.88888888889; 0.0234754761544
23391.89189189189; 0.0235665802995
23394.8948948949; 0.0236582530927
23397.8978978979; 0.0237515663946
23400.9009009009; 0.0238457825609
23403.90390390391; 0.0239416593047
23406.90690690691; 0.024037611182
23409.90990990991; 0.0241364996339
23412.91291291291; 0.0242361238605
23415.91591591592; 0.0243357160702
23418.91891891892; 0.024434934091
23421.92192192192; 0.0245385364965
23424.92492492493; 0.0246424873946
23427.92792792793; 0.0247478261088
23430.93093093093; 0.0248528573624
23433.93393393393; 0.0249619362382
23436.93693693694; 0.0250721232385
23439.93993993994; 0.0251818646583
23442.94294294294; 0.0252941425018
23445.94594594595; 0.0254069211827
23448.94894894895; 0.0255224253032
23451.95195195195; 0.0256402689905
23454.95495495496; 0.0257578227392
23457.95795795796; 0.0258779515514
23460.96096096096; 0.0259985418915
23463.96396396396; 0.0261230832674
23466.96696696697; 0.0262478677813
23469.96996996997; 0.0263742797813
23472.97297297297; 0.0265023632763
23475.97597597598; 0.0266331109615
23478.97897897898; 0.0267656719493
23481.98198198198; 0.0268990661518
23484.98498498499; 0.0270343315466
23487.98798798799; 0.0271734758371
23490.99099099099; 0.0273130780073
23493.99399399399; 0.0274554777277
23496.996996997; 0.0275978808683
23500; 0.0277446866567
23503.003003003; 0.0278929805788
23506.00600600601; 0.028043938696
23509.00900900901; 0.0281965891185
23512.01201201201; 0.0283530129187
23515.01501501501; 0.0285109498714
23518.01801801802; 0.0286704358681
23521.02102102102; 0.0288336244547
23524.02402402402; 0.0289989353008
23527.02702702703; 0.0291662268058
23530.03003003003; 0.0293369883314
23533.03303303303; 0.0295098320193
23536.03603603604; 0.0296871305061
23539.03903903904; 0.0298663483604
23542.04204204204; 0.0300481370222
23545.04504504504; 0.0302348631724
23548.04804804805; 0.0304229179757
23551.05105105105; 0.0306161546085
23554.05405405405; 0.0308108366643
23557.05705705706; 0.0310092925514
23560.06006006006; 0.0312110407215
23563.06306306306; 0.0314172774835
23566.06606606607; 0.0316271896672
23569.06906906907; 0.0318418379667
23572.07207207207; 0.0320591325684
23575.07507507507; 0.0322796303638
23578.07807807808; 0.0325053690518
23581.08108108108; 0.0327335733475
23584.08408408408; 0.0329677485822
23587.08708708709; 0.0332053779255
23590.09009009009; 0.0334489055752
23593.09309309309; 0.033695518603
23596.09609609609; 0.0339472324086
23599.0990990991; 0.0342032576337
23602.1021021021; 0.0344653242907
23605.1051051051; 0.0347323633073
23608.10810810811; 0.0350024622436
23611.11111111111; 0.0352811152654
23614.11411411411; 0.0355642442597
23617.11711711712; 0.0358523115666
23620.12012012012; 0.0361459126471
23623.12312312312; 0.03644703698
23626.12612612612; 0.036751833577
23629.12912912913; 0.03706552272
23632.13213213213; 0.0373847129606
23635.13513513513; 0.037709502908
23638.13813813814; 0.0380404479324
23641.14114114114; 0.0383804336891
23644.14414414415; 0.0387280251221
23647.14714714715; 0.0390831108364
23650.15015015015; 0.0394436028277
23653.15315315315; 0.0398112748022
23656.15615615616; 0.040191136067
23659.15915915916; 0.0405781116693
23662.16216216216; 0.0409741370341
23665.16516516517; 0.0413801479306
23668.16816816817; 0.0417928022977
23671.17117117117; 0.0422186608681
23674.17417417418; 0.0426524735231
23677.17717717718; 0.0430988392319
23680.18018018018; 0.0435534093016
23683.18318318318; 0.044019271909
23686.18618618619; 0.0444994713174
23689.18918918919; 0.0449889474691
23692.19219219219; 0.0454898359719
23695.1951951952; 0.0460035179485
23698.1981981982; 0.0465288744342
23701.2012012012; 0.0470672423518
23704.2042042042; 0.0476200784564
23707.20720720721; 0.0481848571213
23710.21021021021; 0.0487630269849
23713.21321321321; 0.0493583755086
23716.21621621622; 0.0499678429659
23719.21921921922; 0.0505911200421
23722.22222222222; 0.0512306358987
23725.22522522523; 0.05188864201
23728.22822822823; 0.0525623867065
23731.23123123123; 0.0532532882148
23734.23423423423; 0.0539610578467
23737.23723723724; 0.0546875936357
23740.24024024024; 0.055432102349
23743.24324324324; 0.0561961976542
23746.24624624625; 0.0569776331227
23749.24924924925; 0.0577743096722
23752.25225225225; 0.0585939712006
23755.25525525526; 0.0594280796854
23758.25825825826; 0.0602858541992
23761.26126126126; 0.0611602310157
23764.26426426426; 0.0620554854558
23767.26726726727; 0.0629704116966
23770.27027027027; 0.0639012635933
23773.27327327327; 0.0648528295731
23776.27627627628; 0.0658187676923
23779.27927927928; 0.0668030852425
23782.28228228228; 0.0678006673156
23785.28528528528; 0.0688129641538
23788.28828828829; 0.0698381381832
23791.29129129129; 0.0708723676732
23794.29429429429; 0.0719098444936
23797.2972972973; 0.0729555340856
23800.3003003003; 0.0740030535114
23803.3033033033; 0.0750499001701
23806.30630630631; 0.0760914236417
23809.30930930931; 0.0771244268756
23812.31231231231; 0.0781429977606
23815.31531531531; 0.0791405552487
23818.31831831832; 0.0801083587083
23821.32132132132; 0.0810466614763
23824.32432432432; 0.0819392831915
23827.32732732733; 0.082791593923
23830.33033033033; 0.0835865769015
23833.33333333333; 0.084319595604
23836.33633633634; 0.0849852585417
23839.33933933934; 0.0855725110527
23842.34234234234; 0.0860750382908
23845.34534534534; 0.0864846278945
23848.34834834835; 0.0867961204571
23851.35135135135; 0.0870021448903
23854.35435435435; 0.0870977513392
23857.35735735736; 0.087087073848
23860.36036036036; 0.0869604296195
23863.36336336336; 0.0867141494096
23866.36636636636; 0.0863533828662
23869.36936936937; 0.0858799695743
23872.37237237237; 0.0852937756049
23875.37537537538; 0.0846033791533
23878.37837837838; 0.0838084556318
23881.38138138138; 0.0829229498677
23884.38438438439; 0.0819472442241
23887.38738738739; 0.0808948029224
23890.39039039039; 0.0797693507188
23893.39339339339; 0.0785803349211
23896.3963963964; 0.0773379543865
23899.3993993994; 0.0760476249485
23902.4024024024; 0.0747219264037
23905.40540540541; 0.0733673228723
23908.40840840841; 0.0719902568733
23911.41141141141; 0.0705997506088
23914.41441441442; 0.0692015828285
23917.41741741742; 0.0677956859184
23920.42042042042; 0.0663940855995
23923.42342342342; 0.0649986131195
23926.42642642643; 0.0636127584613
23929.42942942943; 0.062240156339
23932.43243243243; 0.0608881723566
23935.43543543544; 0.0595565219162
23938.43843843844; 0.0582446210823
23941.44144144144; 0.0569585214486
23944.44444444445; 0.0556924707247
23947.44744744745; 0.0544523873487
23950.45045045045; 0.0532403265182
23953.45345345345; 0.0520575965969
23956.45645645646; 0.0509027912335
23959.45945945946; 0.0497757384235
23962.46246246246; 0.0486802776352
23965.46546546547; 0.0476112144046
23968.46846846847; 0.0465691978704
23971.47147147147; 0.0455545332788
23974.47447447447; 0.0445627574494
23977.47747747748; 0.0435987843783
23980.48048048048; 0.0426616878281
23983.48348348348; 0.041750732704
23986.48648648649; 0.040864657576
23989.48948948949; 0.0400031283022
23992.49249249249; 0.0391665234764
23995.4954954955; 0.0383535923128
23998.4984984985; 0.037560855475
24001.5015015015; 0.0367907922702
24004.5045045045; 0.036039981053
24007.50750750751; 0.0353084132174
24010.51051051051; 0.0345964212993
24013.51351351351; 0.0339029616532
24016.51651651652; 0.0332292597193
24019.51951951952; 0.0325722149906
24022.52252252252; 0.0319327085266
24025.52552552553; 0.0313111586864
24028.52852852853; 0.0307087431725
24031.53153153153; 0.0301197531727
24034.53453453453; 0.0295476167488
24037.53753753754; 0.0289904511643
24040.54054054054; 0.0284457029401
24043.54354354354; 0.0279169805518
24046.54654654655; 0.0274018242539
24049.54954954955; 0.0268982205215
24052.55255255255; 0.0264090468629
24055.55555555555; 0.0259311366415
24058.55855855856; 0.0254641841932
24061.56156156156; 0.0250082242646
24064.56456456456; 0.0245618804015
24067.56756756757; 0.0241269552957
24070.57057057057; 0.0237020631469
24073.57357357357; 0.0232873989501
24076.57657657658; 0.0228814067159
24079.57957957958; 0.0224851234892
24082.58258258258; 0.0220972304503
24085.58558558558; 0.0217209966348
24088.58858858859; 0.0213515858796
24091.59159159159; 0.0209895181707
24094.59459459459; 0.0206354659557
24097.5975975976; 0.0202904182376
24100.6006006006; 0.0199526294239
24103.6036036036; 0.0196216746486
24106.60660660661; 0.0192986940213
24109.60960960961; 0.0189811845159
24112.61261261261; 0.0186724896376
24115.61561561561; 0.0183706312827
24118.61861861862; 0.0180739523565
24121.62162162162; 0.0177842336735
24124.62462462462; 0.0174989904023
24127.62762762763; 0.0172191852523
24130.63063063063; 0.0169461120924
24133.63363363363; 0.016677671302
24136.63663663663; 0.0164139266759
24139.63963963964; 0.0161565193635
24142.64264264264; 0.0159017563804
24145.64564564565; 0.0156537166953
24148.64864864865; 0.015409147214
24151.65165165165; 0.0151709949317
24154.65465465466; 0.014935795305
24157.65765765766; 0.0147045050474
24160.66066066066; 0.0144782379847
24163.66366366366; 0.0142563492343
24166.66666666667; 0.0140383713204
24169.66966966967; 0.0138239779442
24172.67267267267; 0.0136128530278
24175.67567567568; 0.0134072348905
24178.67867867868; 0.0132032620316
24181.68168168168; 0.0130021119212
24184.68468468469; 0.0128064032908
24187.68768768769; 0.0126129424873
24190.69069069069; 0.0124220397727
24193.69369369369; 0.0122361120572
24196.6966966967; 0.0120525761837
24199.6996996997; 0.0118722274976
24202.7027027027; 0.0116940362492
24205.70570570571; 0.0115188689098
24208.70870870871; 0.0113471162181
24211.71171171171; 0.0111794304066
24214.71471471472; 0.0110124246816
24217.71771771772; 0.0108480326023
24220.72072072072; 0.0106867024056
24223.72372372372; 0.0105281325787
24226.72672672673; 0.0103713711701
24229.72972972973; 0.010217899493
24232.73273273273; 0.0100660030701
24235.73573573574; 0.00991712792376
24238.73873873874; 0.00976937708972
24241.74174174174; 0.00962506472862
24244.74474474474; 0.00948308094574
24247.74774774775; 0.00934250949509
24250.75075075075; 0.00920376764096
24253.75375375375; 0.00906958669907
24256.75675675676; 0.00893385642229
24259.75975975976; 0.00880225192192
24262.76276276276; 0.00867157093079
24265.76576576577; 0.00854244430595
24268.76876876877; 0.00841686677841
24271.77177177177; 0.0082931444404
24274.77477477477; 0.0081702767963
24277.77777777778; 0.00804908557044
24280.78078078078; 0.00792928248705
24283.78378378378; 0.00781199602423
24286.78678678679; 0.00769606960851
24289.78978978979; 0.00758213222643
24292.79279279279; 0.00746907039333
24295.7957957958; 0.0073577002573
24298.7987987988; 0.00724793679151
24301.8018018018; 0.00714052561168
24304.8048048048; 0.00703397673584
24307.80780780781; 0.00692756004407
24310.81081081081; 0.00682348939667
24313.81381381381; 0.00672190037036
24316.81681681682; 0.00662076891192
24319.81981981982; 0.00651968739719
24322.82282282282; 0.00642186168879
24325.82582582582; 0.00632399133485
24328.82882882883; 0.006228807331
24331.83183183183; 0.00613345256044
24334.83483483483; 0.0060403081663
24337.83783783784; 0.0059475409071
24340.84084084084; 0.00585664340168
24343.84384384384; 0.00576571187636
24346.84684684685; 0.00567621284705
24349.84984984985; 0.00558890286028
24352.85285285285; 0.00550220607203
24355.85585585585; 0.00541717227744
24358.85885885886; 0.00533122601728
24361.86186186186; 0.00524784461029
24364.86486486486; 0.00516604358124
24367.86786786787; 0.00508374138331
24370.87087087087; 0.00500404231851
24373.87387387387; 0.00492395049276
24376.87687687688; 0.0048442101413
24379.87987987988; 0.00476716071435
24382.88288288288; 0.00468987401904
24385.88588588589; 0.00461471056555
24388.88888888889; 0.00453900525245
24391.89189189189; 0.00446467682802
24394.8948948949; 0.00439156388149
24397.8978978979; 0.00431957133238
24400.9009009009; 0.00424846269607
24403.90390390391; 0.00417741427109
24406.90690690691; 0.00410822367338
24409.90990990991; 0.00403907990941
24412.91291291291; 0.00397097279465
24415.91591591592; 0.00390360239875
24418.91891891892; 0.00383589429636
24421.92192192192; 0.00377154244427
24424.92492492493; 0.00370642051104
24427.92792792793; 0.00364294119182
24430.93093093093; 0.00357952753199
24433.93393393393; 0.00351741248521
24436.93693693694; 0.00345463982404
24439.93993993994; 0.00339339636325
24442.94294294294; 0.00333351122736
24445.94594594595; 0.00327350743268
24448.94894894895; 0.00321611006645
24451.95195195195; 0.00315760548641
24454.95495495496; 0.00310103451348
24457.95795795796; 0.00304356642989
24460.96096096096; 0.00298747300436
24463.96396396396; 0.00293277484279
24466.96696696697; 0.00287835310393
24469.96996996997; 0.00282378286165
24472.97297297297; 0.00277161586366
24475.97597597598; 0.00271899928706
24478.97897897898; 0.00266769986987
24481.98198198198; 0.00261734761123
24484.98498498499; 0.00256756490154
24487.98798798799; 0.00251832660269
24490.99099099099; 0.00247039456971
24493.99399399399; 0.00242161420822
24496.996996997; 0.00237482582909
24500; 0.00232892259658
24503.003003003; 0.00228368546572
24506.00600600601; 0.00223837814716
24509.00900900901; 0.00219449694364
24512.01201201201; 0.00215114320978
24515.01501501501; 0.00210836041973
24518.01801801802; 0.00206759392023
24521.02102102102; 0.0020258196033
24524.02402402402; 0.00198619317244
24527.02702702703; 0.00194733391207
24530.03003003003; 0.00190860331507
24533.03303303303; 0.00186988842379
24536.03603603604; 0.00183395377204
24539.03903903904; 0.0017983672848
24542.04204204204; 0.00176277362652
24545.04504504504; 0.00172843361573
24548.04804804805; 0.00169536370949
24551.05105105105; 0.0016639790822
24554.05405405405; 0.00163138132252
24557.05705705706; 0.00160142533563
24560.06006006006; 0.00157185977607
24563.06306306306; 0.00154461172312
24566.06606606607; 0.00151648696342
24569.06906906907; 0.00149007414649
24572.07207207207; 0.00146618966285
24575.07507507507; 0.00144109895993
24578.07807807808; 0.00141827037865
24581.08108108108; 0.00139712838303
24584.08408408408; 0.00137599151903
24587.08708708709; 0.00135643243231
24590.09009009009; 0.0013386011119
24593.09309309309; 0.00132122783257
24596.09609609609; 0.0013054536772
24599.0990990991; 0.001290950741
24602.1021021021; 0.00127682088207
24605.1051051051; 0.00126496439488
24608.10810810811; 0.00125370051615
24611.11111111111; 0.00124561149477
24614.11411411411; 0.00123663798706
24617.11711711712; 0.0012295024318
24620.12012012012; 0.00122317849273
24623.12312312312; 0.00121915131665
24626.12612612612; 0.00121608661903
24629.12912912913; 0.00121279501944
24632.13213213213; 0.00121242912041
24635.13513513513; 0.00121169511417
24638.13813813814; 0.00121363929231
24641.14114114114; 0.00121625460062
24644.14414414414; 0.00121853588933
24647.14714714715; 0.00122590983223
24650.15015015015; 0.00123002751062
24653.15315315315; 0.00123732541067
24656.15615615616; 0.00124392895376
24659.15915915916; 0.00125233682709
24662.16216216216; 0.00126032958445
24665.16516516517; 0.0012718613278
24668.16816816817; 0.00128186041488
24671.17117117117; 0.00129408027632
24674.17417417418; 0.00130593102425
24677.17717717718; 0.00132000499777
24680.18018018018; 0.00133262184489
24683.18318318318; 0.00134668483268
24686.18618618619; 0.00136234140118
24689.18918918919; 0.00137706401995
24692.19219219219; 0.00139271607128
24695.1951951952; 0.00140911830216
24698.1981981982; 0.00142531354484
24701.2012012012; 0.00144365926067
24704.2042042042; 0.00146093796924
24707.20720720721; 0.00147813697215
24710.21021021021; 0.00149627732466
24713.21321321321; 0.00151365456751
24716.21621621622; 0.00153285536602
24719.21921921922; 0.00155193976551
24722.22222222222; 0.00157162403669
24725.22522522523; 0.0015910310904
24728.22822822823; 0.00161044669019
24731.23123123123; 0.00163004723906
24734.23423423423; 0.00165027758016
24737.23723723724; 0.00166992988976
24740.24024024024; 0.00169007751875
24743.24324324324; 0.00171061190348
24746.24624624625; 0.00173128152792
24749.24924924925; 0.00175222508955
24752.25225225225; 0.00177190823966
24755.25525525526; 0.00179418267851
24758.25825825826; 0.00181390436272
24761.26126126126; 0.00183336456357
24764.26426426426; 0.00185638093649
24767.26726726727; 0.0018763281332
24770.27027027027; 0.00189668668484
24773.27327327327; 0.00191895122869
24776.27627627628; 0.00193970892512
24779.27927927928; 0.00195998310923
24782.28228228228; 0.00198165033249
24785.28528528528; 0.00200274588728
24788.28828828829; 0.0020244937632
24791.29129129129; 0.00204488875196
24794.29429429429; 0.00206681699014
24797.2972972973; 0.00208734051309
24800.3003003003; 0.00210920416094
24803.3033033033; 0.00212907351015
24806.30630630631; 0.00215076037756
24809.30930930931; 0.0021708187182
24812.31231231231; 0.00219147092055
24815.31531531531; 0.00221302160418
24818.31831831832; 0.00223434794712
24821.32132132132; 0.0022544938713
24824.32432432432; 0.00227482122019
24827.32732732733; 0.00229661016428
24830.33033033033; 0.00231634554973
24833.33333333333; 0.00233723120725
24836.33633633634; 0.00235774217165
24839.33933933934; 0.00237710731836
24842.34234234234; 0.0023980365269
24845.34534534534; 0.00241863025873
24848.34834834835; 0.00243871216992
24851.35135135135; 0.00245859379926
24854.35435435435; 0.00247934795867
24857.35735735736; 0.00249913304345
24860.36036036036; 0.00251996713025
24863.36336336336; 0.0025389738161
24866.36636636636; 0.00255930143474
24869.36936936937; 0.00257949988367
24872.37237237237; 0.00259955480641
24875.37537537538; 0.00261826587895
24878.37837837838; 0.00263949730599
24881.38138138138; 0.00265746174928
24884.38438438439; 0.00267767427887
24887.38738738739; 0.00269730447487
24890.39039039039; 0.00271531197788
24893.39339339339; 0.00273455893146
24896.3963963964; 0.00275414739774
24899.3993993994; 0.00277376345699
24902.4024024024; 0.00279300078728
24905.40540540541; 0.00281115775352
24908.40840840841; 0.00283059347503
24911.41141141141; 0.00284845646194
24914.41441441442; 0.00286840574966
24917.41741741742; 0.00288642845204
24920.42042042042; 0.00290407505218
24923.42342342342; 0.00292367469108
24926.42642642643; 0.00294232950279
24929.42942942943; 0.00296087267756
24932.43243243243; 0.00297927079545
24935.43543543544; 0.00299740138664
24938.43843843844; 0.0030164888616
24941.44144144144; 0.00303387737383
24944.44444444445; 0.00305119366698
24947.44744744745; 0.00306950265945
24950.45045045045; 0.00308742179705
24953.45345345345; 0.00310523896382
24956.45645645646; 0.00312371822118
24959.45945945946; 0.00314142711004
24962.46246246246; 0.00315779594268
24965.46546546547; 0.00317604498352
24968.46846846847; 0.00319318841882
24971.47147147147; 0.00321034322853
24974.47447447447; 0.00322752584938
24977.47747747748; 0.00324444180615
24980.48048048048; 0.00326273446787
24983.48348348348; 0.00328033379448
24986.48648648649; 0.00329645052383
24989.48948948949; 0.00331340107673
24992.49249249249; 0.00333030416063
24995.4954954955; 0.00334739106613
24998.4984984985; 0.0033635081118
25001.5015015015; 0.00337945178219
25004.5045045045; 0.00339662550078
25007.50750750751; 0.00341316942526
25010.51051051051; 0.00342986872757
25013.51351351351; 0.00344560444648
25016.51651651652; 0.0034618400154
25019.51951951952; 0.00347914607
25022.52252252252; 0.00349484685238
25025.52552552553; 0.00351098930372
25028.52852852853; 0.00352665402755
25031.53153153153; 0.00354185101265
25034.53453453453; 0.00355827031729
25037.53753753754; 0.00357435787886
25040.54054054054; 0.00358978353472
25043.54354354354; 0.0036050799966
25046.54654654655; 0.00362054296565
25049.54954954955; 0.00363566535363
25052.55255255255; 0.00365109853028
25055.55555555555; 0.00366723282832
25058.55855855856; 0.00368249116666
25061.56156156156; 0.00369764697438
25064.56456456456; 0.00371288274818
25067.56756756757; 0.00372779213222
25070.57057057057; 0.00374283636757
25073.57357357357; 0.0037578013507
25076.57657657658; 0.00377286759384
25079.57957957958; 0.00378793612184
25082.58258258258; 0.00380350330352
25085.58558558558; 0.00381797146754
25088.58858858859; 0.00383264929681
25091.59159159159; 0.00384836279165
25094.59459459459; 0.00386198515851
25097.5975975976; 0.00387575792562
25100.6006006006; 0.00389045120481
25103.6036036036; 0.00390437013819
25106.60660660661; 0.00391879169831
25109.60960960961; 0.00393329322049
25112.61261261261; 0.00394698275632
25115.61561561561; 0.00396175913778
25118.61861861862; 0.00397617672789
25121.62162162162; 0.00398896226098
25124.62462462462; 0.00400358272633
25127.62762762763; 0.00401644355322
25130.63063063063; 0.00403027117368
25133.63363363363; 0.00404549780088
25136.63663663663; 0.00405930097742
25139.63963963964; 0.00407204316403
25142.64264264264; 0.0040868243132
25145.64564564564; 0.00409964029288
25148.64864864865; 0.0041129994001
25151.65165165165; 0.00412600704018
25154.65465465466; 0.00414012740859
25157.65765765766; 0.00415297790654
25160.66066066066; 0.00416697879697
25163.66366366366; 0.00417975632049
25166.66666666667; 0.00419297321705
25169.66966966967; 0.00420594510074
25172.67267267267; 0.00421925485948
25175.67567567568; 0.00423314861614
25178.67867867868; 0.0042449826551
25181.68168168168; 0.00425831376256
25184.68468468469; 0.0042704281234
25187.68768768769; 0.00428346044612
25190.69069069069; 0.00429698049674
25193.69369369369; 0.00430925221876
25196.6966966967; 0.00432286290799
25199.6996996997; 0.00433436157022
25202.7027027027; 0.00434809518529
25205.70570570571; 0.00436035800626
25208.70870870871; 0.00437280947714
25211.71171171171; 0.00438500101007
25214.71471471472; 0.00439711824649
25217.71771771772; 0.00441032908082
25220.72072072072; 0.00442236220212
25223.72372372372; 0.00443446409874
25226.72672672673; 0.00444674700103
25229.72972972973; 0.0044592102818
25232.73273273273; 0.00447080790314
25235.73573573574; 0.00448366470168
25238.73873873874; 0.00449524067953
25241.74174174174; 0.00450663440156
25244.74474474474; 0.0045192577871
25247.74774774775; 0.00453096098751
25250.75075075075; 0.00454415706983
25253.75375375375; 0.00455419050251
25256.75675675676; 0.00456684452353
25259.75975975976; 0.00457852595891
25262.76276276276; 0.00459058513637
25265.76576576577; 0.00460124646607
25268.76876876877; 0.0046128406745
25271.77177177177; 0.0046239354196
25274.77477477477; 0.0046368080539
25277.77777777778; 0.00464673875373
25280.78078078078; 0.00466074304974
25283.78378378378; 0.00467034372125
25286.78678678679; 0.00468231184421
25289.78978978979; 0.00469364547116
25292.79279279279; 0.00470465458724
25295.7957957958; 0.00471506853076
25298.7987987988; 0.00472654701487
25301.8018018018; 0.00473787385778
25304.8048048048; 0.00474965588172
25307.80780780781; 0.00476051612849
25310.81081081081; 0.00477174207048
25313.81381381381; 0.00478292861611
25316.81681681682; 0.00479401993615
25319.81981981982; 0.00480440548524
25322.82282282282; 0.00481588907099
25325.82582582582; 0.00482573569446
25328.82882882883; 0.00483622171561
25331.83183183183; 0.00484729421163
25334.83483483483; 0.00485712219627
25337.83783783784; 0.00486959136637
25340.84084084084; 0.00487917853466
25343.84384384384; 0.00489043406176
25346.84684684685; 0.00490013088708
25349.84984984985; 0.00491097715332
25352.85285285285; 0.00492282067461
25355.85585585585; 0.00493284793307
25358.85885885886; 0.00494371126458
25361.86186186186; 0.00495318871907
25364.86486486486; 0.00496414087844
25367.86786786787; 0.00497364791774
25370.87087087087; 0.00498420572998
25373.87387387388; 0.00499391946575
25376.87687687688; 0.00500482314841
25379.87987987988; 0.00501448990838
25382.88288288288; 0.00502575046444
25385.88588588589; 0.00503513680579
25388.88888888889; 0.0050453119855
25391.89189189189; 0.00505522004758
25394.8948948949; 0.00506495882164
25397.8978978979; 0.00507531744697
25400.9009009009; 0.00508583065646
25403.90390390391; 0.00509485063833
25406.90690690691; 0.00510517034207
25409.90990990991; 0.00511513744568
25412.91291291291; 0.00512422830983
25415.91591591592; 0.00513353870324
25418.91891891892; 0.00514344667122
25421.92192192192; 0.00515343550357
25424.92492492493; 0.00516361589482
25427.92792792793; 0.00517342222575
25430.93093093093; 0.00518278354357
25433.93393393393; 0.00519121144346
25436.93693693694; 0.00520138030513
25439.93993993994; 0.00521071151491
25442.94294294294; 0.00522032619235
25445.94594594595; 0.00522990102044
25448.94894894895; 0.00523942539119
25451.95195195195; 0.00524861283173
25454.95495495496; 0.00525742016164
25457.95795795796; 0.00526742009735
25460.96096096096; 0.00527742234284
25463.96396396396; 0.00528653962642
25466.96696696697; 0.00529527679155
25469.96996996997; 0.00530509175821
25472.97297297297; 0.00531429791696
25475.97597597598; 0.00532312533483
25478.97897897898; 0.00533275607523
25481.98198198198; 0.00534171666987
25484.98498498499; 0.0053511085166
25487.98798798799; 0.00535979189548
25490.99099099099; 0.00536813474477
25493.99399399399; 0.00537721283589
25496.996996997; 0.00538596481033
25500; 0.00539571675908
22500; -0.000323732910703; -0.0137212400481
22503.003003003; -0.000324778368703; -0.0137348941499
22506.00600600601; -0.00032632229116; -0.0137450801569
22509.00900900901; -0.000328174455888; -0.0137141034286
22512.01201201201; -0.000343761503288; -0.0137216915566
22515.01501501501; -0.000341371304823; -0.0137048205283
22518.01801801802; -0.000341994859344; -0.0137100224643
22521.02102102102; -0.000340349652989; -0.0137210111292
22524.02402402402; -0.000354180578738; -0.0137377293053
22527.02702702703; -0.000360351193096; -0.0137637787217
22530.03003003003; -0.000360648956213; -0.0137777017984
22533.03303303303; -0.000354411955938; -0.0137776627329
22536.03603603604; -0.000361041113641; -0.0137796561105
22539.03903903904; -0.000383598384051; -0.0138052131431
22542.04204204204; -0.000386695420634; -0.0138176263433
22545.04504504504; -0.000416882909274; -0.0138297011347
22548.04804804805; -0.000452121151784; -0.0138580635062
22551.05105105105; -0.000451017095933; -0.0138754921232
22554.05405405405; -0.000434933587785; -0.0138883334052
22557.05705705706; -0.000424764132263; -0.0138957636683
22560.06006006006; -0.00043309541967; -0.0139180941668
22563.06306306306; -0.000439421902394; -0.0139359643893
22566.06606606607; -0.000443059469111; -0.0139525818202
22569.06906906907; -0.000441574584109; -0.013963709247
22572.07207207207; -0.00043089250453; -0.0139720881206
22575.07507507507; -0.00044294293319; -0.0139995446045
22578.07807807808; -0.000407283877261; -0.0140837895798
22581.08108108108; -0.000384891902476; -0.0140738974297
22584.08408408408; -0.000375803809949; -0.0140800698156
22587.08708708709; -0.000370170065668; -0.0140905611379
22590.09009009009; -0.000370180151962; -0.0141040328414
22593.09309309309; -0.00036834680483; -0.0141166865119
22596.09609609609; -0.000369303797838; -0.014130233505
22599.0990990991; -0.000369759227274; -0.0141436786119
22602.1021021021; -0.000371499194443; -0.0141581670057
22605.1051051051; -0.000373528828343; -0.0141719585445
22608.10810810811; -0.000374995658344; -0.0141870135792
22611.11111111111; -0.000375930364781; -0.0142007474433
22614.11411411411; -0.000378056936758; -0.0142152241443
22617.11711711712; -0.000379875004888; -0.0142300676921
22620.12012012012; -0.000381717081333; -0.0142451801532
22623.12312312312; -0.000382283522539; -0.0142588445366
22626.12612612613; -0.000384236762178; -0.0142742538729
22629.12912912913; -0.00038695686787; -0.0142881949345
22632.13213213213; -0.000387483417553; -0.0143033177011
22635.13513513514; -0.000389374614238; -0.014317875597
22638.13813813814; -0.000391954292434; -0.0143346299047
22641.14114114114; -0.000393665174823; -0.0143492033403
22644.14414414415; -0.000395302552956; -0.0143644831746
22647.14714714715; -0.000395494874454; -0.0143796253908
22650.15015015015; -0.000397819921276; -0.0143944681139
22653.15315315315; -0.000400241262557; -0.014410831522
22656.15615615616; -0.000402385205635; -0.0144256789459
22659.15915915916; -0.000403324654359; -0.0144421725191
22662.16216216216; -0.000405362167329; -0.0144573159441
22665.16516516517; -0.000407474959759; -0.0144728868266
22668.16816816817; -0.000409440856312; -0.014488040723
22671.17117117117; -0.000410493701686; -0.0145038781695
22674.17417417418; -0.000412006610001; -0.0145201802089
22677.17717717718; -0.000414539896838; -0.0145360703083
22680.18018018018; -0.000415951260178; -0.0145534585901
22683.18318318318; -0.000418176025267; -0.0145692168607
22686.18618618619; -0.00041976480892; -0.014584368768
22689.18918918919; -0.000422570264826; -0.0146009467724
22692.19219219219; -0.000424018777629; -0.0146179798395
22695.1951951952; -0.000425755158464; -0.0146341903301
22698.1981981982; -0.00042823158001; -0.014650862661
22701.2012012012; -0.000429944640905; -0.0146673755461
22704.2042042042; -0.000431767917532; -0.0146843592759
22707.20720720721; -0.000433750364409; -0.0147004832574
22710.21021021021; -0.000436383482185; -0.0147175740777
22713.21321321321; -0.000437731967868; -0.014734897421
22716.21621621622; -0.000440978172946; -0.0147523673458
22719.21921921922; -0.000442752688874; -0.0147687399564
22722.22222222222; -0.000444017239881; -0.0147865368668
22725.22522522523; -0.000447159483028; -0.0148025498972
22728.22822822823; -0.000448847349446; -0.0148202335242
22731.23123123123; -0.000450301888167; -0.0148375659045
22734.23423423423; -0.000453499334038; -0.0148551418962
22737.23723723724; -0.000454889639986; -0.0148722284195
22740.24024024024; -0.000457138151565; -0.0148908121535
22743.24324324324; -0.000460358167338; -0.0149081195513
22746.24624624625; -0.000462038557119; -0.0149254851078
22749.24924924925; -0.000463846041043; -0.0149435824824
22752.25225225225; -0.00046621086986; -0.0149606892404
22755.25525525526; -0.000469739641107; -0.0149803239368
22758.25825825826; -0.000471728861453; -0.0149989857306
22761.26126126126; -0.000474714523618; -0.0150168724834
22764.26426426426; -0.000476469518159; -0.0150351585792
22767.26726726727; -0.000479866668427; -0.0150531155482
22770.27027027027; -0.0004824280891; -0.0150708840625
22773.27327327327; -0.000483525429167; -0.015090909798
22776.27627627628; -0.000486397571601; -0.0151088445817
22779.27927927928; -0.00048890083378; -0.0151269755522
22782.28228228228; -0.000490799458741; -0.0151476637147
22785.28528528528; -0.000493391431325; -0.0151656367391
22788.28828828829; -0.000496637742451; -0.0151848102966
22791.29129129129; -0.000497788549077; -0.0152035151972
22794.29429429429; -0.000500106358582; -0.0152238993894
22797.2972972973; -0.00050472687774; -0.0152428687747
22800.3003003003; -0.000506281451911; -0.0152610542881
22803.3033033033; -0.000509567134642; -0.0152809672781
22806.30630630631; -0.000511927772544; -0.0153008883421
22809.30930930931; -0.000514805577625; -0.0153207989039
22812.31231231231; -0.000517403554121; -0.0153411858946
22815.31531531531; -0.000520406328051; -0.0153606420276
22818.31831831832; -0.00052238348239; -0.0153809427909
22821.32132132132; -0.000525967204732; -0.0154021300761
22824.32432432432; -0.000528319423133; -0.0154219548342
22827.32732732733; -0.00053144987689; -0.0154425454268
22830.33033033033; -0.000533855684929; -0.0154627094351
22833.33333333333; -0.000537044129097; -0.0154834565491
22836.33633633634; -0.00053963833551; -0.0155043596314
22839.33933933934; -0.000542561355484; -0.0155243302877
22842.34234234234; -0.000545518734377; -0.0155459648805
22845.34534534534; -0.000548412007678; -0.0155664558432
22848.34834834835; -0.000551847475669; -0.0155883508994
22851.35135135135; -0.000555220922462; -0.0156098746012
22854.35435435435; -0.000557995198254; -0.0156313451954
22857.35735735736; -0.000560632511173; -0.0156527429858
22860.36036036036; -0.000565216607907; -0.0156750136667
22863.36336336336; -0.000567490336714; -0.015697897626
22866.36636636636; -0.000571177727213; -0.0157182281779
22869.36936936937; -0.000574283657463; -0.0157402569314
22872.37237237237; -0.000578094154085; -0.0157628363887
22875.37537537538; -0.000580435175867; -0.015784871801
22878.37837837838; -0.000582723550376; -0.015807653694
22881.38138138138; -0.00058764984512; -0.0158294277096
22884.38438438439; -0.000590096968176; -0.0158521066968
22887.38738738739; -0.000593968911004; -0.0158766582007
22890.39039039039; -0.000597376361774; -0.0158983990866
22893.39339339339; -0.00060125161233; -0.0159216741002
22896.3963963964; -0.000605443470825; -0.0159446730378
22899.3993993994; -0.000608531802711; -0.0159683059331
22902.4024024024; -0.000611442639318; -0.0159918008821
22905.40540540541; -0.000615573608573; -0.0160149959339
22908.40840840841; -0.000619320042121; -0.0160396228092
22911.41141141141; -0.000622245972364; -0.0160621092789
22914.41441441442; -0.000624912489785; -0.0160859140674
22917.41741741742; -0.000628832770615; -0.0161099986072
22920.42042042042; -0.000633688875171; -0.0161343648421
22923.42342342342; -0.000637231309598; -0.0161595059711
22926.42642642643; -0.00064069582445; -0.0161841626061
22929.42942942943; -0.000645771917383; -0.0162086209434
22932.43243243243; -0.000648418659427; -0.0162338765784
22935.43543543544; -0.000652385172731; -0.0162584810877
22938.43843843844; -0.000657460988177; -0.0162839487261
22941.44144144144; -0.000661415774874; -0.0163092604738
22944.44444444445; -0.000664730277205; -0.0163347448159
22947.44744744745; -0.000668013756069; -0.0163603974863
22950.45045045045; -0.000672134593279; -0.0163867848503
22953.45345345345; -0.000677411010979; -0.0164132513385
22956.45645645646; -0.00068219407873; -0.0164393992009
22959.45945945946; -0.000685900583583; -0.0164645183744
22962.46246246246; -0.000689720498638; -0.0164910899595
22965.46546546547; -0.000694362658386; -0.0165181945813
22968.46846846847; -0.000698283794929; -0.0165436701376
22971.47147147147; -0.00070371128326; -0.0165718698088
22974.47447447447; -0.00070750935309; -0.0165988926696
22977.47747747748; -0.000711698415073; -0.0166252474395
22980.48048048048; -0.000716334496191; -0.0166534419067
22983.48348348348; -0.000721108528547; -0.0166815347611
22986.48648648649; -0.000725970266533; -0.0167088613859
22989.48948948949; -0.000730246199443; -0.0167376800425
22992.49249249249; -0.000734804605404; -0.0167658488218
22995.4954954955; -0.00073973969299; -0.0167940388346
22998.4984984985; -0.000744574894934; -0.0168240639894
23001.5015015015; -0.000750178896024; -0.0168515790895
23004.5045045045; -0.000754836939851; -0.0168805538734
23007.50750750751; -0.000759690808837; -0.0169096694478
23010.51051051051; -0.000765128625021; -0.0169396688786
23013.51351351351; -0.000770258189362; -0.0169681326938
23016.51651651652; -0.000775450900766; -0.0169984944095
23019.51951951952; -0.000781768203259; -0.0170279310842
23022.52252252252; -0.000786130693555; -0.0170587020784
23025.52552552553; -0.000791629525043; -0.0170889144362
23028.52852852853; -0.000796991832268; -0.0171192078108
23031.53153153153; -0.000801973912064; -0.0171502100616
23034.53453453453; -0.000806935262803; -0.0171805105251
23037.53753753754; -0.00081305376174; -0.0172120920925
23040.54054054054; -0.000819795905207; -0.0172441067053
23043.54354354354; -0.000825416041881; -0.0172761075203
23046.54654654655; -0.000830484641019; -0.0173080207952
23049.54954954955; -0.000836638780765; -0.0173397548267
23052.55255255255; -0.000842629887185; -0.0173723361165
23055.55555555555; -0.00084937728751; -0.0174042907307
23058.55855855856; -0.000855051521804; -0.0174376908823
23061.56156156156; -0.00086063990014; -0.0174704619222
23064.56456456456; -0.000867329937386; -0.0175037036838
23067.56756756757; -0.000873039612826; -0.0175369428715
23070.57057057057; -0.000879310157084; -0.0175708619065
23073.57357357357; -0.000885528543777; -0.0176051901827
23076.57657657658; -0.000893165580357; -0.0176385182914
23079.57957957958; -0.00089799677501; -0.0176736844929
23082.58258258258; -0.000904624390989; -0.0177090517246
23085.58558558558; -0.000911749349909; -0.0177425766708
23088.58858858859; -0.000919206154123; -0.0177779913728
23091.59159159159; -0.000924637369274; -0.0178119298374
23094.59459459459; -0.000932008865668; -0.0178497658922
23097.5975975976; -0.000939117825636; -0.0178849699262
23100.6006006006; -0.000946320759455; -0.0179205295944
23103.6036036036; -0.000953783173354; -0.017957028839
23106.60660660661; -0.00096086175223; -0.017995154577
23109.60960960961; -0.000967787990643; -0.0180317096156
23112.61261261261; -0.000975721810803; -0.0180683349283
23115.61561561561; -0.000983763244871; -0.0181064606081
23118.61861861862; -0.000991097717741; -0.0181434531807
23121.62162162162; -0.000998699543669; -0.0181832129258
23124.62462462462; -0.00100623431507; -0.0182212811263
23127.62762762763; -0.00101399894334; -0.0182600705695
23130.63063063063; -0.00102255804996; -0.0182996190249
23133.63363363364; -0.0010300249984; -0.0183389650967
23136.63663663664; -0.00103748394034; -0.0183785422229
23139.63963963964; -0.00104654413151; -0.0184188396037
23142.64264264264; -0.00105374854092; -0.0184592033542
23145.64564564565; -0.00106313011701; -0.0184962868561
23148.64864864865; -0.00107061715698; -0.018537345104
23151.65165165165; -0.00107965771152; -0.0185792620884
23154.65465465466; -0.001088628144; -0.0186194113075
23157.65765765766; -0.0010973654753; -0.0186618509031
23160.66066066066; -0.00110709653048; -0.0187048448901
23163.66366366366; -0.00111608525367; -0.0187468707301
23166.66666666667; -0.00112454721025; -0.0187899993993
23169.66966966967; -0.00113424375508; -0.0188337182724
23172.67267267267; -0.00114290723601; -0.018877361409
23175.67567567568; -0.0011533041231; -0.0189211252968
23178.67867867868; -0.00116280958432; -0.0189656419888
23181.68168168168; -0.00117313626817; -0.0190107505076
23184.68468468469; -0.00118298579012; -0.0190562580476
23187.68768768769; -0.00119213438189; -0.0191010505324
23190.69069069069; -0.00120292769752; -0.0191467800878
23193.69369369369; -0.00121374228947; -0.0191941249543
23196.6966966967; -0.00122475270471; -0.0192397941964
23199.6996996997; -0.00123473700345; -0.019287332668
23202.7027027027; -0.00124642905599; -0.0193343296723
23205.70570570571; -0.0012576573388; -0.0193821399469
23208.70870870871; -0.00126803834281; -0.0194311201719
23211.71171171171; -0.00128048151259; -0.0194801560495
23214.71471471472; -0.00129158631954; -0.0195292933151
23217.71771771772; -0.00130233054202; -0.01957902626
23220.72072072072; -0.00131566039441; -0.0196301526324
23223.72372372372; -0.00132722304451; -0.0196792222746
23226.72672672673; -0.00133914969372; -0.0197325637973
23229.72972972973; -0.00135192208932; -0.0197817265345
23232.73273273273; -0.00136525250277; -0.0198343068225
23235.73573573574; -0.00137834005683; -0.0198869941171
23238.73873873874; -0.00139058960693; -0.0199392981542
23241.74174174174; -0.00140433453711; -0.0199928098735
23244.74474474474; -0.00141657880127; -0.0200470136158
23247.74774774775; -0.00143013100217; -0.0201010832281
23250.75075075075; -0.00144495787394; -0.0201559669396
23253.75375375375; -0.00145845970478; -0.0202119278608
23256.75675675676; -0.00147285481193; -0.0202669268177
23259.75975975976; -0.0014864405409; -0.0203232559547
23262.76276276276; -0.00150159746162; -0.0203798439502
23265.76576576577; -0.00151629050705; -0.0204361519723
23268.76876876877; -0.00153046121622; -0.0204949897818
23271.77177177177; -0.00154619647906; -0.0205523353872
23274.77477477477; -0.001561563414; -0.0206120725144
23277.77777777778; -0.00157653038133; -0.0206713069173
23280.78078078078; -0.0015936581362; -0.0207316648222
23283.78378378378; -0.00160974962909; -0.0207922417359
23286.78678678679; -0.00162567030122; -0.0208538377983
23289.78978978979; -0.00164267204741; -0.0209149955052
23292.79279279279; -0.0016595205462; -0.0209780148866
23295.7957957958; -0.00167689054569; -0.0210414331939
23298.7987987988; -0.00169439464987; -0.0211051630172
23301.8018018018; -0.00171110858099; -0.021168275437
23304.8048048048; -0.00173031794868; -0.021234414336
23307.80780780781; -0.00174780186349; -0.021299181901
23310.81081081081; -0.00176729590922; -0.0213655925369
23313.81381381381; -0.00178646054426; -0.0214322266275
23316.81681681682; -0.00180539096431; -0.0214998579955
23319.81981981982; -0.0018253053376; -0.0215688342561
23322.82282282282; -0.00184529307516; -0.021638526954
23325.82582582582; -0.00186596362886; -0.0217074948537
23328.82882882883; -0.0018850987553; -0.0217775414589
23331.83183183183; -0.00190717113094; -0.0218487370058
23334.83483483483; -0.00192789536043; -0.0219216008172
23337.83783783784; -0.00195008711202; -0.0219936190517
23340.84084084084; -0.00197223306987; -0.0220669820112
23343.84384384384; -0.00199474033784; -0.0221406919897
23346.84684684685; -0.0020174153501; -0.0222161829228
23349.84984984985; -0.00204039654225; -0.0222919728194
23352.85285285285; -0.00206419844482; -0.0223686639016
23355.85585585585; -0.00208721004478; -0.0224457926057
23358.85885885886; -0.00211281123269; -0.0225238781333
23361.86186186186; -0.00213724140174; -0.0226021245163
23364.86486486486; -0.00216322309221; -0.0226831539006
23367.86786786787; -0.00218795376842; -0.0227636615472
23370.87087087087; -0.00221463280124; -0.022846233257
23373.87387387387; -0.00224212862859; -0.0229278203913
23376.87687687688; -0.00226842264657; -0.0230111889573
23379.87987987988; -0.00229577330289; -0.0230954640329
23382.88288288288; -0.00232394448253; -0.0231813184837
23385.88588588589; -0.00235283952925; -0.023268289471
23388.88888888889; -0.00238245317787; -0.0233542693641
23391.89189189189; -0.00241314482184; -0.0234427054557
23394.8948948949; -0.00244270659138; -0.0235318108931
23397.8978978979; -0.00247328990359; -0.0236224415175
23400.9009009009; -0.00250450885312; -0.0237138942678
23403.90390390391; -0.00253690550971; -0.0238068721318
23406.90690690691; -0.00256898826983; -0.0238999382971
23409.90990990991; -0.00260332529407; -0.0239956936134
23412.91291291291; -0.00263733146262; -0.0240922016955
23415.91591591592; -0.00267288550945; -0.0241884840307
23418.91891891892; -0.00270651645965; -0.0242845789069
23421.92192192192; -0.00274355321347; -0.0243846814446
23424.92492492493; -0.00278084970497; -0.0244850783113
23427.92792792793; -0.00281662528911; -0.024587019321
23430.93093093093; -0.00285547743005; -0.0246882718659
23433.93393393393; -0.00289580733615; -0.0247933975209
23436.93693693694; -0.00293550529435; -0.0248996821738
23439.93993993994; -0.00297554460342; -0.0250054482459
23442.94294294294; -0.00301715313758; -0.0251135507614
23445.94594594595; -0.00305987170838; -0.0252219909823
23448.94894894895; -0.0031026871127; -0.0253331309955
23451.95195195195; -0.00314692938849; -0.0254464187918
23454.95495495496; -0.00319172611084; -0.0255593097852
23457.95795795796; -0.00323697198421; -0.0256747032869
23460.96096096096; -0.00328530938779; -0.025790132274
23463.96396396396; -0.00333401120273; -0.0259094548128
23466.96696696697; -0.00338235606865; -0.0260290266912
23469.96996996997; -0.00343136513463; -0.0261501121852
23472.97297297297; -0.00348393594482; -0.0262723704595
23475.97597597598; -0.00353647482164; -0.0263972715507
23478.97897897898; -0.00358963751467; -0.0265238703324
23481.98198198198; -0.0036449242476; -0.0266509715971
23484.98498498499; -0.00370085658901; -0.026779819691
23487.98798798799; -0.00375828660624; -0.026912321915
23490.99099099099; -0.00381711679652; -0.0270450337325
23493.99399399399; -0.00387705117319; -0.0271803556168
23496.996996997; -0.00393839922909; -0.0273154176233
23500; -0.00400111560497; -0.0274546664812
23503.003003003; -0.00406592418161; -0.0275950471302
23506.00600600601; -0.00413104631518; -0.0277380055867
23509.00900900901; -0.00420007102716; -0.0278820200359
23512.01201201201; -0.00426927842128; -0.0280297449744
23515.01501501501; -0.0043393576468; -0.0281787905664
23518.01801801802; -0.00441107019044; -0.0283290725694
23521.02102102102; -0.00448615864235; -0.0284824907588
23524.02402402402; -0.0045627466487; -0.0286377302104
23527.02702702703; -0.00464035896129; -0.0287947192172
23530.03003003003; -0.00472074904315; -0.0289546786
23533.03303303303; -0.0048031286293; -0.029116320873
23536.03603603604; -0.0048871782754; -0.0292820970252
23539.03903903904; -0.00497388243332; -0.0294492658299
23542.04204204204; -0.00506244196574; -0.0296186127266
23545.04504504504; -0.00515393121415; -0.0297923470726
23548.04804804805; -0.00524750030303; -0.0299669430995
23551.05105105105; -0.00534314453597; -0.0301463054035
23554.05405405405; -0.00544253336434; -0.0303263332194
23557.05705705706; -0.00554303982522; -0.0305098497871
23560.06006006006; -0.00564677764097; -0.0306959763681
23563.06306306306; -0.00575505669186; -0.0308856705763
23566.06606606607; -0.00586555953153; -0.0310785189098
23569.06906906907; -0.00597756240578; -0.0312757316906
23572.07207207207; -0.00609356103228; -0.0314746961063
23575.07507507507; -0.00621359476771; -0.0316759494962
23578.07807807808; -0.0063366125654; -0.0318817558862
23581.08108108108; -0.00646291207545; -0.03208921301
23584.08408408408; -0.00659501540474; -0.0323013655809
23587.08708708709; -0.00672861498175; -0.0325165014047
23590.09009009009; -0.00686754344645; -0.0327363121196
23593.09309309309; -0.00700956198815; -0.0329583679004
23596.09609609609; -0.00715587623901; -0.0331844545451
23599.0990990991; -0.00730665216848; -0.0334137047758
23602.1021021021; -0.00746293580582; -0.0336476324222
23605.1051051051; -0.00762318999198; -0.0338854546267
23608.10810810811; -0.00778828060927; -0.0341249915497
23611.11111111111; -0.00796012082776; -0.0343714062962
23614.11411411411; -0.0081362119054; -0.0346210561017
23617.11711711712; -0.00831867611373; -0.0348738852493
23620.12012012012; -0.00850554475172; -0.0351309366452
23623.12312312312; -0.00870016366617; -0.0353934126188
23626.12612612612; -0.00890004950616; -0.0356579078195
23629.12912912913; -0.00910750942377; -0.0359291837731
23632.13213213213; -0.00932157756974; -0.0362039356253
23635.13513513513; -0.00954192751688; -0.036482300213
23638.13813813814; -0.00977011571876; -0.0367643919811
23641.14114114114; -0.0100073996009; -0.0370527953519
23644.14414414415; -0.0102521169776; -0.0373464058155
23647.14714714715; -0.0105067361227; -0.0376443627745
23650.15015015015; -0.0107676643268; -0.0379454240848
23653.15315315315; -0.0110385687734; -0.0382503281138
23656.15615615616; -0.011321757289; -0.0385635220155
23659.15915915916; -0.0116126024862; -0.0388809800564
23662.16216216216; -0.01191595927; -0.0392031863547
23665.16516516517; -0.012230694509; -0.0395313388919
23668.16816816817; -0.0125547744468; -0.039862463076
23671.17117117117; -0.0128939487167; -0.040201510071
23674.17417417418; -0.013243268281; -0.0405444119809
23677.17717717718; -0.013609048129; -0.0408938106828
23680.18018018018; -0.0139872907537; -0.0412462744883
23683.18318318318; -0.0143802539096; -0.0416041415834
23686.18618618619; -0.0147901116753; -0.041969697928
23689.18918918919; -0.0152162386195; -0.0423375894053
23692.19219219219; -0.0156587077301; -0.0427098355063
23695.1951951952; -0.0161196665494; -0.0430868891193
23698.1981981982; -0.0165983521498; -0.0434675840372
23701.2012012012; -0.0170964906627; -0.0438524264964
23704.2042042042; -0.0176169652696; -0.0442415461629
23707.20720720721; -0.0181579959883; -0.0446325849295
23710.21021021021; -0.0187214131182; -0.0450260090568
23713.21321321321; -0.0193093845073; -0.045424628813
23716.21621621622; -0.0199230181176; -0.0458242149933
23719.21921921922; -0.0205613286085; -0.0462243787732
23722.22222222222; -0.0212279679746; -0.0466256520625
23725.22522522523; -0.0219231932075; -0.0470298285052
23728.22822822823; -0.0226504654144; -0.0474316446351
23731.23123123123; -0.0234089336594; -0.0478323586144
23734.23423423423; -0.0241998353989; -0.0482303196195
23737.23723723724; -0.0250271375033; -0.0486248422728
23740.24024024024; -0.025889708521; -0.0490147015041
23743.24324324324; -0.0267914112368; -0.0493987136951
23746.24624624625; -0.0277341995838; -0.0497721292463
23749.24924924925; -0.0287161459875; -0.0501323629776
23752.25225225225; -0.0297435608203; -0.0504834037164
23755.25525525526; -0.0308139968075; -0.050815295491
23758.25825825826; -0.0319334750709; -0.0511335250733
23761.26126126126; -0.0330998310068; -0.0514293208706
23764.26426426426; -0.0343179111147; -0.0517026522712
23767.26726726727; -0.0355893409365; -0.0519487397436
23770.27027027027; -0.0369127030117; -0.0521615168988
23773.27327327327; -0.0382927381875; -0.0523407652384
23776.27627627628; -0.0397280980998; -0.0524765509718
23779.27927927928; -0.0412212720142; -0.0525686116561
23782.28228228228; -0.0427713469628; -0.0526074364271
23785.28528528528; -0.0443793823492; -0.0525898702978
23788.28828828829; -0.0460468093723; -0.0525076841189
23791.29129129129; -0.0477693713765; -0.052354366178
23794.29429429429; -0.0495455164938; -0.0521178235391
23797.2972972973; -0.0513749251151; -0.0517989094782
23800.3003003003; -0.0532552303831; -0.0513841645437
23803.3033033033; -0.0551833527425; -0.050865362435
23806.30630630631; -0.0571518784311; -0.0502351226097
23809.30930930931; -0.0591565577502; -0.0494841277182
23812.31231231231; -0.0611874287515; -0.0486048008101
23815.31531531531; -0.063235115428; -0.047587263652
23818.31831831832; -0.0652867160763; -0.046421911194
23821.32132132132; -0.0673350084211; -0.0451060747282
23824.32432432432; -0.0693587731469; -0.043628049664
23827.32732732733; -0.0713529289745; -0.0419905650244
23830.33033033033; -0.0732929306717; -0.0401853474747
23833.33333333333; -0.0751641237406; -0.0382118921952
23836.33633633634; -0.076949121006; -0.0360739094887
23839.33933933934; -0.0786257833636; -0.0337733746954
23842.34234234234; -0.0801762961428; -0.0313157109706
23845.34534534534; -0.0815789652446; -0.0287134688197
23848.34834834835; -0.0828181720592; -0.025975313341
23851.35135135135; -0.083873462167; -0.0231217551159
23854.35435435435; -0.0847311233101; -0.0201656894491
23857.35735735736; -0.0853854338067; -0.0171314367482
23860.36036036036; -0.0858194080306; -0.0140408519998
23863.36336336336; -0.0860245708477; -0.0109140697404
23866.36636636636; -0.0860021572579; -0.00778046781556
23869.36936936937; -0.0857532621916; -0.00466338906544
23872.37237237237; -0.0852790213003; -0.00158640568555
23875.37537537538; -0.0845913829872; 0.00142467135493
23878.37837837838; -0.0836954355896; 0.0043510110145
23881.38138138138; -0.0826122082287; 0.00717207545521
23884.38438438439; -0.0813506653866; 0.00987016094508
23887.38738738739; -0.0799339626039; 0.0124310402742
23890.39039039039; -0.0783756999134; 0.0148458404
23893.39339339339; -0.0766968017032; 0.0171017439115
23896.3963963964; -0.0749179554223; 0.0191952896316
23899.3993993994; -0.0730549061865; 0.0211239660668
23902.4024024024; -0.0711300607637; 0.0228884412147
23905.40540540541; -0.0691595895831; 0.0244890839792
23908.40840840841; -0.067159069412; 0.0259279092947
23911.41141141141; -0.0651440386652; 0.0272135813962
23914.41441441442; -0.0631275005506; 0.0283509742373
23917.41741741742; -0.061115783482; 0.029344778727
23920.42042042042; -0.0591244693224; 0.030207147001
23923.42342342342; -0.0571609103214; 0.0309426895841
23926.42642642643; -0.0552310269433; 0.0315613165416
23929.42942942943; -0.0533413702057; 0.0320707855482
23932.43243243243; -0.0515004601934; 0.0324818739115
23935.43543543544; -0.0497092801831; 0.0328019323582
23938.43843843844; -0.0479682436036; 0.0330376072168
23941.44144144144; -0.0462837675283; 0.0331976810786
23944.44444444445; -0.0446504702027; 0.0332864357674
23947.44744744745; -0.0430730625105; 0.0333132672361
23950.45045045045; -0.0415534769276; 0.0332842443657
23953.45345345345; -0.0400906830633; 0.0332073861507
23956.45645645646; -0.0386836499383; 0.0330857882302
23959.45945945946; -0.0373315541561; 0.0329238393858
23962.46246246246; -0.0360339115597; 0.0327311265975
23965.46546546547; -0.0347882505732; 0.0325054666039
23968.46846846847; -0.0335919072948; 0.0322532781992
23971.47147147147; -0.0324451100454; 0.0319770282607
23974.47447447447; -0.0313431841427; 0.0316771867326
23977.47747747748; -0.0302866584557; 0.0313619565534
23980.48048048048; -0.0292752102529; 0.0310319460072
23983.48348348348; -0.0283067740979; 0.0306895783856
23986.48648648649; -0.0273795346915; 0.0303361388261
23989.48948948949; -0.0264890336722; 0.0299763468267
23992.49249249249; -0.0256382050691; 0.0296091033648
23995.4954954955; -0.0248235258266; 0.0292368023017
23998.4984984985; -0.0240403445094; 0.028859655228
24001.5015015015; -0.0232907101632; 0.028479908988
24004.5045045045; -0.0225704244227; 0.0280972627791
24007.50750750751; -0.0218795283233; 0.0277122767791
24010.51051051051; -0.0212171608811; 0.0273266253105
24013.51351351351; -0.0205807271228; 0.026941501071
24016.51651651652; -0.0199699909187; 0.0265590505139
24019.51951951952; -0.0193845181012; 0.0261761274328
24022.52252252252; -0.0188220576287; 0.0257958915423
24025.52552552553; -0.0182821439517; 0.0254195175174
24028.52852852853; -0.017765656431; 0.0250481208639
24031.53153153153; -0.0172671761113; 0.0246788200756
24034.53453453453; -0.0167889646182; 0.0243144467876
24037.53753753754; -0.0163306334296; 0.0239532183746
24040.54054054054; -0.0158858991484; 0.0235965299144
24043.54354354354; -0.0154616010721; 0.0232442830696
24046.54654654655; -0.0150531752123; 0.0228967658954
24049.54954954955; -0.0146582722335; 0.0225532552495
24052.55255255255; -0.0142798644571; 0.0222153826726
24055.55555555555; -0.0139149073801; 0.0218814807571
24058.55855855856; -0.013561557699; 0.0215524668982
24061.56156156156; -0.0132231066567; 0.0212264158824
24064.56456456456; -0.0128940182975; 0.0209052687378
24067.56756756757; -0.012578110054; 0.0205888591066
24070.57057057057; -0.0122717773283; 0.0202778519233
24073.57357357357; -0.0119771195655; 0.0199712682816
24076.57657657658; -0.0116923825581; 0.0196684255449
24079.57957957958; -0.0114180728592; 0.0193702966034
24082.58258258258; -0.011152009584; 0.0190766945724
24085.58558558558; -0.0108947112165; 0.0187911405273
24088.58858858859; -0.0106479667147; 0.0185070533693
24091.59159159159; -0.010407781924; 0.0182273955479
24094.59459459459; -0.0101756108091; 0.0179521419299
24097.5975975976; -0.00995056529072; 0.0176829670207
24100.6006006006; -0.0097335116263; 0.0174174100355
24103.6036036036; -0.00952237674362; 0.0171561783964
24106.60660660661; -0.00931957446467; 0.0168992639699
24109.60960960961; -0.00912146299763; 0.0166458486839
24112.61261261261; -0.00893044588738; 0.0163984452165
24115.61561561561; -0.00874386237139; 0.0161562670365
24118.61861861862; -0.00856385299014; 0.0159162864936
24121.62162162162; -0.00839117648919; 0.0156801506524
24124.62462462462; -0.00822221090406; 0.0154470033647
24127.62762762763; -0.00805670747389; 0.0152180749582
24130.63063063063; -0.00789868020112; 0.0149927171029
24133.63363363363; -0.00774448713577; 0.0147704989442
24136.63663663663; -0.00759447272822; 0.0145513220328
24139.63963963964; -0.00744994730283; 0.0143363664548
24142.64264264264; -0.00730675436553; 0.014123639638
24145.64564564565; -0.00716992498134; 0.0139151364398
24148.64864864865; -0.00703541741657; 0.0137092931852
24151.65165165165; -0.0069054566771; 0.0135082846912
24154.65465465466; -0.00677873778571; 0.0133088953496
24157.65765765766; -0.00665473030401; 0.0131124762447
24160.66066066066; -0.00653488725908; 0.012919544251
24163.66366366366; -0.00642029792222; 0.0127288360851
24166.66666666667; -0.00630568744766; 0.0125424947734
24169.66966966967; -0.00619448084399; 0.0123584292398
24172.67267267267; -0.00608587019136; 0.0121766970715
24175.67567567568; -0.00598228124909; 0.0119985940203
24178.67867867868; -0.00588019068705; 0.0118215686674
24181.68168168168; -0.00577965753485; 0.0116469083104
24184.68468468469; -0.00568320969032; 0.0114762839309
24187.68768768769; -0.00558881564701; 0.0113071418958
24190.69069069069; -0.00549487145304; 0.0111406220575
24193.69369369369; -0.0054065958112; 0.0109768465422
24196.6966966967; -0.00531811950495; 0.0108158308786
24199.6996996997; -0.00523283370214; 0.0106567930073
24202.7027027027; -0.00514937099407; 0.0104992600769
24205.70570570571; -0.00506713275739; 0.0103444916057
24208.70870870871; -0.00498724555444; 0.0101923710807
24211.71171171171; -0.00491127925343; 0.0100428581743
24214.71471471472; -0.00483420518393; 0.00989464287423
24217.71771771772; -0.00475955287082; 0.00974815202023
24220.72072072072; -0.00468814173469; 0.00960348558501
24223.72372372372; -0.00461738330685; 0.00946157212054
24226.72672672673; -0.0045475419999; 0.00932122318724
24229.72972972973; -0.00447882399493; 0.00918398637148
24232.73273273273; -0.00441308661333; 0.00904704837781
24235.73573573574; -0.00434873819424; 0.00891279430785
24238.73873873874; -0.00428427714234; 0.00877984613127
24241.74174174174; -0.00422314800155; 0.00864909775567
24244.74474474474; -0.00416310309175; 0.00852041060459
24247.74774774775; -0.00410277727014; 0.00839343209524
24250.75075075075; -0.00404524228422; 0.00826712487209
24253.75375375375; -0.00398942812402; 0.0081450516349
24256.75675675676; -0.00393346538759; 0.00802132411879
24259.75975975976; -0.00388023413026; 0.00790084944745
24262.76276276276; -0.00382654079012; 0.00778162759256
24265.76576576577; -0.00377425801765; 0.00766344120722
24268.76876876877; -0.00372379308879; 0.00754831182433
24271.77177177177; -0.00367452629394; 0.0074346554207
24274.77477477477; -0.00362615759997; 0.00732150285039
24277.77777777778; -0.00357856694717; 0.0072098292022
24280.78078078078; -0.00353126488223; 0.00709955555588
24283.78378378378; -0.00348676324285; 0.00699069123699
24286.78678678679; -0.00344195266026; 0.00688349106948
24289.78978978979; -0.0033981300816; 0.00677801158508
24292.79279279279; -0.00335442168381; 0.00667344496551
24295.7957957958; -0.00331294989583; 0.00656963591564
24298.7987987988; -0.00327076782525; 0.00646797229176
24301.8018018018; -0.00323054337282; 0.00636794280183
24304.8048048048; -0.00319047887375; 0.00626878563013
24307.80780780781; -0.00315189227014; 0.00616900828996
24310.81081081081; -0.00311286587651; 0.00607207325231
24313.81381381381; -0.00307614469427; 0.00597672806885
24316.81681681682; -0.00303868460751; 0.00588225950134
24319.81981981982; -0.00300228837402; 0.00578727814058
24322.82282282282; -0.00296696968706; 0.00569538395773
24325.82582582582; -0.00293309224924; 0.00560266331852
24328.82882882883; -0.00289840864114; 0.00551337175562
24331.83183183183; -0.00286476152626; 0.00542331833003
24334.83483483483; -0.00283220092519; 0.00533516266511
24337.83783783784; -0.00279931138014; 0.0052475802651
24340.84084084084; -0.0027675372953; 0.00516149292875
24343.84384384384; -0.00273623835722; 0.00507507961452
24346.84684684685; -0.00270545960226; 0.00498997801855
24349.84984984985; -0.00267475802902; 0.00490729097037
24352.85285285285; -0.00264590932156; 0.00482425491876
24355.85585585585; -0.00261771589812; 0.00474271219453
24358.85885885886; -0.0025885221167; 0.00466063558956
24361.86186186186; -0.00256007683478; 0.00458103477981
24364.86486486486; -0.00253342265578; 0.0045021967894
24367.86786786787; -0.00250610289102; 0.00442310691167
24370.87087087087; -0.00247930890726; 0.00434666157733
24373.87387387387; -0.00245267135468; 0.0042696243021
24376.87687687688; -0.00242677570466; 0.00419250898298
24379.87987987988; -0.00240219871048; 0.00411767684889
24382.88288288288; -0.00237734739508; 0.00404266467538
24385.88588588589; -0.00235248414272; 0.00397005944062
24388.88888888889; -0.00232813551788; 0.00389645398949
24391.89189189189; -0.0023043787801; 0.0038240263619
24394.8948948949; -0.00228145813743; 0.00375243682057
24397.8978978979; -0.00225853317168; 0.00368208153195
24400.9009009009; -0.00223572578206; 0.0036126120062
24403.90390390391; -0.00221323374423; 0.00354293471372
24406.90690690691; -0.00219187705425; 0.00347464771302
24409.90990990991; -0.00217011920153; 0.00340657440338
24412.91291291291; -0.00214962045897; 0.00333882566455
24415.91591591592; -0.00212799257063; 0.00327257686034
24418.91891891892; -0.00210678017458; 0.00320555180099
24421.92192192192; -0.00208672314394; 0.00314167454226
24424.92492492493; -0.00206615037099; 0.00307710507606
24427.92792792793; -0.00204783596616; 0.00301287045569
24430.93093093093; -0.00202815719343; 0.00294950771333
24433.93393393393; -0.00200916610307; 0.00288711658257
24436.93693693694; -0.00198950524796; 0.00282425303084
24439.93993993994; -0.00197058813292; 0.00276259321807
24442.94294294294; -0.00195327095699; 0.00270130147734
24445.94594594595; -0.00193436305338; 0.00264085033455
24448.94894894895; -0.0019171160679; 0.00258225288106
24451.95195195195; -0.00189926363784; 0.00252255228723
24454.95495495496; -0.00188264645657; 0.00246415449462
24457.95795795796; -0.00186530495456; 0.00240498108925
24460.96096096096; -0.0018484835893; 0.00234693488871
24463.96396396396; -0.00183234435851; 0.00228990882577
24466.96696696697; -0.00181547185862; 0.00223360214037
24469.96996996997; -0.00179898940714; 0.00217655387316
24472.97297297297; -0.0017842266064; 0.00212094080839
24475.97597597598; -0.00176802817106; 0.00206567991455
24478.97897897898; -0.00175360284047; 0.00201034814737
24481.98198198198; -0.00173802372597; 0.00195698289363
24484.98498498499; -0.00172341242229; 0.00190321810267
24487.98798798799; -0.00170917661009; 0.00184950917632
24490.99099099099; -0.00169469444939; 0.00179745933285
24493.99399399399; -0.00168019829966; 0.00174388905818
24496.996996997; -0.00166538680175; 0.00169301048994
24500; -0.00165158041729; 0.00164199956945
24503.003003003; -0.00163802666261; 0.00159125358096
24506.00600600601; -0.00162418711434; 0.001540244444
24509.00900900901; -0.00161130615003; 0.00148980177424
24512.01201201201; -0.00159709592567; 0.0014410765813
24515.01501501501; -0.00158405572957; 0.00139138459999
24518.01801801802; -0.00157202448041; 0.00134301290089
24521.02102102102; -0.00155926696101; 0.00129330259778
24524.02402402402; -0.0015472234243; 0.00124541679512
24527.02702702703; -0.00153461109581; 0.00119878194419
24530.03003003003; -0.00152211584555; 0.00115149032433
24533.03303303303; -0.00150956983622; 0.00110348612452
24536.03603603604; -0.00149797598648; 0.0010580427127
24539.03903903904; -0.00148637972787; 0.00101232415541
24542.04204204204; -0.00147427176146; 0.000966381721547
24545.04504504504; -0.00146300163091; 0.000920385241037
24548.04804804805; -0.00145158339061; 0.000875878854398
24551.05105105105; -0.00144078854469; 0.000832439040092
24554.05405405405; -0.00142861220494; 0.000787700569603
24557.05705705706; -0.00141873702492; 0.000742797657336
24560.06006006006; -0.00140742229152; 0.000699932603159
24563.06306306306; -0.0013980988743; 0.000656616259986
24566.06606606607; -0.00138689111293; 0.000613405046507
24569.06906906907; -0.00137655716814; 0.000570448354252
24572.07207207207; -0.00136773707117; 0.000528211540563
24575.07507507507; -0.00135644314752; 0.00048664997673
24578.07807807808; -0.00134680443073; 0.000444531992466
24581.08108108108; -0.00133751352897; 0.000403763889531
24584.08408408408; -0.00132727103118; 0.000362910829615
24587.08708708709; -0.00131743206596; 0.000322926764173
24590.09009009009; -0.00130840328713; 0.000282725617885
24593.09309309309; -0.00129881452877; 0.000242329951579
24596.09609609609; -0.00128947657674; 0.000203615965397
24599.0990990991; -0.00128049793499; 0.000163947717825
24602.1021021021; -0.00127074561878; 0.000124407143118
24605.1051051051; -0.00126210881201; 8.49486136314e-05
24608.10810810811; -0.00125281283006; 4.71698741937e-05
24611.11111111111; -0.00124558485754; 8.14607691422e-06
24614.11411411411; -0.00123630705069; -2.86074719699e-05
24617.11711711712; -0.00122770755923; -6.64106829478e-05
24620.12012012012; -0.00121870480051; -0.000104519061822
24623.12312312312; -0.00121094419035; -0.000141223584206
24626.12612612612; -0.00120295613569; -0.000178222334717
24629.12912912913; -0.00119383647765; -0.000213602958329
24632.13213213213; -0.00118636406585; -0.000250049345679
24635.13513513513; -0.00117739355169; -0.000286268185711
24638.13813813814; -0.0011700968356; -0.000322170338734
24641.14114114114; -0.00116272911128; -0.000356842076136
24644.14414414414; -0.00115359010416; -0.000392504248585
24647.14714714715; -0.00114890062797; -0.000427647359178
24650.15015015015; -0.00113961449175; -0.000462867677723
24653.15315315315; -0.00113332301144; -0.000496541160061
24656.15615615616; -0.00112512383646; -0.00053052388696
24659.15915915916; -0.00111754373056; -0.000565193364053
24662.16216216216; -0.00110922365332; -0.000598375758492
24665.16516516517; -0.00110353375811; -0.000632332572206
24668.16816816817; -0.00109586404246; -0.000665017385998
24671.17117117117; -0.0010893894859; -0.000698479999396
24674.17417417418; -0.00108182414394; -0.000731513746749
24677.17717717718; -0.00107627158817; -0.000764233382313
24680.18018018018; -0.00106893660247; -0.000795773536487
24683.18318318318; -0.00106171865508; -0.000828440423952
24686.18618618619; -0.00105606200162; -0.000860643446567
24689.18918918919; -0.00104950239832; -0.000891543622581
24692.19219219219; -0.00104181623541; -0.000924271057026
24695.1951951952; -0.00103635275903; -0.000954770835509
24698.1981981982; -0.00102972795747; -0.000985484162582
24701.2012012012; -0.00102447267996; -0.00101715671798
24704.2042042042; -0.00101794335059; -0.00104791749913
24707.20720720721; -0.0010116399634; -0.00107771679623
24710.21021021021; -0.00100495808955; -0.00110855990841
24713.21321321321; -0.000998426921942; -0.00113767035265
24716.21621621622; -0.000992728040565; -0.00116796258956
24719.21921921922; -0.000987129575437; -0.00119753590221
24722.22222222222; -0.000981328817143; -0.00122759759911
24725.22522522523; -0.000976004297903; -0.00125650130963
24728.22822822823; -0.000969935415501; -0.00128559862776
24731.23123123123; -0.000964144862602; -0.00131433583436
24734.23423423423; -0.000959314575628; -0.00134280737136
24737.23723723724; -0.000952568649148; -0.00137159717314
24740.24024024024; -0.000947534250167; -0.00139947878302
24743.24324324324; -0.000942090401228; -0.00142781608068
24746.24624624625; -0.000936863010153; -0.00145589265715
24749.24924924925; -0.00093271858658; -0.00148335053265
24752.25225225225; -0.000925829264526; -0.0015107941563
24755.25525525526; -0.000921102280573; -0.001539695448
24758.25825825826; -0.000915987681692; -0.00156563584657
24761.26126126126; -0.000910249300407; -0.00159143703428
24764.26426426426; -0.000905924863897; -0.00162032414114
24767.26726726727; -0.000900323676975; -0.00164621521683
24770.27027027027; -0.000895597144438; -0.00167192288558
24773.27327327327; -0.000890646986589; -0.00169974167548
24776.27627627628; -0.000885274599534; -0.00172590833986
24779.27927927928; -0.000881166220073; -0.0017507369537
24782.28228228228; -0.000875242940469; -0.00177788858915
24785.28528528528; -0.000870803652983; -0.00180352213376
24788.28828828829; -0.000866993944193; -0.00182945251318
24791.29129129129; -0.000861100809717; -0.00185474402638
24794.29429429429; -0.000857052897421; -0.00188074261976
24797.2972972973; -0.00085309018814; -0.0019050531616
24800.3003003003; -0.000848652068913; -0.00193094066674
24803.3033033033; -0.000843260205601; -0.0019549593953
24806.30630630631; -0.000839693196198; -0.00198007210422
24809.30930930931; -0.000835807835851; -0.00200346678756
24812.31231231231; -0.000829787734413; -0.00202829906854
24815.31531531531; -0.000825052269296; -0.00205347348985
24818.31831831832; -0.000822059363225; -0.00207762584508
24821.32132132132; -0.000817369948201; -0.00210110660927
24824.32432432432; -0.000812984025826; -0.00212458667924
24827.32732732733; -0.000809651610595; -0.00214915856003
24830.33033033033; -0.000805430831923; -0.00217180521244
24833.33333333333; -0.00080153751928; -0.00219549250086
24836.33633633634; -0.000797029559211; -0.00221893939298
24839.33933933934; -0.000792998510656; -0.00224093564502
24842.34234234234; -0.000788802746441; -0.00226459034078
24845.34534534534; -0.000784638132875; -0.00228781890211
24848.34834834835; -0.000780849448781; -0.002310322745
24851.35135135135; -0.000776913174716; -0.00233261428203
24854.35435435435; -0.000773349939747; -0.00235565196301
24857.35735735736; -0.000769713404907; -0.00237764741776
24860.36036036036; -0.000765583420288; -0.0024008574227
24863.36336336336; -0.000762046745728; -0.0024219151092
24866.36636636636; -0.000758396903395; -0.00244435225996
24869.36936936937; -0.000755088129229; -0.00246650797017
24872.37237237237; -0.000751242804247; -0.00248863806943
24875.37537537538; -0.000746346865232; -0.00250963793596
24878.37837837838; -0.000744679214915; -0.00253227148924
24881.38138138138; -0.000740373333556; -0.00255224416462
24884.38438438439; -0.000736889009759; -0.00257428322665
24887.38738738739; -0.000732762952988; -0.00259586399584
24890.39039039039; -0.000729198659909; -0.00261556656417
24893.39339339339; -0.000726530789236; -0.00263627873373
24896.3963963964; -0.000722334854078; -0.002657735925
24899.3993993994; -0.000719187700933; -0.00267890514318
24902.4024024024; -0.000716722729251; -0.00269947437978
24905.40540540541; -0.00071212003634; -0.0027194655668
24908.40840840841; -0.00070903631471; -0.00274035160615
24911.41141141141; -0.000706200459438; -0.00275952625041
24914.41441441442; -0.000703510451382; -0.0027807956756
24917.41741741742; -0.000700186899856; -0.0028002156192
24920.42042042042; -0.000697271695672; -0.00281912470301
24923.42342342342; -0.00069337531686; -0.00284026484139
24926.42642642643; -0.000690933656042; -0.00286005482219
24929.42942942943; -0.000687861463594; -0.00287986347239
24932.43243243243; -0.000684354068254; -0.00289960583216
24935.43543543544; -0.00068150628982; -0.00291889777991
24938.43843843844; -0.000679103729088; -0.00293905140773
24941.44144144144; -0.000675011101302; -0.00295783230298
24944.44444444445; -0.000671893087515; -0.00297629677155
24947.44744744745; -0.000670151034337; -0.00299545391678
24950.45045045045; -0.00066572382703; -0.00301479437757
24953.45345345345; -0.000663204579076; -0.00303359006932
24956.45645645646; -0.000661482834122; -0.00305287667381
24959.45945945946; -0.000658357030155; -0.00307166572213
24962.46246246246; -0.000654920194491; -0.00308913495246
24965.46546546547; -0.000652614209558; -0.00310827225815
24968.46846846847; -0.000649379811027; -0.00312646096075
24971.47147147147; -0.000646544837202; -0.00314456410627
24974.47447447447; -0.000644208491442; -0.00316258099153
24977.47747747748; -0.000640433733347; -0.00318060485863
24980.48048048048; -0.000638451731047; -0.00319965866851
24983.48348348348; -0.000635948191256; -0.00321809877121
24986.48648648649; -0.000634136664112; -0.00323488125706
24989.48948948949; -0.000631026434039; -0.0032527576508
24992.49249249249; -0.000627865889733; -0.0032705825516
24995.4954954955; -0.000625862730459; -0.00328836171858
24998.4984984985; -0.000622937112887; -0.00330531937512
25001.5015015015; -0.000620342083956; -0.00332202800214
25004.5045045045; -0.000618064334183; -0.00333991935102
25007.50750750751; -0.000616176793205; -0.00335708976422
25010.51051051051; -0.000612214321504; -0.00337478786192
25013.51351351351; -0.000610399456795; -0.00339110638358
25016.51651651652; -0.000608860092502; -0.00340787700482
25019.51951951952; -0.000605835166768; -0.00342599199169
25022.52252252252; -0.000603569885807; -0.00344233320795
25025.52552552553; -0.000601136573875; -0.00345914450556
25028.52852852853; -0.000599181177114; -0.0034753806334
25031.53153153153; -0.000595714980798; -0.00349139402782
25034.53453453453; -0.000593284537983; -0.00350846135904
25037.53753753754; -0.000592295759038; -0.00352494254989
25040.54054054054; -0.000588941653115; -0.00354114297302
25043.54354354354; -0.000586234676762; -0.00355709582182
25046.54654654655; -0.000584365255557; -0.00357307271326
25049.54954954955; -0.000581890075869; -0.00358879736168
25052.55255255255; -0.00058037796297; -0.00360467500586
25055.55555555555; -0.000577398429538; -0.00362149246453
25058.55855855856; -0.000574920195243; -0.00363733528309
25061.56156156156; -0.000572943299496; -0.00365298906688
25064.56456456456; -0.000570502533552; -0.00366879069462
25067.56756756757; -0.000569322478041; -0.00368406108758
25070.57057057057; -0.000566795565224; -0.0036996711829
25073.57357357357; -0.000564307040995; -0.00371518889894
25076.57657657658; -0.000562598049925; -0.00373068536798
25079.57957957958; -0.000560738733663; -0.00374620236182
25082.58258258258; -0.000557900411705; -0.00376236421821
25085.58558558558; -0.000556328731613; -0.00377722179245
25088.58858858859; -0.000553853473726; -0.00379241967113
25091.59159159159; -0.000553035260318; -0.00380841806752
25094.59459459459; -0.000550882158765; -0.00382249371638
25097.5975975976; -0.000547447640723; -0.00383689986561
25100.6006006006; -0.000545502360715; -0.00385201736127
25103.6036036036; -0.000544247147455; -0.00386625157206
25106.60660660661; -0.000542116519951; -0.0038811129916
25109.60960960961; -0.000540091506501; -0.00389603602691
25112.61261261261; -0.000538475626236; -0.00391007888394
25115.61561561561; -0.000536489971711; -0.00392526610258
25118.61861861862; -0.00053372059249; -0.00394019335828
25121.62162162162; -0.000532201332408; -0.00395330009755
25124.62462462462; -0.000530456567132; -0.0039682855841
25127.62762762763; -0.000528469096129; -0.00398152473691
25130.63063063063; -0.000527026652135; -0.00399566372976
25133.63363363363; -0.000524742499373; -0.00401132119959
25136.63663663663; -0.000522422286711; -0.00402554336452
25139.63963963964; -0.000521118720532; -0.0040385604872
25142.64264264264; -0.000519697764459; -0.00405364616124
25145.64564564564; -0.00051822129672; -0.00406675512155
25148.64864864865; -0.000515213401071; -0.00408060280064
25151.65165165165; -0.000513766271979; -0.00409389524944
25154.65465465466; -0.000511619034226; -0.0041083939591
25157.65765765766; -0.000510879326947; -0.00412143516333
25160.66066066066; -0.000508602270272; -0.00413582350023
25163.66366366366; -0.000506920711113; -0.00414890278162
25166.66666666667; -0.000505052297792; -0.00416244478346
25169.66966966967; -0.000503736198151; -0.00417567048905
25172.67267267267; -0.000500965957995; -0.00418940863108
25175.67567567568; -0.000500438087633; -0.00420346392
25178.67867867868; -0.00049967542642; -0.00421547176605
25181.68168168168; -0.000497304712668; -0.00422917534789
25184.68468468469; -0.000495252264697; -0.00424161308365
25187.68768768769; -0.000493066794382; -0.00425498748879
25190.69069069069; -0.000492007503999; -0.00426871994928
25193.69369369369; -0.000490294265695; -0.00428126922979
25196.6966966967; -0.000489114412706; -0.00429510312013
25199.6996996997; -0.000485954957465; -0.00430703354999
25202.7027027027; -0.000485106357993; -0.004320949382
25205.70570570571; -0.000483453508283; -0.00433347373918
25208.70870870871; -0.000482563825779; -0.00434610111219
25211.71171171171; -0.000480161053201; -0.00435863272384
25214.71471471472; -0.000478070386219; -0.00437105222794
25217.71771771772; -0.000477760540684; -0.00438437537934
25220.72072072072; -0.000475471704565; -0.00439672765872
25223.72372372372; -0.000474623667777; -0.00440899129246
25226.72672672673; -0.000472976573707; -0.00442152146346
25229.72972972973; -0.000471036803802; -0.0044342621333
25232.73273273273; -0.000469923786901; -0.00444604261578
25235.73573573574; -0.000468318345882; -0.00445913972465
25238.73873873874; -0.000466645458474; -0.00447095412446
25241.74174174174; -0.000466256634136; -0.00448245004216
25244.74474474474; -0.000463590679647; -0.00449541706942
25247.74774774775; -0.000462237191346; -0.00450732118328
25250.75075075075; -0.000461666963397; -0.00452064454366
25253.75375375375; -0.000459379281365; -0.00453096256981
25256.75675675676; -0.000456898933959; -0.00454393136681
25259.75975975976; -0.000457200667195; -0.00455564128377
25262.76276276276; -0.000455921496345; -0.00456788873369
25265.76576576577; -0.000454342981368; -0.00457875982083
25268.76876876877; -0.000452593084924; -0.00459058368705
25271.77177177177; -0.000450511349279; -0.00460193636297
25274.77477477477; -0.000449781652955; -0.00461494153738
25277.77777777778; -0.000449024282539; -0.0046249927826
25280.78078078078; -0.000447212654196; -0.00463923771946
25283.78378378378; -0.000446111576618; -0.00464898859278
25286.78678678679; -0.000444174909805; -0.00466119650475
25289.78978978979; -0.000443039618021; -0.00467268913002
25292.79279279279; -0.000442086541797; -0.00468383755854
25295.7957957958; -0.000441012639652; -0.00469439869434
25298.7987987988; -0.000438890120345; -0.00470612602318
25301.8018018018; -0.000437886112376; -0.00471759519722
25304.8048048048; -0.000436401357664; -0.00472956497469
25307.80780780781; -0.000434897904209; -0.00474060941467
25310.81081081081; -0.000434012335914; -0.00475196334998
25313.81381381381; -0.00043230669509; -0.00476335145336
25316.81681681682; -0.000430809775907; -0.00477462355429
25319.81981981982; -0.000430258966655; -0.00478510076051
25322.82282282282; -0.000429141637375; -0.00479673065734
25325.82582582582; -0.00042731076215; -0.00480677963977
25328.82882882883; -0.000426292798719; -0.00481739711175
25331.83183183183; -0.000425750410956; -0.00482856063042
25334.83483483483; -0.00042493731591; -0.00483849814581
25337.83783783784; -0.000423217998852; -0.00485116548892
25340.84084084084; -0.000421510207123; -0.00486093739091
25343.84384384384; -0.000420956618016; -0.00487228291852
25346.84684684685; -0.000419897145376; -0.00488210703465
25349.84984984985; -0.000419606956739; -0.00489301814857
25352.85285285285; -0.000417905644207; -0.00490505028179
25355.85585585585; -0.000415510616555; -0.0049153168421
25358.85885885886; -0.000414689976245; -0.00492628798296
25361.86186186186; -0.000412826388382; -0.0049359551112
25364.86486486486; -0.000413600892568; -0.00494688073059
25367.86786786787; -0.000411497350487; -0.00495659596297
25370.87087087087; -0.000410157876329; -0.00496730080379
25373.87387387388; -0.000409258486342; -0.00497712156992
25376.87687687688; -0.000408007526408; -0.00498816445251
25379.87987987988; -0.000407141395457; -0.00499793406573
25382.88288288288; -0.000406732530685; -0.00500926505381
25385.88588588589; -0.00040441130293; -0.00501886980814
25388.88888888889; -0.00040411165533; -0.00502910198753
25391.89189189189; -0.000402794047532; -0.00503914741645
25394.8948948949; -0.000401781931739; -0.00504899783563
25397.8978978979; -0.000401022260983; -0.00505944941014
25400.9009009009; -0.000398839738979; -0.00507016768252
25403.90390390391; -0.000397950777298; -0.00507928520619
25406.90690690691; -0.000396672883863; -0.00508973622546
25409.90990990991; -0.000396745794231; -0.00509972782243
25412.91291291291; -0.000395657635265; -0.00510893049541
25415.91591591592; -0.000394164981467; -0.0051183838841
25418.91891891892; -0.000394417631138; -0.00512830170641
25421.92192192192; -0.000392407501468; -0.00513847388261
25424.92492492493; -0.000391628800399; -0.00514874314682
25427.92792792793; -0.000391083467558; -0.00515861912213
25430.93093093093; -0.000389659072224; -0.00516811484653
25433.93393393393; -0.000388581088443; -0.00517664765928
25436.93693693694; -0.000387125129958; -0.00518695394354
25439.93993993994; -0.000386832921824; -0.00519633282058
25442.94294294294; -0.000385496112521; -0.00520607321325
25445.94594594595; -0.000384979508151; -0.0052157123638
25448.94894894895; -0.000383132870558; -0.00522539832294
25451.95195195195; -0.00038338685073; -0.00523459178734
25454.95495495496; -0.000380927810604; -0.00524360188794
25457.95795795796; -0.000381024759248; -0.00525362109547
25460.96096096096; -0.000379526954639; -0.00526375777134
25463.96396396396; -0.000378657425827; -0.0052729611961
25466.96696696697; -0.000377572410109; -0.00528179849808
25469.96996996997; -0.000377499017246; -0.00529164370069
25472.97297297297; -0.000375746481308; -0.00530099772987
25475.97597597598; -0.000375970596327; -0.00530983139478
25478.97897897898; -0.00037422757107; -0.00531960910998
25481.98198198198; -0.000373127605185; -0.00532866894932
25484.98498498499; -0.00037270744993; -0.00533811310419
25487.98798798799; -0.000372588769071; -0.00534682585952
25490.99099099099; -0.000370765122087; -0.00535531547738
25493.99399399399; -0.000369770579297; -0.00536448390818
25496.996996997; -0.000368245341286; -0.00537336136015
25500; -0.000367169498465; -0.00538320962843
