% Module: Sweep, ID: c0p1t8p1cfm0
% Devices: DEV646
% Time: 2026/01/16 16:32:59
% Demod 1 Sample X, /dev646/demods/0/sample.X
% Demod 1 Sample Y, /dev646/demods/0/sample.Y
% Frequency (Hz); Demod 1 Sample X  Amplitude (V); Demod 1 Sample Y  Amplitude (V)
21308.75310801838; -4.28854916843e-05; -0.00551470217252
21315.19909082829; -4.36695069888e-05; -0.00551847612157
21321.64507363821; -4.44179824767e-05; -0.00552470915521
21328.09105644813; -4.54423820698e-05; -0.00553098778205
21334.53703925804; -4.66851702518e-05; -0.00553601520466
21340.98302206796; -4.77999542162e-05; -0.0055420329353
21347.42900487788; -4.89249611731e-05; -0.0055476883379
21353.8749876878; -4.94322250528e-05; -0.00555296843552
21360.32097049771; -5.09519705857e-05; -0.00555811463752
21366.76695330763; -5.07498248447e-05; -0.00556511168542
21373.21293611754; -5.21594958013e-05; -0.00556883600829
21379.65891892746; -5.33127480089e-05; -0.0055752527441
21386.10490173738; -5.59995994862e-05; -0.00558160249896
21392.55088454729; -5.54597107547e-05; -0.00558618465866
21398.99686735721; -5.76671993672e-05; -0.00559253644977
21405.44285016713; -5.72430405238e-05; -0.00559864782937
21411.88883297705; -5.84866421021e-05; -0.00560445332381
21418.33481578696; -6.07634034759e-05; -0.00560963284152
21424.78079859688; -6.03189758038e-05; -0.00561621437839
21431.2267814068; -6.1027757954e-05; -0.0056217766292
21437.67276421671; -6.25602652081e-05; -0.00562669007264
21444.11874702663; -6.3864304575e-05; -0.00563362818984
21450.56472983655; -6.46313857139e-05; -0.00563881454365
21457.01071264646; -6.61951240306e-05; -0.00564516258925
21463.45669545638; -6.7456544018e-05; -0.00565110793432
21469.9026782663; -6.87901463468e-05; -0.00565741761991
21476.34866107622; -6.96099538561e-05; -0.00566287872304
21482.79464388613; -7.12405032066e-05; -0.0056695998519
21489.24062669605; -7.28631523669e-05; -0.00567511372694
21495.68660950597; -7.27563182986e-05; -0.00568240556167
21502.13259231588; -7.51017203477e-05; -0.00568821477279
21508.5785751258; -7.53345622975e-05; -0.00569480593648
21515.02455793571; -7.63411530971e-05; -0.0057003104947
21521.47054074563; -7.81518431042e-05; -0.00570656093982
21527.91652355555; -7.94615104748e-05; -0.00571366771037
21534.36250636547; -8.22362385182e-05; -0.00571914139044
21540.80848917538; -8.17221873875e-05; -0.0057264374397
21547.2544719853; -8.27590798518e-05; -0.00573250634138
21553.70045479522; -8.31477404176e-05; -0.00573863907443
21560.14643760513; -8.68413261581e-05; -0.00574413436074
21566.59242041505; -8.69579185201e-05; -0.00575345716956
21573.03840322497; -8.78583741844e-05; -0.00575834818829
21579.48438603488; -8.88118076843e-05; -0.00576450251704
21585.9303688448; -9.03574720499e-05; -0.00577072218673
21592.37635165472; -9.15907551728e-05; -0.00577889478538
21598.82233446464; -9.31427616292e-05; -0.00578522686737
21605.26831727455; -9.47201892959e-05; -0.00579234238826
21611.71430008447; -9.59268898842e-05; -0.00579732621064
21618.16028289439; -9.72372888807e-05; -0.0058045587616
21624.6062657043; -9.81164067009e-05; -0.00581215933967
21631.05224851422; -0.000100775868478; -0.00581971452056
21637.49823132413; -0.000101873053421; -0.00582612808217
21643.94421413405; -0.00010342496103; -0.00583206213008
21650.39019694397; -0.000104605373781; -0.00584002274977
21656.83617975389; -0.000105175151171; -0.00584712616988
21663.2821625638; -0.000107630976571; -0.00585439999474
21669.72814537372; -0.000108832998323; -0.00586138169672
21676.17412818364; -0.000111278432497; -0.00586693748382
21682.62011099355; -0.000111832036194; -0.0058745536835
21689.06609380347; -0.000111979921927; -0.0058827230878
21695.51207661339; -0.00011570483027; -0.00589016408213
21701.9580594233; -0.000117429132732; -0.00589685667659
21708.40404223322; -0.000118914268539; -0.00590368810203
21714.85002504314; -0.000119558044604; -0.00591081670843
21721.29600785306; -0.000122238520836; -0.00591852969519
21727.74199066297; -0.000124300494365; -0.00592713159976
21734.18797347289; -0.00012531160046; -0.0059325246623
21740.63395628281; -0.000126866668191; -0.0059415534409
21747.07993909272; -0.000128986625473; -0.00594874209716
21753.52592190264; -0.000130368984039; -0.00595662867333
21759.97190471255; -0.000131193475; -0.00596395760128
21766.41788752247; -0.000133403597342; -0.00597152079982
21772.86387033239; -0.000135318251761; -0.00597773491543
21779.30985314231; -0.000137993820539; -0.00598768648309
21785.75583595222; -0.000138707742685; -0.00599507931935
21792.20181876214; -0.000141773918903; -0.00600295563322
21798.64780157206; -0.000143639410541; -0.0060104883044
21805.09378438197; -0.000144841042826; -0.00601903149136
21811.53976719189; -0.000146101633493; -0.00602708244034
21817.98575000181; -0.000147817344294; -0.00603459352129
21824.43173281172; -0.000151395499536; -0.00604320146272
21830.87771562164; -0.000152227833378; -0.0060512158368
21837.32369843156; -0.000154521330607; -0.00605921597452
21843.76968124148; -0.000156297346118; -0.00606647361668
21850.21566405139; -0.000157814873849; -0.00607481515221
21856.66164686131; -0.000159987684042; -0.00608327596338
21863.10762967123; -0.000163053379868; -0.00609175124167
21869.55361248114; -0.000164838333199; -0.00610020495166
21875.99959529106; -0.000166371072302; -0.00610972962636
21882.44557810097; -0.000168328300485; -0.00611723095156
21888.89156091089; -0.000170563165259; -0.00612589566679
21895.33754372081; -0.000173799901841; -0.00613416803603
21901.78352653073; -0.000176128120645; -0.00614320056707
21908.22950934064; -0.000178439597362; -0.0061514883543
21914.67549215056; -0.000180337217152; -0.00615979358746
21921.12147496048; -0.000182930565675; -0.00616945484628
21927.56745777039; -0.000184497522422; -0.00617926320997
21934.01344058031; -0.000187398162577; -0.00618714449699
21940.45942339023; -0.000190273923605; -0.00619726773627
21946.90540620015; -0.00019138617538; -0.00620586759227
21953.35138901006; -0.000194204349353; -0.0062150294657
21959.79737181998; -0.000196472560912; -0.00622396970658
21966.2433546299; -0.000198892184024; -0.00623328433851
21972.68933743981; -0.000201198912981; -0.00624300606765
21979.13532024973; -0.00020425069153; -0.00625147877999
21985.58130305965; -0.000206580773052; -0.00626039783487
21992.02728586956; -0.00020981072623; -0.00627018682428
21998.47326867948; -0.000212061418923; -0.00628046009048
22004.91925148939; -0.000215086125085; -0.00629009542523
22011.36523429931; -0.00021747301242; -0.00629967096905
22017.81121710923; -0.000220222894108; -0.00630924073694
22024.25719991915; -0.000222274582259; -0.00631937842651
22030.70318272906; -0.000226285714547; -0.00632816006503
22037.14916553898; -0.000229015139634; -0.00633855213539
22043.5951483489; -0.000231985458709; -0.0063488029215
22050.04113115881; -0.000235298539; -0.00635925958724
22056.48711396873; -0.00023691345905; -0.00636877905503
22062.93309677865; -0.000240425940812; -0.00637825913417
22069.37907958857; -0.000243673295163; -0.00638952601668
22075.82506239848; -0.000246749305136; -0.00639947425629
22082.2710452084; -0.000250408300073; -0.00640947625907
22088.71702801832; -0.000252543448188; -0.0064206563721
22095.16301082823; -0.000256223519043; -0.00643134104434
22101.60899363815; -0.000260005491896; -0.00644274437249
22108.05497644807; -0.000262438488507; -0.00645202132057
22114.50095925798; -0.000265040989084; -0.00646412196417
22120.9469420679; -0.000268610611049; -0.00647413723705
22127.39292487782; -0.000272986730025; -0.00648497217321
22133.83890768774; -0.000275325494287; -0.0064943448749
22140.28489049765; -0.000278646443153; -0.00650643709599
22146.73087330757; -0.000283414380048; -0.00651977970022
22153.17685611748; -0.000285641194476; -0.00652876812455
22159.6228389274; -0.000290584051568; -0.00654066863121
22166.06882173732; -0.000293057434988; -0.00655154790277
22172.51480454723; -0.000297055561244; -0.00656394135056
22178.96078735715; -0.000300957527507; -0.00657462434901
22185.40677016707; -0.000304920867034; -0.00658663723043
22191.85275297699; -0.000308018285314; -0.00659873031922
22198.2987357869; -0.000312402913873; -0.00661139267179
22204.74471859682; -0.000316139625847; -0.00662161716582
22211.19070140674; -0.000320389645633; -0.00663615011533
22217.63668421665; -0.00032568879252; -0.00664686658033
22224.08266702657; -0.000329002696131; -0.00665861495134
22230.52864983649; -0.000333346689801; -0.00667127545927
22236.9746326464; -0.000336530557549; -0.00668334580304
22243.42061545632; -0.000342917785711; -0.00669640711109
22249.86659826624; -0.000345298710345; -0.00670856514881
22256.31258107616; -0.000350811267673; -0.00672104293966
22262.75856388607; -0.000354984274895; -0.00673409626559
22269.20454669599; -0.000359195777744; -0.00674734184727
22275.6505295059; -0.000364069697388; -0.00676074706086
22282.09651231582; -0.000369132462428; -0.00677339654655
22288.54249512574; -0.00037373302708; -0.00678653123034
22294.98847793565; -0.000378457643047; -0.00679950827802
22301.43446074557; -0.000382269402326; -0.00681286150125
22307.88044355549; -0.000387748174709; -0.00682715980485
22314.32642636541; -0.000391438513172; -0.00684072122998
22320.77240917532; -0.000397742510757; -0.0068549187263
22327.21839198524; -0.000403027444286; -0.00686898588783
22333.66437479516; -0.000408945233955; -0.00688315393657
22340.11035760507; -0.000414405740615; -0.00689657711264
22346.55634041499; -0.000420452184434; -0.00691003191294
22353.00232322491; -0.0004251417959; -0.0069260830548
22359.44830603482; -0.000431225723102; -0.00693944874467
22365.89428884474; -0.000437170724007; -0.00695403550994
22372.34027165466; -0.000441516259854; -0.00696905638767
22378.78625446458; -0.000447605744905; -0.00698334652831
22385.23223727449; -0.000453879313208; -0.00699948887425
22391.67822008441; -0.000460681816085; -0.00701395527226
22398.12420289432; -0.000466674123668; -0.00702903044876
22404.57018570424; -0.000472217557438; -0.00704514568916
22411.01616851416; -0.000479291465509; -0.00705874364658
22417.46215132407; -0.000484236850023; -0.00707580790895
22423.90813413399; -0.000492604472852; -0.00709046194404
22430.35411694391; -0.000497694621669; -0.00710709118079
22436.80009975383; -0.00050381579502; -0.00712386325367
22443.24608256374; -0.000511893566083; -0.00714036073539
22449.69206537366; -0.000518650300228; -0.00715643530758
22456.13804818358; -0.000525878556972; -0.00717328739468
22462.58403099349; -0.000532337727087; -0.00718938922289
22469.03001380341; -0.000540630360381; -0.0072058119363
22475.47599661333; -0.000548388127323; -0.00722385850182
22481.92197942324; -0.000555577431431; -0.0072401339365
22488.36796223316; -0.000562504020701; -0.00725840471854
22494.81394504308; -0.000570910478856; -0.00727624043465
22501.259927853; -0.000578508815746; -0.00729296386775
22507.70591066291; -0.000587402290644; -0.00731082905875
22514.15189347283; -0.000595001612471; -0.00732864515404
22520.59787628274; -0.000603224017913; -0.00734771375442
22527.04385909266; -0.000611533796145; -0.00736526855528
22533.48984190258; -0.000622016460186; -0.0073842198039
22539.93582471249; -0.000631589310736; -0.00740239612373
22546.38180752241; -0.000639068155376; -0.00742153239332
22552.82779033233; -0.000647493751267; -0.00744019217569
22559.27377314225; -0.000657595323927; -0.00745927470312
22565.71975595216; -0.000666438703877; -0.00747839351899
22572.16573876208; -0.000677375501268; -0.00749868028243
22578.611721572; -0.000687136809979; -0.00751884343902
22585.05770438191; -0.000696505215063; -0.0075387151636
22591.50368719183; -0.000705849229183; -0.00755819203606
22597.94967000175; -0.000717135813813; -0.00757849226377
22604.39565281167; -0.000727858520369; -0.00759965538276
22610.84163562158; -0.000739561476731; -0.00762016298459
22617.2876184315; -0.000749948327323; -0.00764078019838
22623.73360124142; -0.000761836211334; -0.00766265210168
22630.17958405133; -0.000771714602491; -0.00768423618462
22636.62556686125; -0.000784577041073; -0.00770508251769
22643.07154967116; -0.000796189499986; -0.00772636066556
22649.51753248108; -0.000807265010671; -0.00774902326895
22655.963515291; -0.000820094696169; -0.00777230719916
22662.40949810091; -0.000833915258242; -0.00779447475492
22668.85548091083; -0.00084658089839; -0.00781787827769
22675.30146372075; -0.000859907017536; -0.00784008580717
22681.74744653067; -0.000872789018091; -0.00786246327471
22688.19342934058; -0.000886754314005; -0.0078868202319
22694.6394121505; -0.000900426914882; -0.00791161775825
22701.08539496042; -0.00091442241646; -0.00793424137408
22707.53137777033; -0.000928206894016; -0.00795846890964
22713.97736058025; -0.000943151778497; -0.0079833120278
22720.42334339017; -0.000958228471096; -0.00800837292892
22726.86932620009; -0.000974062355386; -0.00803313133293
22733.31530901; -0.000989996604881; -0.00805872852719
22739.76129181992; -0.00100617584342; -0.0080839426215
22746.20727462984; -0.00102165643235; -0.00811005037277
22752.65325743975; -0.0010391450351; -0.00813569140588
22759.09924024967; -0.00105447685728; -0.00816144645417
22765.54522305958; -0.00107322185795; -0.00818905906668
22771.9912058695; -0.00109076053642; -0.00821577217684
22778.43718867942; -0.0011092099864; -0.0082431810472
22784.88317148933; -0.00112911458783; -0.00827018887928
22791.32915429925; -0.00114599292269; -0.00829938785781
22797.77513710917; -0.00116532757726; -0.00832724778501
22804.22111991909; -0.00118479386319; -0.00835490298012
22810.667102729; -0.00120586256921; -0.00838338096125
22817.11308553892; -0.00122764525061; -0.00841271133551
22823.55906834884; -0.00124756790746; -0.00844137927944
22830.00505115875; -0.00127040026658; -0.00847131060169
22836.45103396867; -0.0012907349594; -0.00850212775747
22842.89701677859; -0.00131459178051; -0.00853305991282
22849.34299958851; -0.00133755835956; -0.00856357108407
22855.78898239842; -0.00136169859057; -0.00859378051053
22862.23496520834; -0.00138582548316; -0.00862433613718
22868.68094801826; -0.00141060478886; -0.00865785286332
22875.12693082817; -0.00143598634618; -0.00868916625451
22881.57291363809; -0.00146216715057; -0.00872213169898
22888.01889644801; -0.00148949602393; -0.00875402171867
22894.46487925792; -0.00151684118707; -0.00878857907078
22900.91086206784; -0.00154448011749; -0.00882176026849
22907.35684487776; -0.00157225514863; -0.00885508762476
22913.80282768767; -0.00160268884577; -0.008888934125
22920.24881049759; -0.00163216512412; -0.00892520165476
22926.69479330751; -0.00166360001298; -0.0089587916314
22933.14077611742; -0.00169476155777; -0.00899315511405
22939.58675892734; -0.00172695082028; -0.00902927168295
22946.03274173726; -0.00175999267361; -0.00906577345468
22952.47872454717; -0.0017946926263; -0.0091010445877
22958.92470735709; -0.00182885891212; -0.00913948828232
22965.37069016701; -0.00186612994448; -0.00917651165059
22971.81667297693; -0.00190278856076; -0.0092127746249
22978.26265578684; -0.00194095613204; -0.00925240633183
22984.70863859676; -0.00197749961805; -0.00928950100882
22991.15462140668; -0.00201789897921; -0.00932933140698
22997.60060421659; -0.00205929544626; -0.00936787823246
23004.04658702651; -0.00210150005981; -0.00940648909616
23010.49256983643; -0.00214538222346; -0.00944692554139
23016.93855264634; -0.00218911674107; -0.00948651325046
23023.38453545626; -0.00223500692187; -0.00952659602216
23029.83051826618; -0.00228121284318; -0.00956904596607
23036.27650107609; -0.00232936857926; -0.00960944510338
23042.72248388601; -0.00237822569838; -0.00965146465243
23049.16846669593; -0.00243024534703; -0.00969233842723
23055.61444950584; -0.00248207554511; -0.00973533273632
23062.06043231576; -0.00253519604037; -0.00977707293599
23068.50641512568; -0.0025916960411; -0.00981872719989
23074.95239793559; -0.00264858715389; -0.00986229394448
23081.39838074551; -0.00270597461648; -0.00990451251407
23087.84436355543; -0.00276631754878; -0.00994803053382
23094.29034636535; -0.00282679433331; -0.00999061195699
23100.73632917526; -0.00289312655369; -0.0100342850796
23107.18231198518; -0.00295834806293; -0.010079344448
23113.6282947951; -0.00302573042734; -0.0101226804744
23120.07427760501; -0.00309380118008; -0.0101674259188
23126.52026041493; -0.00316615124372; -0.0102106158565
23132.96624322485; -0.00324029295078; -0.0102553769584
23139.41222603476; -0.00331571550564; -0.0102986271201
23145.85820884468; -0.00339413450296; -0.0103414388461
23152.3041916546; -0.00347570734182; -0.010386108092
23158.75017446451; -0.00355775242891; -0.0104302430121
23165.19615727443; -0.00364289915918; -0.0104729010161
23171.64214008435; -0.00373170260006; -0.0105161674943
23178.08812289426; -0.00382186677826; -0.0105582179559
23184.53410570418; -0.00391357222846; -0.0106007869627
23190.9800885141; -0.00401031173621; -0.0106418870423
23197.42607132401; -0.00410941498335; -0.0106830208828
23203.87205413393; -0.00421190635532; -0.0107236442116
23210.31803694385; -0.00431648057658; -0.0107628715189
23216.76401975377; -0.0044246947035; -0.0108006810281
23223.21000256368; -0.00453652326334; -0.0108371745537
23229.6559853736; -0.00465088953075; -0.0108742846595
23236.10196818352; -0.0047694539472; -0.0109090483265
23242.54795099343; -0.00489198320635; -0.0109426868092
23248.99393380335; -0.00501681387969; -0.0109739285028
23255.43991661327; -0.00514526728053; -0.0110036212114
23261.88589942319; -0.00528050831242; -0.0110312926499
23268.3318822331; -0.00541582542993; -0.0110563269207
23274.77786504302; -0.00555708902891; -0.0110813320001
23281.22384785293; -0.00570181987654; -0.011101751549
23287.66983066285; -0.00585082333852; -0.0111196110425
23294.11581347277; -0.00600267734585; -0.0111349386002
23300.56179628268; -0.00616204386784; -0.0111459147242
23307.0077790926; -0.00632125693164; -0.0111538799487
23313.45376190252; -0.00648695579885; -0.0111565523396
23319.89974471243; -0.00665755379876; -0.0111560518102
23326.34572752235; -0.00682974576312; -0.0111510293659
23332.79171033227; -0.00700706985866; -0.0111406463352
23339.23769314219; -0.00718966577916; -0.0111265598578
23345.6836759521; -0.00737478569641; -0.0111042627109
23352.12965876202; -0.00756444195717; -0.011079330744
23358.57564157194; -0.00775855027323; -0.0110454597808
23365.02162438185; -0.0079558541262; -0.0110048313985
23371.46760719177; -0.00815584186691; -0.0109565708512
23377.91359000169; -0.00835972683213; -0.010902755196
23384.35957281161; -0.00856575084659; -0.0108390944366
23390.80555562152; -0.00877532696269; -0.0107677875599
23397.25153843144; -0.00898624565433; -0.0106858788644
23403.69752124135; -0.0091991104236; -0.0105968593015
23410.14350405127; -0.0094159905043; -0.0104965688014
23416.58948686119; -0.00962939808104; -0.0103866367273
23423.0354696711; -0.00984596235376; -0.0102663618654
23429.48145248102; -0.0100622415162; -0.0101344587304
23435.92743529094; -0.0102752502543; -0.0099927434459
23442.37341810085; -0.0104882793532; -0.00983922353548
23448.81940091077; -0.0106980663812; -0.00967242101469
23455.26538372069; -0.0109066450419; -0.00949654892195
23461.71136653061; -0.011109153367; -0.0093057701368
23468.15734934052; -0.0113077408906; -0.00910431373883
23474.60333215044; -0.0115001221943; -0.00888991589183
23481.04931496036; -0.0116860540351; -0.00866611194059
23487.49529777027; -0.0118630609871; -0.00842872957175
23493.94128058019; -0.0120324625521; -0.0081820534962
23500.38726339011; -0.0121933428827; -0.00792224313149
23506.83324620003; -0.0123408905185; -0.00765375793592
23513.27922900994; -0.0124793783043; -0.00737416342912
23519.72521181986; -0.0126050723624; -0.00708582554949
23526.17119462977; -0.0127176852628; -0.00678967259317
23532.61717743969; -0.012816056138; -0.00648418925869
23539.06316024961; -0.0129009957854; -0.0061758476049
23545.50914305952; -0.0129696165751; -0.00585979837527
23551.95512586944; -0.0130224201346; -0.00554062917143
23558.40110867936; -0.0130610360848; -0.0052175840273
23564.84709148928; -0.0130822437078; -0.00489168615394
23571.29307429919; -0.013087548284; -0.00456633553381
23577.73905710911; -0.0130765270931; -0.00424113151023
23584.18503991903; -0.0130505286958; -0.00391738569215
23590.63102272894; -0.0130071319941; -0.00359534738806
23597.07700553886; -0.0129480445598; -0.00327862941516
23603.52298834878; -0.0128764404866; -0.00296718856384
23609.96897115869; -0.0127873632165; -0.00266153926806
23616.41495396861; -0.0126854818706; -0.00236161313617
23622.86093677853; -0.0125701373633; -0.00207197548693
23629.30691958845; -0.0124430552463; -0.00178884659589
23635.75290239836; -0.0123041253997; -0.00151676295726
23642.19888520828; -0.0121517854403; -0.00125404919973
23648.6448680182; -0.0119927244054; -0.00100116029521
23655.09085082811; -0.0118236983527; -0.000760804417481
23661.53683363803; -0.0116477469375; -0.00053003021358
23667.98281644794; -0.0114648109444; -0.000312219444861
23674.42879925786; -0.0112741626281; -0.000106406505112
23680.87478206778; -0.0110788219111; 8.89988862095e-05
23687.3207648777; -0.0108803001191; 0.000272175939107
23693.76674768761; -0.0106776976722; 0.000444292477841
23700.21273049753; -0.0104711798529; 0.000604212164987
23706.65871330745; -0.0102644320824; 0.000751978775555
23713.10469611736; -0.0100558875631; 0.000889972266319
23719.55067892728; -0.00984476883666; 0.00101708267292
23725.9966617372; -0.00963558554488; 0.00113377442471
23732.44264454711; -0.00942677522075; 0.00123942675002
23738.88862735703; -0.00921842865994; 0.00133658958868
23745.33461016695; -0.00901100786332; 0.00142284038316
23751.78059297687; -0.00880813598831; 0.0015007713311
23758.22657578678; -0.0086069810685; 0.00157009939276
23764.6725585967; -0.00840723992501; 0.00163253650636
23771.11854140662; -0.00821291570432; 0.00168558460889
23777.56452421653; -0.00801884397033; 0.00173140096585
23784.01050702645; -0.00783116963826; 0.00177148906424
23790.45648983637; -0.00764732878886; 0.00180699143458
23796.90247264628; -0.00746455400303; 0.00183506205388
23803.3484554562; -0.00728664049328; 0.00185826932499
23809.79443826612; -0.00711351037356; 0.00187662147065
23816.24042107603; -0.00694137003749; 0.00189014454161
23822.68640388595; -0.00677414054612; 0.00189750503325
23829.13238669587; -0.00661087725063; 0.00190247791377
23835.57836950578; -0.00645033173791; 0.00190176243037
23842.0243523157; -0.00629517055522; 0.00189781695387
23848.47033512562; -0.00614180123449; 0.00189096328419
23854.91631793553; -0.00599485665385; 0.00188071340786
23861.36230074545; -0.00585027916003; 0.00186699852092
23867.80828355537; -0.00570976256267; 0.00184902389836
23874.25426636529; -0.00557398837923; 0.00183086089579
23880.7002491752; -0.00543998709748; 0.00180820690976
23887.14623198512; -0.00531106240728; 0.00178564781839
23893.59221479504; -0.00518420073977; 0.0017594959758
23900.03819760495; -0.00506363812986; 0.00173162156355
23906.48418041487; -0.00494391037037; 0.0017022930717
23912.93016322479; -0.00482788202446; 0.00167188622341
23919.3761460347; -0.00471627705237; 0.00164004734977
23925.82212884462; -0.00460674645844; 0.00160772297278
23932.26811165454; -0.00450075052782; 0.00157216221607
23938.71409446445; -0.00439828142963; 0.00153645921871
23945.16007727437; -0.0042978804496; 0.00150021986812
23951.60606008429; -0.00420086998535; 0.00146525352354
23958.0520428942; -0.00410772155418; 0.00142782969622
23964.49802570412; -0.00401558116868; 0.0013895387111
23970.94400851404; -0.00392483189971; 0.00135172635922
23977.38999132395; -0.00383849498023; 0.0013123478103
23983.83597413387; -0.0037551545559; 0.00127258914478
23990.28195694379; -0.00367197921809; 0.00123390989279
23996.72793975371; -0.00359284346582; 0.00119318980388
24003.17392256362; -0.00351602632352; 0.00115320908487
24009.61990537354; -0.00344140917865; 0.00111325042033
24016.06588818346; -0.00336765530361; 0.00107432700608
24022.51187099337; -0.00329795673856; 0.00103222495139
24028.95785380329; -0.00322874127635; 0.000992918139258
24035.40383661321; -0.00316099377332; 0.000952297902244
24041.84981942312; -0.00309740938975; 0.000912069487841
24048.29580223304; -0.00303329891927; 0.000871916058128
24054.74178504296; -0.00297119717424; 0.000831953634612
24061.18776785287; -0.00291258457664; 0.000790514454101
24067.63375066279; -0.00285328028214; 0.000752208173455
24074.07973347271; -0.00279534708473; 0.000712345162285
24080.52571628262; -0.00274168284577; 0.000673044576785
24086.97169909254; -0.00268816393465; 0.000634416481915
24093.41768190246; -0.00263535234482; 0.000594891003271
24099.86366471237; -0.00258373124857; 0.000556666595798
24106.30964752229; -0.0025349303331; 0.000517784558753
24112.75563033221; -0.00248580269195; 0.000480088008839
24119.20161314213; -0.00243978443102; 0.000441128202142
24125.64759595204; -0.00239428035937; 0.000404605113879
24132.09357876196; -0.00234937812211; 0.000367836645871
24138.53956157188; -0.0023054187039; 0.00032962234762
24144.98554438179; -0.00226428128578; 0.000294618841579
24151.43152719171; -0.00222170620685; 0.000257591581865
24157.87751000163; -0.00218092183272; 0.000220376510308
24164.32349281154; -0.00214219879664; 0.000183677337292
24170.76947562146; -0.00210386537153; 0.00014986036309
24177.21545843138; -0.00206687434557; 0.000115273227397
24183.66144124129; -0.00203112204696; 7.96339860986e-05
24190.10742405121; -0.00199515892956; 4.5477774192e-05
24196.55340686113; -0.00195978666801; 1.17319945476e-05
24202.99938967104; -0.00192707480586; -2.21459596818e-05
24209.44537248096; -0.00189362775119; -5.74794753712e-05
24215.89135529088; -0.00186121727174; -8.96089987929e-05
24222.3373381008; -0.00182968153513; -0.000121937038288
24228.78332091071; -0.00179900137854; -0.000154321709364
24235.22930372063; -0.00176766899677; -0.000187559580658
24241.67528653055; -0.00173971067131; -0.000218697362954
24248.12126934046; -0.00171228765098; -0.000249696231876
24254.56725215038; -0.00168190485388; -0.000282001826281
24261.0132349603; -0.00165577268342; -0.000311988672172
24267.45921777021; -0.00162868589652; -0.000342602783046
24273.90520058013; -0.00160363505047; -0.000373091603741
24280.35118339005; -0.00157691236779; -0.000403618120668
24286.79716619996; -0.00155265999825; -0.00043367436163
24293.24314900988; -0.0015286609258; -0.000462072268612
24299.6891318198; -0.00150414150682; -0.00049108811206
24306.13511462971; -0.00148036090181; -0.000519295956244
24312.58109743963; -0.00145820696293; -0.000547920534319
24319.02708024955; -0.00143631911826; -0.0005778583912
24325.47306305946; -0.00141396090492; -0.000604986003453
24331.91904586938; -0.0013915368601; -0.000632179881963
24338.3650286793; -0.00137156672389; -0.00065915121467
24344.81101148922; -0.0013504105723; -0.000686724622307
24351.25699429913; -0.00133060485429; -0.000713329378457
24357.70297710905; -0.00131196674138; -0.000739685359429
24364.14895991897; -0.00129256552431; -0.000766099410617
24370.59494272888; -0.00127357928795; -0.000791730681902
24377.0409255388; -0.00125520990136; -0.000817270738267
24383.48690834872; -0.00123693960156; -0.000842159313994
24389.93289115863; -0.00121913136584; -0.000867984638059
24396.37887396855; -0.00120277639155; -0.00089272265386
24402.82485677847; -0.00118497678473; -0.000917503940589
24409.27083958839; -0.00116785691125; -0.000941127334506
24415.7168223983; -0.00115202102671; -0.0009648786401
24422.16280520822; -0.00113585663253; -0.000990615492359
24428.60878801813; -0.00111965565052; -0.0010133263929
24435.05477082805; -0.00110527705092; -0.00103594835655
24441.50075363797; -0.00109040510887; -0.00105981332362
24447.94673644788; -0.00107550639405; -0.00108208179098
24454.3927192578; -0.00106106160611; -0.00110400912969
24460.83870206772; -0.00104637245106; -0.00112798040605
24467.28468487764; -0.0010332258371; -0.00114875069633
24473.73066768755; -0.0010187834472; -0.00117167915422
24480.17665049747; -0.00100643265887; -0.0011924975952
24486.62263330739; -0.000991803863916; -0.0012145118053
24493.0686161173; -0.000977447350553; -0.00123688940976
24499.51459892722; -0.000966124115859; -0.00125694228201
24505.96058173714; -0.00095442852191; -0.00127908459379
24512.40656454705; -0.000941828519778; -0.00129837713215
24518.85254735697; -0.000928417271413; -0.00131874745271
24525.29853016689; -0.00091662948499; -0.00134003740544
24531.74451297681; -0.000906385617522; -0.0013601177077
24538.19049578672; -0.000894888615878; -0.00137894105164
24544.63647859664; -0.000884282226681; -0.00139993036922
24551.08246140656; -0.000871890433915; -0.00141844947589
24557.52844421647; -0.000861884857245; -0.00143793284806
24563.97442702639; -0.000851077757942; -0.0014575014026
24570.4204098363; -0.000840938830285; -0.0014758755245
24576.86639264622; -0.000830253992502; -0.00149441222972
24583.31237545614; -0.000820074535726; -0.00151444963813
24589.75835826606; -0.000809868927499; -0.00153252776717
24596.20434107597; -0.000800785127644; -0.00154986956275
24602.65032388589; -0.000791716215234; -0.00156860823441
24609.09630669581; -0.000781017060631; -0.0015860774485
24615.54228950572; -0.000773032005434; -0.00160540354295
24621.98827231564; -0.000762145910154; -0.00162193178065
24628.43425512556; -0.00075427738501; -0.00163873769016
24634.88023793547; -0.000744966336978; -0.00165772613809
24641.32622074539; -0.000736390067392; -0.00167450522261
24647.77220355531; -0.000728821767855; -0.00168997513876
24654.21818636523; -0.00072033836483; -0.0017069069177
24660.66416917514; -0.000710515045538; -0.00172390730469
24667.11015198506; -0.00070468973127; -0.00174010786969
24673.55613479498; -0.000696765532637; -0.00175768950401
24680.00211760489; -0.000687893924129; -0.00177331002655
24686.44810041481; -0.000679473007536; -0.00178910682485
24692.89408322472; -0.000672112503668; -0.00180559147676
24699.34006603464; -0.000664514830634; -0.00182004840487
24705.78604884456; -0.000657020538004; -0.00183713178921
24712.23203165448; -0.000650061088802; -0.00185130560403
24718.67801446439; -0.000644201402426; -0.00186813815024
24725.12399727431; -0.000636927564876; -0.00188348599726
24731.56998008423; -0.000629785028359; -0.00189717919443
24738.01596289414; -0.000623047911418; -0.00191249891813
24744.46194570406; -0.000616006701122; -0.00192762714146
24750.90792851398; -0.00060948224315; -0.00194347975125
24757.35391132389; -0.000603256612457; -0.00195739312912
24763.79989413381; -0.000595706794108; -0.00197154800998
24770.24587694373; -0.000589933416353; -0.00198678517503
24776.69185975365; -0.000583039468627; -0.00200071400988
24783.13784256356; -0.000579112998167; -0.00201479613278
24789.58382537348; -0.000571258368069; -0.00202871305092
24796.0298081834; -0.000565806644997; -0.00204257278725
24802.47579099331; -0.000559844524385; -0.00205708722579
24808.92177380323; -0.000554735777071; -0.00207014914385
24815.36775661314; -0.000547311481212; -0.00208338542071
24821.81373942306; -0.000542192243517; -0.00209727065648
24828.25972223298; -0.00053676382624; -0.00211061605744
24834.7057050429; -0.000531052889302; -0.00212432445883
24841.15168785281; -0.0005269504914; -0.00213657130798
24847.59767066273; -0.000520543422108; -0.00214972186276
24854.04365347265; -0.000516045313616; -0.00216294080576
24860.48963628256; -0.000511254379237; -0.00217568918632
24866.93561909248; -0.000506558063214; -0.0021886775404
24873.3816019024; -0.000501734103363; -0.00220064700512
24879.82758471232; -0.000495893213641; -0.00221368066454
24886.27356752223; -0.00049224266344; -0.00222699590376
24892.71955033215; -0.000486382832139; -0.00223839710195
24899.16553314207; -0.000481223397637; -0.00225020486343
24905.61151595198; -0.000476907242827; -0.00226259176613
24912.0574987619; -0.000472203600007; -0.00227479467996
24918.50348157182; -0.000466608319341; -0.00228646459585
24924.94946438173; -0.000462571730842; -0.00229954777613
24931.39544719165; -0.000458760598264; -0.00231005907889
24937.84143000156; -0.000454564344325; -0.0023226323041
24944.28741281148; -0.000450226721823; -0.00233359566533
24950.7333956214; -0.000446257388211; -0.00234429382192
24957.17937843132; -0.000442306196089; -0.00235593960239
24963.62536124123; -0.000437073276458; -0.0023677769319
24970.07134405115; -0.000432608534674; -0.00237978716728
24976.51732686107; -0.000428378196786; -0.0023902574643
24982.96330967098; -0.000426117331101; -0.00240076880029
24989.4092924809; -0.000419481995387; -0.00241184045423
24995.85527529082; -0.000418445226924; -0.00242364071652
25002.30125810074; -0.000413760552991; -0.00243313112805
25008.74724091065; -0.00040964537752; -0.00244594883506
25015.19322372057; -0.00040629119741; -0.00245602838702
25021.63920653049; -0.000402524779165; -0.00246664403259
25028.0851893404; -0.000399706991966; -0.00247715492272
25034.53117215032; -0.000396350475899; -0.0024878305663
25040.97715496024; -0.000391497998024; -0.0024971196784
25047.42313777015; -0.000387369577825; -0.0025083744098
25053.86912058007; -0.000384613090658; -0.00251738710226
25060.31510338998; -0.000380089942192; -0.00252933639999
25066.7610861999; -0.000377392674489; -0.00253932038689
25073.20706900982; -0.000374770301627; -0.00254929843001
25079.65305181974; -0.000371817634728; -0.00255904732709
25086.09903462965; -0.000367968475221; -0.0025685267563
25092.54501743957; -0.000364959809135; -0.00257951342763
25098.99100024949; -0.000362334479769; -0.00258908778375
25105.4369830594; -0.000358459877975; -0.00259826272691
25111.88296586932; -0.000355910855779; -0.00260737072772
25118.32894867924; -0.000351918183448; -0.00261765298843
25124.77493148916; -0.000349101016412; -0.00262597358436
25131.22091429907; -0.000346797050264; -0.00263579462538
25137.66689710899; -0.000342935345654; -0.00264501122553
25144.11287991891; -0.000341311931483; -0.00265382461105
25150.55886272882; -0.000336665866949; -0.00266456157304
25157.00484553874; -0.000334814584129; -0.00267406609484
25163.45082834866; -0.000331360007427; -0.00268280120685
25169.89681115857; -0.000329038385795; -0.00269170836549
25176.34279396849; -0.000326961168664; -0.00270148725776
25182.78877677841; -0.00032380283705; -0.00271068665942
25189.23475958832; -0.000320598195542; -0.00271890518996
25195.68074239824; -0.00031856006474; -0.00272732839482
25202.12672520816; -0.000313436817372; -0.00273561545303
25208.57270801807; -0.000313156354586; -0.0027454331794
25215.01869082799; -0.000311006397028; -0.00275386158733
25221.46467363791; -0.000308564138823; -0.00276273860145
25227.91065644782; -0.000305830313288; -0.00277183660989
25234.35663925774; -0.00030265753816; -0.00277962416342
25240.80262206766; -0.000299938058754; -0.0027879815491
25247.24860487758; -0.000297806528921; -0.00279706985679
25253.69458768749; -0.000294662134738; -0.00280457263092
25260.14057049741; -0.000292762333839; -0.00281376067543
25266.58655330733; -0.000291054848387; -0.00282102608555
25273.03253611724; -0.000287954191676; -0.00282900843763
25279.47851892716; -0.000285738344175; -0.00283876844278
25285.92450173708; -0.000284174463933; -0.00284698057692
25292.37048454699; -0.000280578992059; -0.00285464866004
25298.81646735691; -0.00027890805413; -0.00286245227049
25305.26245016683; -0.000278257588661; -0.00287056088153
25311.70843297675; -0.00027538570638; -0.00287838490873
25318.15441578666; -0.000271895427397; -0.00288591460541
25324.60039859658; -0.000270903594424; -0.00289442581706
25331.04638140649; -0.000268599967127; -0.00290102774022
25337.49236421641; -0.000266386553968; -0.00290949439524
25343.93834702633; -0.000264214817714; -0.00291690719662
25350.38432983624; -0.000262194157469; -0.00292527869666
25356.83031264616; -0.000260094112165; -0.00293286463399
25363.27629545608; -0.000257998652849; -0.00294069809125
25369.722278266; -0.00025566984873; -0.00294806143239
25376.16826107591; -0.00025576253298; -0.00295601877711
25382.61424388583; -0.000252015571937; -0.0029637432955
25389.06022669575; -0.000251152280881; -0.00297100834261
25395.50620950566; -0.000248634591365; -0.00297858710707
25401.95219231558; -0.000246748120734; -0.00298378165123
25408.3981751255; -0.000245965628682; -0.00299322112187
25414.84415793541; -0.000241152204982; -0.00300011585299
25421.29014074533; -0.000240700644746; -0.00300564768629
25427.73612355525; -0.000239037368696; -0.00301477296258
25434.18210636517; -0.000238370711688; -0.00302160362386
25440.62808917508; -0.000234777239843; -0.00302903852533
25447.074071985; -0.000234736909034; -0.00303630965038
25453.52005479491; -0.000232440725767; -0.00304192600566
25459.96603760483; -0.000230213267099; -0.00304998885012
25466.41202041475; -0.000228110087288; -0.00305591544377
25472.85800322466; -0.000226587932951; -0.00306305815798
25479.30398603458; -0.000225493562664; -0.00307054569043
25485.7499688445; -0.0002221781158; -0.00307760234987
25492.19595165442; -0.000221366512793; -0.00308406294832
25498.64193446433; -0.000219438850957; -0.00309189821529
25505.08791727425; -0.000218589212867; -0.00309790763773
25511.53390008417; -0.000216843036322; -0.00310477092364
25517.97988289408; -0.000215971853; -0.00311213553426
25524.425865704; -0.000212911816563; -0.00311918791194
25530.87184851392; -0.000212923094955; -0.00312510760356
25537.31783132383; -0.000210434227005; -0.00313213898187
25543.76381413375; -0.000210002272435; -0.00313812012491
25550.20979694367; -0.000207612055821; -0.00314519490507
25556.65577975359; -0.000207363881959; -0.00315091477575
25563.1017625635; -0.00020467332566; -0.00315709910908
25569.54774537342; -0.000203791078718; -0.00316328463182
25575.99372818333; -0.000202210400081; -0.0031691977585
25582.43971099325; -0.000201760981107; -0.00317630101768
25588.88569380317; -0.000198676976096; -0.00318180555297
25595.33167661308; -0.000198383898284; -0.00318910364879
25601.777659423; -0.000195565170072; -0.00319548982917
25608.22364223292; -0.000195582581244; -0.00320171967977
25614.66962504284; -0.000194958231841; -0.00320805081097
25621.11560785275; -0.000191828429252; -0.00321336192334
25627.56159066267; -0.000191616857376; -0.00321901353166
25634.00757347259; -0.000189903853306; -0.00322569779907
25640.4535562825; -0.000188654046485; -0.00323213256061
25646.89953909242; -0.00018775326997; -0.00323853055985
25653.34552190234; -0.000185928655763; -0.00324429048272
25659.79150471226; -0.000183471936043; -0.00325076126923
25666.23748752217; -0.000183871175607; -0.00325523389174
25672.68347033209; -0.000182256498637; -0.00326296803204
25679.12945314201; -0.000181484503505; -0.00326863267308
25685.57543595192; -0.000179323935795; -0.00327389445566
25692.02141876184; -0.00017808755032; -0.00328129356985
25698.46740157175; -0.000177757019279; -0.00328603813272
25704.91338438167; -0.000174742687727; -0.00329195280581
25711.35936719159; -0.00017486347638; -0.00329825914304
25717.8053500015; -0.000173249505729; -0.00330374636385
25724.25133281142; -0.000171081023982; -0.00330943660234
25730.69731562134; -0.000170955281489; -0.00331466176724
25737.14329843126; -0.000169262377938; -0.00332149428394
25743.58928124117; -0.000169156134417; -0.00332640231768
25750.03526405109; -0.000167196286889; -0.00333252242748
25756.48124686101; -0.000168044965812; -0.00333614987612
25762.92722967092; -0.000165118854216; -0.00334468099621
25769.37321248084; -0.000165551633414; -0.00335053589191
25775.81919529076; -0.000163733025139; -0.00335518936739
25782.26517810068; -0.000162699943807; -0.0033606628897
25788.71116091059; -0.000162605905921; -0.00336720327052
25795.15714372051; -0.000161499216304; -0.00337079638397
25801.60312653043; -0.000160461383672; -0.00337910823969
25808.04910934034; -0.000159500691376; -0.00338278018751
25814.49509215026; -0.000158521668125; -0.00338751001978
25820.94107496017; -0.000156898134644; -0.00339351898583
25827.38705777009; -0.000156719733089; -0.00339828100795
25833.83304058001; -0.000157074778635; -0.00340517109185
25840.27902338992; -0.000156581916424; -0.00340924931341
25846.72500619984; -0.000154648128807; -0.00341364452897
25853.17098900976; -0.000155901896916; -0.0034185796768
25859.61697181968; -0.00015415406804; -0.00342350197105
25866.06295462959; -0.000153358188642; -0.00342751224595
25872.50893743951; -0.000151539764678; -0.0034319512059
25878.95492024943; -0.000149734608366; -0.00343653811312
25885.40090305934; -0.000148968456394; -0.00344229684636
25891.84688586926; -0.000148096370905; -0.00344694767658
25898.29286867918; -0.000148288270577; -0.00345266856805
25904.7388514891; -0.00014628932172; -0.00345596959632
25911.18483429901; -0.000144357683288; -0.00346015245368
25917.63081710893; -0.000142967712614; -0.00346580372438
25924.07679991885; -0.000140934312033; -0.0034713264767
25930.52278272876; -0.000140337042249; -0.00347575732769
25936.96876553868; -0.000139888983525; -0.0034811085834
25943.41474834859; -0.0001386217363; -0.00348524230306
25949.86073115851; -0.000137331410822; -0.00349060521024
25956.30671396843; -0.000136365811532; -0.00349550588458
25962.75269677835; -0.000134543315741; -0.00350121549396
25969.19867958826; -0.000133993632177; -0.00350536556662
25975.64466239818; -0.000132875635935; -0.00351072843027
25982.0906452081; -0.00013285202529; -0.00351660150576
25988.53662801801; -0.000131121931898; -0.00352146388539
25994.98261082793; -0.000131212797815; -0.00352593862847
26001.42859363785; -0.000129789679897; -0.00352991031266
26007.87457644776; -0.000128641204142; -0.00353553738008
26014.32055925768; -0.000128232924449; -0.00354050686356
26020.7665420676; -0.000126101170152; -0.00354417774674
26027.21252487752; -0.000126068523377; -0.00355026474791
26033.65850768743; -0.000125135471476; -0.00355568442868
26040.10449049735; -0.000124293158875; -0.00356002554231
26046.55047330727; -0.000123487546262; -0.00356443161664
26052.99645611718; -0.00012231677288; -0.003568039721
26059.4424389271; -0.000122589071626; -0.00357335251939
26065.88842173701; -0.000120318172797; -0.00357773268519
26072.33440454693; -0.00012071382854; -0.00358244624215
26078.78038735685; -0.000118572298026; -0.00358779552968
26085.22637016677; -0.000118555512555; -0.00359284894582
26091.67235297668; -0.000117065276675; -0.00359669402619
26098.1183357866; -0.000117533069759; -0.00360189248933
26104.56431859652; -0.000116493818646; -0.00360558139746
26111.01030140643; -0.000114686709074; -0.0036106457976
26117.45628421635; -0.000114402843702; -0.00361510342498
26123.90226702627; -0.000114286302417; -0.00361967530561
26130.34824983618; -0.000113422107811; -0.00362403594444
26136.7942326461; -0.000113629709784; -0.00362812348474
