% Module: Sweep, ID: c0p1t8p1cfm0
% Devices: DEV646
% Time: 2025/12/04 16:12:45
% Demod 1 Sample X, /dev646/demods/0/sample.X
% Demod 1 Sample Y, /dev646/demods/0/sample.Y
% Frequency (Hz); Demod 1 Sample X  Amplitude (V); Demod 1 Sample Y  Amplitude (V)
22301.26738898701; -0.000154993320366; -0.0123686220824
22304.18871872789; -0.000155386969388; -0.0123777225399
22307.11004846876; -0.000154636413947; -0.0123870095344
22310.03137820963; -0.000155442954882; -0.0123960344489
22312.95270795051; -0.000156046602911; -0.0124044997017
22315.87403769138; -0.000156221596417; -0.0124137591224
22318.79536743226; -0.000156913309554; -0.01242124709
22321.71669717313; -0.000156060518803; -0.0124295915554
22324.63802691401; -0.000156956086243; -0.0124378963888
22327.55935665488; -0.000157663678915; -0.0124473296809
22330.48068639576; -0.000158259532756; -0.0124559241268
22333.40201613663; -0.00015783413551; -0.0124641356533
22336.32334587751; -0.000158168280295; -0.0124728978179
22339.24467561838; -0.000158415542605; -0.0124810306843
22342.16600535925; -0.000158209796505; -0.0124898596041
22345.08733510013; -0.000159243773004; -0.0124983821414
22348.008664841; -0.000159851935483; -0.0125069083849
22350.92999458188; -0.0001602742503; -0.0125163398034
22353.85132432275; -0.000160978447615; -0.0125254857546
22356.77265406363; -0.000160724321438; -0.0125337602163
22359.6939838045; -0.000160920654249; -0.0125423961741
22362.61531354538; -0.000162162022026; -0.0125511021674
22365.53664328625; -0.00016164750535; -0.0125607310486
22368.45797302713; -0.000162208439383; -0.0125686595297
22371.379302768; -0.000162223940836; -0.01257853715
22374.30063250888; -0.000162624461033; -0.0125875246098
22377.22196224975; -0.000163208315779; -0.0125961584385
22380.14329199062; -0.000162816850558; -0.0126057627774
22383.0646217315; -0.000163399441055; -0.0126151384676
22385.98595147237; -0.000163414601349; -0.0126239145372
22388.90728121325; -0.000163720170648; -0.0126331112125
22391.82861095412; -0.000164531365572; -0.0126422960572
22394.74994069499; -0.000164769816525; -0.0126516415475
22397.67127043587; -0.000165207620026; -0.0126604354975
22400.59260017674; -0.000165434686816; -0.0126699879022
22403.51392991762; -0.000166162088771; -0.0126798524243
22406.43525965849; -0.000166145628535; -0.0126894413726
22409.35658939937; -0.000168052286455; -0.0126979863887
22412.27791914024; -0.000166841766274; -0.0127080488333
22415.19924888112; -0.000167192670837; -0.012716964936
22418.12057862199; -0.000168130328496; -0.0127266990188
22421.04190836287; -0.000168303537746; -0.0127354500294
22423.96323810374; -0.000169827850498; -0.0127448551359
22426.88456784461; -0.000168663284744; -0.0127555660666
22429.80589758549; -0.000169752562804; -0.0127658341548
22432.72722732636; -0.00016986380509; -0.0127736559936
22435.64855706724; -0.000170787899554; -0.0127845599914
22438.56988680811; -0.000171158130779; -0.0127939520637
22441.49121654898; -0.000171658716563; -0.0128033214925
22444.41254628986; -0.000171623235516; -0.0128127336802
22447.33387603073; -0.000171781630862; -0.0128227412702
22450.25520577161; -0.000172178484391; -0.0128324568113
22453.17653551248; -0.000173395057429; -0.0128425460255
22456.09786525336; -0.000173852095127; -0.0128516291592
22459.01919499423; -0.00017465926684; -0.0128614428112
22461.94052473511; -0.000175192995099; -0.0128717892576
22464.86185447598; -0.000176356004369; -0.0128811961902
22467.78318421686; -0.000176179778846; -0.0128911903285
22470.70451395773; -0.000176402108722; -0.0129012259281
22473.6258436986; -0.000177366475071; -0.0129109130641
22476.54717343948; -0.000177205940003; -0.0129205218252
22479.46850318035; -0.000178166046906; -0.0129310896725
22482.38983292123; -0.000179403389318; -0.0129415294992
22485.3111626621; -0.000180317877798; -0.0129508492866
22488.23249240298; -0.000181136131824; -0.0129599980289
22491.15382214385; -0.00018188263913; -0.0129708678227
22494.07515188472; -0.000182117154411; -0.0129803009932
22496.9964816256; -0.000182078360856; -0.0129917572613
22499.91781136647; -0.000183319894558; -0.013001583709
22502.83914110735; -0.000184241035596; -0.0130111680055
22505.76047084822; -0.000184902909228; -0.013021935285
22508.6818005891; -0.000185896632766; -0.0130326835464
22511.60313032997; -0.000186698481018; -0.0130415252064
22514.52446007085; -0.000187163813759; -0.0130522083674
22517.44578981172; -0.000187880444868; -0.0130626191996
22520.3671195526; -0.000188875192267; -0.0130725369028
22523.28844929347; -0.000189690107937; -0.0130825388075
22526.20977903434; -0.000191572989286; -0.0130929362464
22529.13110877522; -0.000192087981892; -0.0131034335661
22532.05243851609; -0.000191952540721; -0.0131147129633
22534.97376825697; -0.000192408297786; -0.0131258302872
22537.89509799784; -0.000193174803763; -0.0131352547865
22540.81642773871; -0.000195082880473; -0.0131452934387
22543.73775747959; -0.000193999124183; -0.0131560856882
22546.65908722047; -0.000195259969855; -0.0131673832083
22549.58041696134; -0.000196855302239; -0.0131789180406
22552.50174670222; -0.000196574095212; -0.0131887905351
22555.42307644309; -0.000197812354714; -0.01319998123
22558.34440618396; -0.000198956169402; -0.0132110267528
22561.26573592484; -0.000199361748441; -0.0132218453041
22564.18706566571; -0.000200127476791; -0.0132322976469
22567.10839540659; -0.000201041717884; -0.0132429362256
22570.02972514746; -0.000202877868871; -0.0132535849625
22572.95105488833; -0.000203427715591; -0.0132649264376
22575.87238462921; -0.000203206658733; -0.0132760624397
22578.79371437008; -0.000203479981493; -0.0132869197265
22581.71504411096; -0.000204433812384; -0.0132977762552
22584.63637385183; -0.000205650832274; -0.0133087435352
22587.55770359271; -0.000206216575145; -0.0133208838852
22590.47903333358; -0.000205984831595; -0.0133313846189
22593.40036307446; -0.000207529119864; -0.0133428567389
22596.32169281533; -0.000208447902022; -0.013354228743
22599.24302255621; -0.000209612643317; -0.0133657559378
22602.16435229708; -0.000209973533716; -0.013376432469
22605.08568203795; -0.000210354925947; -0.0133887499012
22608.00701177883; -0.000212494790745; -0.0133999118032
22610.9283415197; -0.000212408116042; -0.0134113283732
22613.84967126058; -0.000213292675325; -0.0134229722621
22616.77100100145; -0.000214214936532; -0.0134345239188
22619.69233074232; -0.000214813270331; -0.0134451865417
22622.6136604832; -0.000215093354573; -0.0134572947566
22625.53499022407; -0.000215960694994; -0.013469453342
22628.45631996495; -0.000216909695738; -0.0134818215646
22631.37764970582; -0.000217611663483; -0.0134940304608
22634.2989794467; -0.000218368513014; -0.0135060193003
22637.22030918757; -0.000219742992236; -0.0135185632591
22640.14163892845; -0.000219716746629; -0.0135295371533
22643.06296866932; -0.000220265385793; -0.0135415442987
22645.9842984102; -0.000222153759067; -0.013554020045
22648.90562815107; -0.00022233537936; -0.0135664510854
22651.82695789194; -0.000223287315839; -0.0135780013882
22654.74828763282; -0.000223197169009; -0.013590899083
22657.66961737369; -0.00022504715281; -0.0136028231272
22660.59094711457; -0.000225635331617; -0.0136154162582
22663.51227685544; -0.00022604135874; -0.0136281629733
22666.43360659632; -0.000227461074071; -0.0136398375153
22669.35493633719; -0.000227585297465; -0.0136522613449
22672.27626607806; -0.000228676088547; -0.0136646842928
22675.19759581894; -0.000229833807665; -0.0136776654982
22678.11892555981; -0.000231595148581; -0.0136914059807
22681.04025530069; -0.000231635724623; -0.013702788506
22683.96158504156; -0.000232818672102; -0.0137157513972
22686.88291478244; -0.000233086285319; -0.0137289056369
22689.80424452331; -0.000234257371936; -0.0137416951766
22692.72557426419; -0.000235802802606; -0.0137546979554
22695.64690400506; -0.000235660672417; -0.0137684098615
22698.56823374594; -0.000237283708891; -0.0137804888188
22701.48956348681; -0.000237941391847; -0.0137939713596
22704.41089322768; -0.000238212539654; -0.0138061800414
22707.33222296856; -0.000238059596848; -0.0138199685597
22710.25355270943; -0.000240842085079; -0.01383361576
22713.17488245031; -0.000242101975737; -0.0138465975112
22716.09621219118; -0.000243149172964; -0.0138599580631
22719.01754193205; -0.000243498720047; -0.0138735432709
22721.93887167293; -0.000244318914947; -0.013886172131
22724.86020141381; -0.000246189274039; -0.0139000599349
22727.78153115468; -0.000246081073951; -0.01391452154
22730.70286089556; -0.000248217162233; -0.0139268264586
22733.62419063643; -0.000248568199491; -0.0139414423379
22736.5455203773; -0.000248945602896; -0.0139555017024
22739.46685011818; -0.000250743916187; -0.0139692954208
22742.38817985905; -0.000251246756234; -0.0139834961779
22745.30950959993; -0.000252962854272; -0.0139971189323
22748.2308393408; -0.000253438450467; -0.0140107868271
22751.15216908167; -0.000254532481826; -0.0140251072502
22754.07349882255; -0.000254927971105; -0.0140392146876
22756.99482856342; -0.000256530910984; -0.0140547914209
22759.9161583043; -0.00025773268404; -0.0140680566887
22762.83748804517; -0.000258674030982; -0.0140821961884
22765.75881778605; -0.000259814228926; -0.0140971063159
22768.68014752692; -0.000261433029493; -0.0141117223365
22771.6014772678; -0.000263144507387; -0.0141266295729
22774.52280700867; -0.000264503196151; -0.014139757711
22777.44413674955; -0.00026552721197; -0.0141551240844
22780.36546649042; -0.00026704611726; -0.0141696989374
22783.28679623129; -0.000267797910411; -0.0141841825609
22786.20812597217; -0.000268497177886; -0.0142003396305
22789.12945571304; -0.000269771780293; -0.0142149971623
22792.05078545392; -0.000270879617312; -0.0142298068009
22794.97211519479; -0.00027248846289; -0.0142446817658
22797.89344493567; -0.000273761249348; -0.014261264337
22800.81477467654; -0.000274713124671; -0.0142751746844
22803.73610441741; -0.000276211984751; -0.014290236308
22806.65743415829; -0.000277151691901; -0.0143056578295
22809.57876389916; -0.000278510278818; -0.0143203217269
22812.50009364004; -0.000279769085691; -0.0143363622177
22815.42142338091; -0.000280353778218; -0.0143524466548
22818.34275312179; -0.000281965987998; -0.0143680937801
22821.26408286266; -0.000282969068825; -0.0143832937785
22824.18541260354; -0.000285099496718; -0.0143993418416
22827.10674234441; -0.000285760052024; -0.0144151284793
22830.02807208529; -0.000287618642255; -0.0144303111007
22832.94940182616; -0.000288385991244; -0.0144473207346
22835.87073156703; -0.000289760615007; -0.0144629155171
22838.79206130791; -0.00029109382056; -0.0144792968423
22841.71339104878; -0.000292995179481; -0.014496158817
22844.63472078966; -0.000293847634766; -0.0145119041028
22847.55605053053; -0.000295112346339; -0.014528919571
22850.4773802714; -0.000297338096982; -0.0145446775598
22853.39871001228; -0.000297980513951; -0.0145607719032
22856.32003975315; -0.000298803631354; -0.0145783088417
22859.24136949403; -0.000301278332947; -0.0145947270617
22862.1626992349; -0.000301852572786; -0.0146107561601
22865.08402897578; -0.00030340714851; -0.0146272245934
22868.00535871665; -0.00030579942423; -0.0146436429164
22870.92668845753; -0.000307330347077; -0.014661122369
22873.8480181984; -0.000309084369657; -0.0146789872244
22876.76934793928; -0.000309537600763; -0.0146966524572
22879.69067768015; -0.000311638172383; -0.0147128931579
22882.61200742102; -0.0003128903827; -0.014730840354
22885.5333371619; -0.000314030222331; -0.0147479021385
22888.45466690277; -0.00031623495952; -0.014765992732
22891.37599664365; -0.00031705804423; -0.0147831341761
22894.29732638452; -0.000319439567565; -0.0148002582159
22897.21865612539; -0.000320973526302; -0.0148180777713
22900.13998586627; -0.000322427231197; -0.0148348075037
22903.06131560714; -0.000323838325251; -0.0148529338512
22905.98264534802; -0.000325443689087; -0.0148717452094
22908.9039750889; -0.000327753797092; -0.0148896866797
22911.82530482977; -0.000328604075268; -0.0149077296157
22914.74663457064; -0.000330246687484; -0.0149249034067
22917.66796431152; -0.000333128346905; -0.014944238453
22920.58929405239; -0.000333860098307; -0.0149629775992
22923.51062379327; -0.000336606611639; -0.0149809894045
22926.43195353414; -0.00033743780408; -0.0150001012902
22929.35328327501; -0.000339690095719; -0.0150187568501
22932.27461301589; -0.000341949476998; -0.0150365901164
22935.19594275676; -0.000343873503936; -0.015055942936
22938.11727249764; -0.000345065204001; -0.0150739729545
22941.03860223851; -0.000346977792468; -0.0150938202991
22943.95993197939; -0.000348367982991; -0.0151123470002
22946.88126172026; -0.000350659621655; -0.0151320868568
22949.80259146114; -0.000351613334621; -0.0151507495845
22952.72392120201; -0.000354514725863; -0.0151713981644
22955.64525094289; -0.000355851552776; -0.0151897342082
22958.56658068376; -0.000358322318467; -0.015209746503
22961.48791042464; -0.000359655716177; -0.0152303319831
22964.40924016551; -0.00036196196405; -0.0152490466185
22967.33056990638; -0.000363559362849; -0.0152695708448
22970.25189964726; -0.000365388013036; -0.0152896759634
22973.17322938813; -0.000367169704166; -0.0153101986917
22976.09455912901; -0.000369778350139; -0.0153295772708
22979.01588886988; -0.000372432231837; -0.0153500772474
22981.93721861075; -0.000373732454995; -0.0153715055092
22984.85854835163; -0.000376535394673; -0.0153919298118
22987.7798780925; -0.00037851656643; -0.0154121972723
22990.70120783338; -0.000380897551065; -0.0154337369064
22993.62253757425; -0.000382198695698; -0.0154546065321
22996.54386731513; -0.000384411981932; -0.015476404051
22999.465197056; -0.000386923428898; -0.0154967878278
23002.38652679688; -0.000389079839548; -0.0155174751213
23005.30785653775; -0.000390978597586; -0.0155397953637
23008.22918627863; -0.000393556600735; -0.0155605337012
23011.1505160195; -0.000395021098707; -0.0155825379438
23014.07184576037; -0.000397452140752; -0.0156029936743
23016.99317550125; -0.000399472287836; -0.0156254380892
23019.91450524212; -0.000402130799599; -0.0156479485938
23022.835834983; -0.000404597859314; -0.0156702452989
23025.75716472387; -0.000406543729411; -0.0156921279728
23028.67849446474; -0.000409341016316; -0.015714144659
23031.59982420562; -0.000411295059529; -0.0157372441134
23034.52115394649; -0.000414153098766; -0.0157587268124
23037.44248368737; -0.000415875693896; -0.015781671816
23040.36381342824; -0.000418667424721; -0.0158047784303
23043.28514316912; -0.000420659141706; -0.0158276480714
23046.20647290999; -0.000422383884482; -0.015851142023
23049.12780265087; -0.00042531237765; -0.0158742929537
23052.04913239174; -0.000428107584756; -0.0158970747681
23054.97046213262; -0.000430588092817; -0.0159213425806
23057.89179187349; -0.000433837780201; -0.0159447466294
23060.81312161436; -0.000435942209337; -0.0159679630456
23063.73445135524; -0.000438395717781; -0.0159918264465
23066.65578109611; -0.000441085029986; -0.0160163505406
23069.57711083699; -0.000443937902148; -0.0160401920793
23072.49844057786; -0.000446299566969; -0.0160651332305
23075.41977031874; -0.000449452007883; -0.0160894986737
23078.34110005961; -0.000452227152855; -0.0161142472863
23081.26242980048; -0.000455131396138; -0.0161393193312
23084.18375954136; -0.000458440604297; -0.0161632534884
23087.10508928223; -0.000461151416348; -0.0161885627537
23090.02641902311; -0.00046390761205; -0.0162140308478
23092.94774876398; -0.000466139749938; -0.0162397871077
23095.86907850486; -0.000468979780455; -0.0162651124197
23098.79040824573; -0.000472521161862; -0.0162918997877
23101.71173798661; -0.000475224116724; -0.0163172122429
23104.63306772748; -0.000478160364311; -0.0163432491109
23107.55439746836; -0.000480545374158; -0.0163693290563
23110.47572720923; -0.000484323229029; -0.0163950716991
23113.3970569501; -0.000487650396676; -0.0164228688994
23116.31838669098; -0.000490632426765; -0.0164492376907
23119.23971643185; -0.000493267504962; -0.0164756871078
23122.16104617273; -0.000495582843581; -0.0165025485544
23125.0823759136; -0.00049897325698; -0.0165287721827
23128.00370565448; -0.000502871477266; -0.0165568594366
23130.92503539535; -0.000505790527146; -0.0165840385578
23133.84636513623; -0.000508595113155; -0.016612064173
23136.7676948771; -0.000512960163358; -0.0166397695221
23139.68902461798; -0.000516033647218; -0.0166687882328
23142.61035435885; -0.000519340159031; -0.0166971363427
23145.53168409972; -0.000521485092593; -0.0167247680362
23148.4530138406; -0.000526659267768; -0.0167533053646
23151.37434358147; -0.000528894943399; -0.0167825016293
23154.29567332235; -0.00053287113411; -0.0168107433243
23157.21700306322; -0.000536543814397; -0.0168409105002
23160.13833280409; -0.00053972628228; -0.0168701646648
23163.05966254497; -0.000543617457619; -0.0168988217915
23165.98099228584; -0.000547644825447; -0.0169290184067
23168.90232202672; -0.000551720065422; -0.016958798011
23171.82365176759; -0.000555303918822; -0.0169902357259
23174.74498150847; -0.000558668985397; -0.0170201507641
23177.66631124934; -0.000561990857583; -0.017050586979
23180.58764099022; -0.000565655195366; -0.0170810346089
23183.50897073109; -0.000570080685896; -0.0171118865587
23186.43030047197; -0.000575270363215; -0.0171436589484
23189.35163021284; -0.000578778639379; -0.0171748427775
23192.27295995371; -0.00058275096265; -0.0172068879697
23195.19428969459; -0.00058547331102; -0.0172384907128
23198.11561943546; -0.000590280188319; -0.0172704764715
23201.03694917634; -0.000594609307853; -0.0173016608018
23203.95827891721; -0.000598614394054; -0.0173344139138
23206.87960865808; -0.000603357037664; -0.0173685382828
23209.80093839896; -0.000608025288824; -0.017400423803
23212.72226813983; -0.000610921357528; -0.0174341251589
23215.64359788071; -0.000616242956737; -0.0174676912752
23218.56492762158; -0.00062070117635; -0.0175011640475
23221.48625736246; -0.000625654985292; -0.0175351155073
23224.40758710333; -0.000629576442911; -0.017568888344
23227.32891684421; -0.000633488869554; -0.017603205401
23230.25024658508; -0.000639055210268; -0.0176371044543
23233.17157632596; -0.000643727206712; -0.0176731927648
23236.09290606683; -0.000648031298195; -0.0177077616679
23239.0142358077; -0.000653467058116; -0.0177431769859
23241.93556554858; -0.000657491912754; -0.0177786876141
23244.85689528945; -0.000663001402961; -0.0178160672084
23247.77822503033; -0.000667575046381; -0.0178511725677
23250.6995547712; -0.00067316376103; -0.0178879159283
23253.62088451208; -0.000677897839671; -0.0179243110915
23256.54221425295; -0.000682766993554; -0.0179609382061
23259.46354399382; -0.000687897300023; -0.0179984436787
23262.3848737347; -0.000693801039722; -0.0180361490277
23265.30620347557; -0.000697928625293; -0.0180736303084
23268.22753321645; -0.000703886127378; -0.0181123994088
23271.14886295732; -0.000709293380736; -0.0181495343731
23274.0701926982; -0.00071525982841; -0.0181887555357
23276.99152243907; -0.00072013797196; -0.0182272266527
23279.91285217995; -0.000725287487165; -0.0182671821676
23282.83418192082; -0.00073151431003; -0.0183059454496
23285.7555116617; -0.000736884482164; -0.0183459964442
23288.67684140257; -0.000743695404009; -0.0183868279968
23291.59817114344; -0.000748944478948; -0.0184252329638
23294.51950088432; -0.000754952331753; -0.0184668153593
23297.44083062519; -0.000760887559364; -0.0185089096226
23300.36216036607; -0.000767246240501; -0.018549351264
23303.28349010694; -0.000773696969726; -0.0185906618645
23306.20481984782; -0.000779160005114; -0.0186327649937
23309.12614958869; -0.00078659486397; -0.018676644925
23312.04747932957; -0.000792386275599; -0.0187188054739
23314.96880907044; -0.000799752067466; -0.0187611719723
23317.89013881132; -0.000806149070229; -0.0188054355233
23320.81146855219; -0.000812964831604; -0.0188497625632
23323.73279829306; -0.000820246285263; -0.0188926138481
23326.65412803394; -0.000826057410943; -0.0189370481853
23329.57545777481; -0.000833728288564; -0.0189821005116
23332.49678751569; -0.000841216476953; -0.0190272407187
23335.41811725656; -0.000847677513941; -0.0190723932884
23338.33944699743; -0.00085452546093; -0.0191182473706
23341.26077673831; -0.000861938334318; -0.0191647584503
23344.18210647918; -0.000870067530502; -0.0192118381183
23347.10343622006; -0.000877086373093; -0.0192572644554
23350.02476596093; -0.00088468496714; -0.0193057812229
23352.94609570181; -0.000891852127932; -0.0193532232502
23355.86742544268; -0.000900534562039; -0.0194022657576
23358.78875518356; -0.000907763106095; -0.0194509565402
23361.71008492443; -0.000916613243449; -0.0194997431313
23364.63141466531; -0.000924021159458; -0.0195484697795
23367.55274440618; -0.000932174855839; -0.0195979388382
23370.47407414705; -0.000939666731281; -0.0196484299305
23373.39540388793; -0.000949293866301; -0.01970001405
23376.3167336288; -0.000958590919595; -0.0197504323256
23379.23806336968; -0.000966891680543; -0.0198039963149
23382.15939311055; -0.000975841082704; -0.0198552485114
23385.08072285142; -0.00098495922882; -0.0199080490356
23388.0020525923; -0.000993857829561; -0.0199608881498
23390.92338233317; -0.00100282595637; -0.0200140073884
23393.84471207405; -0.00101192918012; -0.0200677512703
23396.76604181492; -0.00102062367625; -0.0201225473074
23399.6873715558; -0.00103062471085; -0.0201773067591
23402.60870129667; -0.00104129786562; -0.020234177393
23405.53003103755; -0.00105123621287; -0.0202891983584
23408.45136077842; -0.00106110647991; -0.0203455024558
23411.3726905193; -0.00107082033263; -0.0204026439966
23414.29402026017; -0.00108132365043; -0.0204610396157
23417.21535000105; -0.00109195019092; -0.0205181199637
23420.13667974192; -0.00110214126809; -0.0205770777338
23423.05800948279; -0.00111326782781; -0.0206360957434
23425.97933922367; -0.00112314658098; -0.0206966431205
23428.90066896454; -0.00113484822278; -0.0207565654933
23431.82199870542; -0.00114589557745; -0.0208179538249
23434.74332844629; -0.00115846732348; -0.0208798163218
23437.66465818716; -0.00116956432832; -0.0209418274826
23440.58598792804; -0.00118146573599; -0.0210034267775
23443.50731766891; -0.00119279216627; -0.0210671074754
23446.42864740979; -0.00120427447608; -0.0211313072791
23449.34997715066; -0.00121816581017; -0.0211959240018
23452.27130689154; -0.00123091066845; -0.0212612432269
23455.19263663241; -0.00124233393058; -0.0213263355631
23458.11396637329; -0.00125582966162; -0.0213928990741
23461.03529611416; -0.00126965627501; -0.0214596656246
23463.95662585504; -0.00128303455344; -0.0215280411009
23466.87795559591; -0.00129694277346; -0.0215968731643
23469.79928533678; -0.00131071266296; -0.0216652160489
23472.72061507766; -0.00132461713954; -0.0217350284295
23475.64194481853; -0.00133833842834; -0.0218052842515
23478.56327455941; -0.00135231062736; -0.0218767163728
23481.48460430028; -0.00136783849942; -0.0219492847096
23484.40593404115; -0.00138264150656; -0.0220229914043
23487.32726378203; -0.00139856991674; -0.0220965715364
23490.24859352291; -0.00141408025524; -0.0221713244974
23493.16992326378; -0.00143037995182; -0.0222455318151
23496.09125300466; -0.00144513710792; -0.0223213987076
23499.01258274553; -0.00146162847639; -0.0223984116814
23501.9339124864; -0.00147927980109; -0.0224770743646
23504.85524222728; -0.00149559498874; -0.0225549232312
23507.77657196815; -0.00151234545477; -0.0226343604178
23510.69790170903; -0.00153121794003; -0.0227164742194
23513.6192314499; -0.00154750123691; -0.0227970121759
23516.54056119077; -0.00156615308463; -0.0228784091139
23519.46189093165; -0.00158520811151; -0.0229605581711
23522.38322067252; -0.0016032545541; -0.0230445797743
23525.3045504134; -0.00162222841636; -0.0231302225075
23528.22588015427; -0.00164233160848; -0.0232147011563
23531.14720989515; -0.00166055342612; -0.0233032408725
23534.06853963602; -0.00168204489181; -0.0233916746133
23536.9898693769; -0.00170232038894; -0.0234794880994
23539.91119911777; -0.00172412203877; -0.023568750625
23542.83252885865; -0.00174442872918; -0.023659612251
23545.75385859952; -0.00176655772555; -0.023752976293
23548.67518834039; -0.00178792564462; -0.0238450755166
23551.59651808127; -0.00181121137717; -0.0239386291814
23554.51784782214; -0.00183470273658; -0.0240343416782
23557.43917756302; -0.00185822192885; -0.0241303694516
23560.36050730389; -0.0018823158662; -0.0242272380872
23563.28183704477; -0.00190676964823; -0.0243274283181
23566.20316678564; -0.0019319614753; -0.024427142904
23569.12449652651; -0.00195663077258; -0.0245284294687
23572.04582626739; -0.00198275897014; -0.0246308570529
23574.96715600826; -0.00200883260168; -0.024734334183
23577.88848574914; -0.00203625202519; -0.024839292273
23580.80981549001; -0.00206339333464; -0.0249464026899
23583.73114523089; -0.00209156108717; -0.0250540782223
23586.65247497176; -0.00211907981841; -0.0251645024099
23589.57380471264; -0.00214836914608; -0.0252738982563
23592.49513445351; -0.00217790099877; -0.0253853291368
23595.41646419439; -0.00220867391984; -0.0254992232193
23598.33779393526; -0.00223975575972; -0.0256139570932
23601.25912367613; -0.00227033823583; -0.0257303707806
23604.18045341701; -0.00230363459104; -0.0258483029501
23607.10178315788; -0.00233671874652; -0.0259667636918
23610.02311289876; -0.0023696148353; -0.0260882685828
23612.94444263963; -0.00240365442384; -0.0262111947107
23615.8657723805; -0.00243879837082; -0.0263360917386
23618.78710212138; -0.00247396463973; -0.0264622386807
23621.70843186225; -0.0025115473954; -0.026590437811
23624.62976160313; -0.00254904412637; -0.0267199002095
23627.551091344; -0.00258715101501; -0.0268503263918
23630.47242108488; -0.00262644230245; -0.0269827082371
23633.39375082575; -0.0026658264743; -0.0271186910744
23636.31508056663; -0.00270791427126; -0.0272563110744
23639.2364103075; -0.00274891403425; -0.0273972665609
23642.15774004838; -0.00279208581026; -0.0275375222114
23645.07906978925; -0.00283673682446; -0.0276794161229
23648.00039953012; -0.00288078356908; -0.0278254294583
23650.921729271; -0.00292739291217; -0.0279730631405
23653.84305901187; -0.0029737492071; -0.0281217472264
23656.76438875275; -0.00302246288624; -0.0282742000685
23659.68571849362; -0.00307215886515; -0.0284283532026
23662.60704823449; -0.00312258787725; -0.0285838935155
23665.52837797537; -0.00317469683571; -0.0287431790305
23668.44970771625; -0.00322705103976; -0.0289049012237
23671.37103745712; -0.00328282933292; -0.0290692919182
23674.292367198; -0.00333755936984; -0.0292361230673
23677.21369693887; -0.00339445127365; -0.0294047292561
23680.13502667974; -0.00345349648198; -0.0295756456624
23683.05635642062; -0.0035146286932; -0.0297511308223
23685.97768616149; -0.00357605458324; -0.0299280876896
23688.89901590237; -0.00364043056529; -0.0301085909079
23691.82034564324; -0.00370383257333; -0.0302913508776
23694.74167538412; -0.0037714095433; -0.0304778381351
23697.66300512499; -0.00384011904703; -0.0306681884594
23700.58433486586; -0.00391132724739; -0.0308594868052
23703.50566460674; -0.00398342224752; -0.0310546430369
23706.42699434761; -0.00405698550846; -0.0312540772394
23709.34832408849; -0.00413495188914; -0.0314568925383
23712.26965382936; -0.00421281057119; -0.0316607387128
23715.19098357024; -0.00429446638117; -0.03186932913
23718.11231331111; -0.00437722140319; -0.0320834005567
23721.03364305199; -0.00446303911677; -0.0323001907054
23723.95497279286; -0.0045515065496; -0.0325209130082
23726.87630253374; -0.00464168302444; -0.0327443269268
23729.79763227461; -0.00473525775649; -0.0329736734335
23732.71896201548; -0.00483233442799; -0.0332058932315
23735.64029175636; -0.00493099424163; -0.0334417595504
23738.56162149723; -0.0050339539513; -0.0336847989861
23741.48295123811; -0.00513795608899; -0.03393010836
23744.40428097898; -0.00524544393735; -0.0341798826814
23747.32561071985; -0.00535832154098; -0.0344351412546
23750.24694046073; -0.00547377669591; -0.0346947478049
23753.1682702016; -0.00559317206749; -0.0349597903326
23756.08959994248; -0.00571668530058; -0.0352299541871
23759.01092968335; -0.00584271522833; -0.035504092798
23761.93225942423; -0.00597490425351; -0.0357853355481
23764.8535891651; -0.0061094175102; -0.0360711877655
23767.77491890598; -0.00624972508372; -0.0363613964763
23770.69624864685; -0.00639364648045; -0.0366591225696
23773.61757838773; -0.00654397965324; -0.0369634624717
23776.5389081286; -0.00669881084136; -0.0372722477996
23779.46023786947; -0.00685931727121; -0.0375881199379
23782.38156761035; -0.00702505320527; -0.0379118893177
23785.30289735122; -0.00719743102467; -0.0382416932663
23788.2242270921; -0.00737587440985; -0.0385775109522
23791.14555683297; -0.00756049032666; -0.0389204139817
23794.06688657384; -0.00775092454964; -0.039269797338
23796.98821631472; -0.00795077982007; -0.0396258515756
23799.90954605559; -0.00815615844645; -0.0399922655409
23802.83087579647; -0.00836976296916; -0.0403653251357
23805.75220553734; -0.00859182263165; -0.0407463021136
23808.67353527822; -0.00882309973806; -0.0411337840974
23811.59486501909; -0.00906290380227; -0.0415329327936
23814.51619475997; -0.00931191907286; -0.0419400290696
23817.43752450084; -0.00957113658424; -0.042354531479
23820.35885424172; -0.00984046577889; -0.0427811474
23823.28018398259; -0.010123150326; -0.0432149610991
23826.20151372346; -0.0104155635022; -0.0436579152277
23829.12284346434; -0.0107210382914; -0.0441131729204
23832.04417320521; -0.0110395403737; -0.0445787337215
23834.96550294609; -0.0113718555198; -0.0450571236692
23837.88683268696; -0.0117182096635; -0.0455435228201
23840.80816242784; -0.0120812749358; -0.0460402821787
23843.72949216871; -0.0124597100492; -0.0465496937737
23846.65082190958; -0.0128553441212; -0.0470710223392
23849.57215165046; -0.0132693918121; -0.0476030130424
23852.49348139134; -0.013702412378; -0.048150654064
23855.41481113221; -0.0141557645219; -0.0487074436712
23858.33614087309; -0.0146317370616; -0.0492787230954
23861.25747061396; -0.0151307408978; -0.0498628212242
23864.17880035483; -0.0156529516178; -0.0504592635844
23867.10013009571; -0.0162016729886; -0.0510687630187
23870.02145983658; -0.0167791422263; -0.0516909281684
23872.94278957746; -0.0173838299071; -0.0523276297271
23875.86411931833; -0.0180219632675; -0.0529802465319
23878.7854490592; -0.0186923331785; -0.0536443380435
23881.70677880008; -0.0193985329588; -0.0543212703947
23884.62810854095; -0.0201415730747; -0.0550128077489
23887.54943828183; -0.0209247758211; -0.05571729874
23890.4707680227; -0.0217529068963; -0.0564357953507
23893.39209776358; -0.0226235016414; -0.057163113442
23896.31342750445; -0.0235462192153; -0.0579053021682
23899.23475724533; -0.0245201399036; -0.0586591066531
23902.1560869862; -0.0255495899459; -0.0594221333358
23905.07741672708; -0.0266377520711; -0.0601947816942
23907.99874646795; -0.0277903191975; -0.0609728751483
23910.92007620882; -0.0290112105499; -0.0617583272165
23913.8414059497; -0.0303041577453; -0.0625454076111
23916.76273569057; -0.0316755375069; -0.0633354384589
23919.68406543145; -0.0331310496045; -0.0641240331802
23922.60539517232; -0.0346725950225; -0.0649038116922
23925.52672491319; -0.0363095770052; -0.065674017817
23928.44805465407; -0.0380475646254; -0.0664276344865
23931.36938439494; -0.0398907687717; -0.0671605003173
23934.29071413582; -0.0418462533303; -0.0678637442514
23937.21204387669; -0.0439215452491; -0.0685278716706
23940.13337361757; -0.0461252666116; -0.0691505080026
23943.05470335844; -0.0484594897603; -0.0697115790622
23945.97603309932; -0.0509335709555; -0.0702019877333
23948.89736284019; -0.0535507309912; -0.0706100044818
23951.81869258107; -0.056322299671; -0.0709185876388
23954.74002232194; -0.0592423166696; -0.0711034638579
23957.66135206281; -0.0623197933372; -0.0711477069665
23960.58268180369; -0.0655559454209; -0.0710328479664
23963.50401154456; -0.0689442839649; -0.0707258362264
23966.42534128544; -0.0724828114186; -0.0702040868859
23969.34667102631; -0.076161778436; -0.0694347617213
23972.26800076719; -0.0799614400231; -0.0683863282504
23975.18933050806; -0.0838681721943; -0.0670290918135
23978.11066024893; -0.0878550151098; -0.065329502505
23981.03198998981; -0.0918861480513; -0.0632557130621
23983.95331973068; -0.0959204013491; -0.0607812552725
23986.87464947156; -0.0999087360062; -0.0578785198771
23989.79597921243; -0.103794805386; -0.0545335436653
23992.71730895331; -0.107516467428; -0.0507366599095
23995.63863869418; -0.111004286401; -0.0464886966268
23998.55996843506; -0.114189347404; -0.0418084797483
24001.48129817593; -0.116994540463; -0.0367247223303
24004.4026279168; -0.119350127168; -0.0312802732538
24007.32395765768; -0.121200972522; -0.0255355227979
24010.24528739855; -0.122490553734; -0.0195614973243
24013.16661713943; -0.123185659086; -0.0134445391448
24016.0879468803; -0.123266588698; -0.00727247790007
24019.00927662118; -0.122731276465; -0.00113932878233
24021.93060636205; -0.121594345867; 0.00486502521884
24024.85193610292; -0.119893992464; 0.0106590448669
24027.7732658438; -0.117674511468; 0.0161634310755
24030.69459558467; -0.115003451384; 0.0213204602807
24033.61592532555; -0.111939589159; 0.0260824635262
24036.53725506643; -0.10856068333; 0.0304174863844
24039.4585848073; -0.104936979237; 0.0343094164344
24042.37991454817; -0.101132100998; 0.0377517053034
24045.30124428905; -0.0972171239471; 0.0407542088375
24048.22257402992; -0.0932453957762; 0.0433312782527
24051.1439037708; -0.0892668503208; 0.0455032782549
24054.06523351167; -0.0853216940492; 0.0472995587702
24056.98656325254; -0.0814502322574; 0.0487522452284
24059.90789299342; -0.0776773602832; 0.0498921346362
24062.82922273429; -0.074024012144; 0.050754718583
24065.75055247517; -0.0705078575044; 0.0513694549814
24068.67188221604; -0.0671328243511; 0.051764269295
24071.59321195692; -0.0639050361125; 0.0519672801173
24074.51454169779; -0.0608268161047; 0.0520051274315
24077.43587143867; -0.0578993298314; 0.0518964787174
24080.35720117954; -0.0551220152651; 0.0516634335037
24083.27853092042; -0.0524914884542; 0.0513270649341
24086.19986066129; -0.0500003614696; 0.0509007007575
24089.12119040216; -0.0476475625532; 0.0504006577504
24092.04252014304; -0.0454248427603; 0.0498375420617
24094.96384988391; -0.0433278526067; 0.0492248535954
24097.88517962479; -0.0413512155547; 0.0485699373313
24100.80650936566; -0.039486205357; 0.047885438898
24103.72783910653; -0.0377280024811; 0.0471745830441
24106.64916884741; -0.0360697441796; 0.0464464758968
24109.57049858828; -0.0345050651218; 0.0457037330153
24112.49182832916; -0.0330290234167; 0.0449525128805
24115.41315807003; -0.0316344917869; 0.0441960448453
24118.33448781091; -0.0303214333844; 0.0434410113618
24121.25581755178; -0.0290774576309; 0.0426841701713
24124.17714729266; -0.0279045506758; 0.0419327663457
24127.09847703353; -0.0267948411746; 0.0411870312653
24130.01980677441; -0.0257439315527; 0.0404487576861
24132.94113651528; -0.0247506602879; 0.0397183289312
24135.86246625615; -0.0238101950141; 0.0389989028894
24138.78379599703; -0.0229185963151; 0.0382904037945
24141.7051257379; -0.0220735217806; 0.0375903030097
24144.62645547878; -0.0212724578768; 0.0369070850627
24147.54778521965; -0.0205121129376; 0.0362363430812
24150.46911496053; -0.0197886379429; 0.0355738177947
24153.3904447014; -0.0191006602087; 0.0349267300455
24156.31177444227; -0.0184478096061; 0.0342916191705
24159.23310418315; -0.0178260873228; 0.0336714687482
24162.15443392402; -0.0172336602582; 0.0330601669608
24165.0757636649; -0.0166691722022; 0.0324644565876
24167.99709340577; -0.0161311440849; 0.0318805226167
24170.91842314665; -0.0156171278454; 0.0313064927649
24173.83975288752; -0.015127695255; 0.0307475120887
24176.7610826284; -0.0146603675469; 0.0302005157946
24179.68241236927; -0.0142132583584; 0.0296667655186
24182.60374211015; -0.0137861095037; 0.0291427539642
24185.52507185102; -0.0133778900179; 0.0286319789427
24188.44640159189; -0.0129858848835; 0.0281314960554
24191.36773133277; -0.012611578555; 0.0276421567884
24194.28906107364; -0.0122520082226; 0.027163389626
24197.21039081452; -0.0119079612469; 0.0266960229889
24200.13172055539; -0.0115778800309; 0.0262372826558
24203.05305029626; -0.0112620555005; 0.0257914203099
24205.97438003714; -0.0109579920394; 0.0253531963566
24208.89570977801; -0.0106657576478; 0.0249249370919
24211.81703951889; -0.0103856347754; 0.0245055331702
24214.73836925977; -0.0101153914052; 0.0240959006255
24217.65969900064; -0.00985611974814; 0.0236945212571
24220.58102874151; -0.00960643947926; 0.0233021533942
24223.50235848239; -0.00936635074897; 0.022917233999
24226.42368822326; -0.00913563454398; 0.0225419301309
24229.34501796414; -0.00891229228135; 0.0221742369649
24232.26634770501; -0.00869668189545; 0.0218132455439
24235.18767744588; -0.00848922257766; 0.0214597371362
24238.10900718676; -0.00829013080386; 0.0211135108897
24241.03033692763; -0.00809746787181; 0.0207751020091
24243.95166666851; -0.00791030986629; 0.0204429581771
24246.87299640938; -0.00773075360724; 0.0201184890304
24249.79432615026; -0.00755612374305; 0.0197997252497
24252.71565589113; -0.00738845481239; 0.0194871905474
24255.63698563201; -0.00722664533072; 0.0191811915967
24258.55831537288; -0.00706915733809; 0.0188821566231
24261.47964511376; -0.00691738031802; 0.0185875080966
24264.40097485463; -0.00676972946511; 0.0182993539618
24267.3223045955; -0.00662797741744; 0.0180158557521
24270.24363433638; -0.00648893449442; 0.0177405090171
24273.16496407725; -0.006354945652; 0.0174675914061
24276.08629381813; -0.00622611936036; 0.0171989269344
24279.007623559; -0.00609991994696; 0.0169383328225
24281.92895329987; -0.00597857326713; 0.0166808003427
24284.85028304075; -0.00586009741402; 0.0164281036511
24287.77161278162; -0.00574557965936; 0.0161792886395
24290.6929425225; -0.00563473838636; 0.0159361819496
24293.61427226337; -0.00552684380963; 0.0156966800926
24296.53560200425; -0.00542173536872; 0.0154617176881
24299.45693174512; -0.00531938517647; 0.0152315374887
24302.378261486; -0.00522092153795; 0.0150050617916
24305.29959122687; -0.00512614145772; 0.0147817192448
24308.22092096775; -0.00503107230704; 0.0145636489652
24311.14225070862; -0.00494160662837; 0.0143493785116
24314.0635804495; -0.00485219001641; 0.0141390379928
24316.98491019037; -0.00476681046973; 0.0139303876225
24319.90623993124; -0.00468253425115; 0.013726664337
24322.82756967212; -0.00460249008102; 0.0135269900227
24325.74889941299; -0.00452268118927; 0.0133297672635
24328.67022915387; -0.00444539694989; 0.0131356154425
24331.59155889474; -0.00437045758056; 0.0129447492233
24334.51288863561; -0.00429786668348; 0.0127578411539
24337.43421837649; -0.00422665724595; 0.0125734270948
24340.35554811736; -0.00415628003149; 0.0123922074767
24343.27687785824; -0.00408882077405; 0.0122145489356
24346.19820759911; -0.00402342412568; 0.0120378152606
24349.11953733999; -0.00395896483597; 0.0118653535443
24352.04086708086; -0.00389586638798; 0.0116952444963
24354.96219682174; -0.00383523521586; 0.0115275801627
24357.88352656261; -0.00377610747581; 0.0113628553653
24360.80485630349; -0.0037165559233; 0.0112004215307
24363.72618604436; -0.00365949431776; 0.0110401571682
24366.64751578523; -0.00360464380473; 0.0108816745929
24369.56884552611; -0.00354984285818; 0.0107267961141
24372.49017526698; -0.00349763107709; 0.0105747699893
24375.41150500786; -0.00344538412704; 0.0104224359856
24378.33283474873; -0.00339466637527; 0.0102737319816
24381.2541644896; -0.003344891708; 0.0101267456206
24384.17549423048; -0.00329685405515; 0.00998375625705
24387.09682397135; -0.00324968515305; 0.00984046311016
24390.01815371223; -0.00320316855567; 0.00970058405431
24392.9394834531; -0.00315794595321; 0.00956255169553
24395.86081319398; -0.00311319700376; 0.00942555713261
24398.78214293485; -0.00307041742237; 0.00929223793563
24401.70347267573; -0.00302805040334; 0.00915868081032
24404.6248024166; -0.00298690542173; 0.00902774231189
24407.54613215748; -0.00294593150088; 0.00889933646158
24410.46746189835; -0.0029061881722; 0.00877194007465
24413.38879163923; -0.0028673643906; 0.0086452487762
24416.3101213801; -0.00282924920677; 0.00852246698382
24419.23145112097; -0.00279127108752; 0.00840009620655
24422.15278086185; -0.0027549101298; 0.00828024409404
24425.07411060272; -0.00272011499844; 0.00816112803892
24427.9954403436; -0.00268480160681; 0.00804332519968
24430.91677008447; -0.00265006300487; 0.00792754017503
24433.83809982535; -0.00261707946645; 0.00781307784148
24436.75942956622; -0.00258364926502; 0.00770048078572
24439.6807593071; -0.00255102758247; 0.0075890868988
24442.60208904797; -0.00252022864241; 0.00747887137314
24445.52341878884; -0.00248882164187; 0.0073694688015
24448.44474852972; -0.00245821687629; 0.00726210834465
24451.36607827059; -0.00242787386353; 0.00715715775377
24454.28740801147; -0.00239913066037; 0.00705253203801
24457.20873775234; -0.00236962911804; 0.00694865493674
24460.13006749322; -0.00234178806288; 0.00684687341939
24463.05139723409; -0.00231375807694; 0.00674552620758
24465.97272697496; -0.00228720797672; 0.00664764658712
24468.89405671584; -0.00226050806252; 0.00654901801231
24471.81538645671; -0.00223401127699; 0.0064508674092
24474.73671619759; -0.002207965564; 0.00635488497913
24477.65804593846; -0.00218364412001; 0.00626024130193
24480.57937567934; -0.00215873933282; 0.00616690182556
24483.50070542021; -0.00213429949114; 0.00607427082142
24486.42203516109; -0.00211032359756; 0.00598261322521
24489.34336490196; -0.00208812953811; 0.00589169847295
24492.26469464284; -0.00206357149773; 0.00580280252221
24495.18602438371; -0.00204107269461; 0.00571394948955
24498.10735412458; -0.00201844043927; 0.00562642819227
24501.02868386546; -0.0019974383172; 0.00554008967832
24503.95001360633; -0.00197573917984; 0.00545381394318
24506.87134334721; -0.00195480420035; 0.00536942124878
24509.79267308808; -0.00193413147307; 0.00528575255229
24512.71400282895; -0.00191338550721; 0.00520371537462
24515.63533256983; -0.00189303058102; 0.00512179575841
24518.5566623107; -0.00187365549371; 0.00504038977532
24521.47799205158; -0.00185476403371; 0.00496057407231
24524.39932179245; -0.0018343314948; 0.00488120012886
24527.32065153333; -0.00181642827965; 0.00480308622914
24530.2419812742; -0.00179827693171; 0.00472626365369
24533.16331101508; -0.00177910401552; 0.00464865817733
24536.08464075595; -0.00176165358455; 0.00457336645134
24539.00597049683; -0.00174462045047; 0.00449811290205
24541.9273002377; -0.00172685467505; 0.00442361869955
24544.84862997857; -0.0017107736893; 0.00435086954813
24547.76995971945; -0.00169272324265; 0.00427900165878
24550.69128946032; -0.00167719848941; 0.00420693328795
24553.6126192012; -0.00166083937906; 0.00413521653577
24556.53394894207; -0.00164426020663; 0.00406488659907
24559.45527868294; -0.00162881320081; 0.00399453643022
24562.37660842382; -0.00161297123394; 0.00392616269961
24565.29793816469; -0.00159810919726; 0.00385818884657
24568.21926790557; -0.00158397953615; 0.00379035225749
24571.14059764644; -0.00156871686958; 0.00372375418154
24574.06192738732; -0.00155431156082; 0.00365731067957
24576.98325712819; -0.00153999742276; 0.00359207868925
24579.90458686907; -0.00152553512234; 0.003527388503
24582.82591660994; -0.00151222697276; 0.00346210654282
24585.74724635082; -0.0014976302485; 0.00339825523097
24588.66857609169; -0.00148468360494; 0.00333560728681
24591.58990583257; -0.00147118639835; 0.00327272098586
24594.51123557344; -0.00145802029811; 0.00321122348133
24597.43256531431; -0.00144601536057; 0.00314974675226
24600.35389505519; -0.00143217831711; 0.00308759906757
24603.27522479606; -0.00142017349612; 0.00302895357927
24606.19655453694; -0.00140814315637; 0.00296948680898
24609.11788427781; -0.00139516181917; 0.00290978174497
24612.03921401869; -0.00138365258619; 0.00285157328031
24614.96054375956; -0.00137170182497; 0.00279305928951
24617.88187350044; -0.00135953914611; 0.0027368622405
24620.80320324131; -0.00134818605106; 0.00267982173234
24623.72453298218; -0.00133763649083; 0.00262309119646
24626.64586272306; -0.00132617642995; 0.00256729607275
24629.56719246393; -0.00131494723237; 0.00251228144637
24632.48852220481; -0.0013043547196; 0.00245709206895
24635.40985194568; -0.00129347968071; 0.00240281480036
24638.33118168656; -0.00128280547608; 0.00234906449939
24641.25251142743; -0.00127303038948; 0.0022956687105
24644.1738411683; -0.00126200363649; 0.00224276749469
24647.09517090918; -0.00125242847791; 0.00219030739089
24650.01650065005; -0.00124220714123; 0.00213957064647
24652.93783039093; -0.00123277148718; 0.00208632107121
24655.8591601318; -0.00122333062883; 0.00203581358714
24658.78048987268; -0.00121316651312; 0.00198559575715
24661.70181961355; -0.00120320389868; 0.00193488203344
24664.62314935443; -0.00119393180159; 0.00188632502338
24667.5444790953; -0.00118516939726; 0.00183731683994
24670.46580883618; -0.00117531312719; 0.00178835973507
24673.38713857705; -0.00116649999152; 0.00173880749184
24676.30846831792; -0.00115805975226; 0.00169093175423
24679.2297980588; -0.00114938615851; 0.00164269233087
24682.15112779967; -0.00113986974892; 0.00159545780476
24685.07245754055; -0.00113250477361; 0.00154933055695
24687.99378728142; -0.00112369961005; 0.00150385519557
24690.91511702229; -0.00111517676261; 0.00145665886399
24693.83644676317; -0.00110606425104; 0.00141152731438
24696.75777650404; -0.00109872801029; 0.00136561017274
24699.67910624492; -0.00109038121937; 0.00132091861334
24702.60043598579; -0.0010829380164; 0.00127655500518
24705.52176572667; -0.00107589425083; 0.00123175312952
24708.44309546754; -0.00106689191884; 0.00118844792405
24711.36442520842; -0.00105979979758; 0.00114497226592
24714.28575494929; -0.00105200165114; 0.00110235796973
24717.20708469017; -0.00104549802746; 0.00105939796798
24720.12841443104; -0.00103713759635; 0.00101718097572
24723.04974417191; -0.00103041695642; 0.000974293491465
24725.97107391279; -0.00102318659895; 0.000933167017663
24728.89240365366; -0.00101596856474; 0.000891363504473
24731.81373339454; -0.00100873854535; 0.000849201935233
24734.73506313541; -0.00100250102172; 0.000809200016997
24737.65639287628; -0.000995601381991; 0.000768992129273
24740.57772261716; -0.000987523076305; 0.000728324300424
24743.49905235803; -0.000981710452834; 0.000688772218245
24746.42038209891; -0.000972069041994; 0.000649760540959
24749.34171183978; -0.000965700234173; 0.000610286084507
24752.26304158066; -0.000958770059314; 0.000570996161698
24755.18437132153; -0.000951543117897; 0.000532721401119
24758.10570106241; -0.000945558079341; 0.00049345680575
24761.02703080328; -0.000939282813629; 0.000456822409662
24763.94836054416; -0.000934023901088; 0.000418674576516
24766.86969028503; -0.00092685786862; 0.000380680002796
24769.79102002591; -0.000921664698866; 0.000343428755874
24772.71234976678; -0.000916245877573; 0.000307772443178
24775.63367950765; -0.000909969316227; 0.00026946561437
24778.55500924853; -0.000904152105383; 0.000233133816616
24781.4763389894; -0.000898511873381; 0.000197269865176
24784.39766873028; -0.00089237625013; 0.000161328660784
24787.31899847115; -0.000886541521343; 0.000125102065229
24790.24032821202; -0.000880748442998; 8.9509132055e-05
24793.1616579529; -0.000876108641245; 5.46824810858e-05
24796.08298769378; -0.000870530443747; 1.91524218126e-05
24799.00431743465; -0.000865110500822; -1.46628765196e-05
24801.92564717553; -0.000859838205704; -4.94831190894e-05
24804.8469769164; -0.000854776736375; -8.36757751332e-05
24807.76830665727; -0.000849635995757; -0.000115969312904
24810.68963639815; -0.000844353633572; -0.000150416281359
24813.61096613902; -0.000839687307593; -0.000183459003627
24816.5322958799; -0.000833748959399; -0.000217750887554
24819.45362562077; -0.000829721209719; -0.000250369951832
24822.37495536164; -0.000824506011111; -0.000283197904794
24825.29628510252; -0.000819260475299; -0.000315531371367
24828.21761484339; -0.000814155331421; -0.000347594069909
24831.13894458427; -0.000809685089174; -0.000380319874716
24834.06027432514; -0.000803044190611; -0.000411117831145
24836.98160406602; -0.000799011801788; -0.000443731418345
24839.90293380689; -0.000794132332219; -0.000475147949172
24842.82426354777; -0.000789224236701; -0.000505792243632
24845.74559328864; -0.000785594184178; -0.000537390975914
24848.66692302952; -0.000780673842639; -0.000567772208837
24851.58825277039; -0.000776272778151; -0.000597928463154
24854.50958251126; -0.000771386816028; -0.000628978924585
24857.43091225214; -0.000767549474844; -0.000659900438784
24860.35224199301; -0.000764065806417; -0.000689325735864
24863.27357173389; -0.000758552675158; -0.000719741676823
24866.19490147476; -0.00075454162141; -0.000748392951665
24869.11623121564; -0.000750403053528; -0.000777960061237
24872.03756095651; -0.000746523385122; -0.00080768100209
24874.95889069738; -0.000742665189409; -0.000836771887843
24877.88022043826; -0.000737893576615; -0.000865890657071
24880.80155017913; -0.000733575697858; -0.000893822205683
24883.72287992001; -0.000730019104464; -0.000921986278317
24886.64420966088; -0.000726261635808; -0.000950011776044
24889.56553940176; -0.000722664757683; -0.000979143641845
24892.48686914263; -0.000717577633448; -0.00100749725135
24895.40819888351; -0.0007135118173; -0.00103524617019
24898.32952862438; -0.000710255344973; -0.0010625322824
24901.25085836525; -0.000706836695708; -0.001089490474
24904.17218810613; -0.000702471063036; -0.00111673796974
24907.093517847; -0.000699846345295; -0.00114361497725
24910.01484758788; -0.000695835131544; -0.00117020277462
24912.93617732875; -0.00069213391331; -0.00119764503038
24915.85750706963; -0.00068977752218; -0.00122458398785
24918.7788368105; -0.000684879621193; -0.00125050853803
24921.70016655137; -0.000681199087255; -0.00127673380067
24924.62149629225; -0.000677579094491; -0.00130313936066
24927.54282603312; -0.000674962281555; -0.00132895255201
24930.464155774; -0.000671865182742; -0.00135470026496
24933.38548551487; -0.000667289255058; -0.00137975671486
24936.30681525575; -0.000663537675641; -0.00140609972819
24939.22814499662; -0.000661107314836; -0.00143173793757
24942.1494747375; -0.000658166198179; -0.00145550613149
24945.07080447837; -0.00065498197581; -0.00148090226887
24947.99213421925; -0.000651040193284; -0.00150641025677
24950.91346396012; -0.000649407921063; -0.00153132891831
24953.83479370099; -0.000644690454891; -0.00155506386606
24956.75612344187; -0.000641809758868; -0.00157992099318
24959.67745318274; -0.000638354227537; -0.0016045035926
24962.59878292362; -0.000637021107754; -0.00162827616096
24965.52011266449; -0.000633354610709; -0.00165276060506
24968.44144240536; -0.000630273262736; -0.00167614810606
24971.36277214624; -0.000626537787857; -0.00170041891148
24974.28410188711; -0.000623253381515; -0.00172383838355
24977.20543162799; -0.000620929479004; -0.00174694046185
24980.12676136887; -0.000617417743406; -0.00177046602667
24983.04809110974; -0.000615803228132; -0.00179433594773
24985.96942085061; -0.000613015482979; -0.00181668855383
24988.89075059149; -0.000609459506824; -0.00183973736706
24991.81208033236; -0.000606535686876; -0.00186263284486
24994.73341007324; -0.000602917053363; -0.00188488408774
24997.65473981411; -0.000600934227276; -0.00190863017919
25000.57606955498; -0.000597672439026; -0.00193114289335
25003.49739929586; -0.000595888230629; -0.00195230137666
25006.41872903673; -0.00059259144034; -0.00197488564762
25009.34005877761; -0.000589812932781; -0.00199678516631
25012.26138851848; -0.000587476080778; -0.00201946343646
25015.18271825936; -0.00058452714547; -0.00204076760301
25018.10404800023; -0.000582014431948; -0.00206253329848
25021.02537774111; -0.00057976163961; -0.00208413662716
25023.94670748198; -0.000576086947602; -0.00210601667503
25026.86803722286; -0.000574068218615; -0.00212713378106
25029.78936696373; -0.000571511763774; -0.00214921368479
25032.71069670461; -0.000569384849316; -0.0021704221529
25035.63202644548; -0.000567081750411; -0.00218999121544
25038.55335618635; -0.000563855137204; -0.00221197687021
25041.47468592723; -0.000561608534262; -0.00223249968904
25044.3960156681; -0.00055910879731; -0.00225299429015
25047.31734540898; -0.000557096136642; -0.00227302184749
25050.23867514985; -0.000554466441675; -0.00229401612853
25053.16000489072; -0.000552111099792; -0.00231444630218
25056.0813346316; -0.000549478151086; -0.00233504749843
25059.00266437247; -0.000547343008971; -0.00235522643779
25061.92399411335; -0.000545495532745; -0.00237424083378
25064.84532385422; -0.00054362222961; -0.00239552266493
25067.7666535951; -0.000541659120575; -0.00241459634846
25070.68798333597; -0.000539125890451; -0.00243402956483
25073.60931307685; -0.000535919619304; -0.00245417375847
25076.53064281772; -0.000533582755455; -0.0024733402524
25079.4519725586; -0.000532756481468; -0.00249314610765
25082.37330229947; -0.000528929153966; -0.00251269162409
25085.29463204034; -0.000527813026213; -0.00253221940874
25088.21596178122; -0.000524563575295; -0.00255139321763
25091.13729152209; -0.000522257487808; -0.00256952612853
25094.05862126297; -0.000521507676686; -0.00258834732206
25096.97995100384; -0.000518834048321; -0.00260791664408
25099.90128074471; -0.000516063446952; -0.002626319603
25102.82261048559; -0.000515211720832; -0.0026449650934
25105.74394022646; -0.000511897946992; -0.00266304960969
25108.66526996734; -0.000510093543921; -0.00268303217209
25111.58659970821; -0.000507867980896; -0.00270138137586
25114.50792944909; -0.000506637832895; -0.00271889543459
25117.42925918996; -0.000504745853185; -0.00273738416367
25120.35058893084; -0.000502556569218; -0.00275507428469
25123.27191867171; -0.000500900807045; -0.00277356426048
25126.19324841259; -0.000498586788907; -0.00279117123478
25129.11457815346; -0.000496610905303; -0.00280909966891
25132.03590789433; -0.000494735525447; -0.00282671109581
25134.95723763521; -0.000492174672851; -0.00284412193406
25137.87856737608; -0.000490109343812; -0.00286234281515
25140.79989711696; -0.00048893552231; -0.00288016990245
25143.72122685783; -0.00048750045299; -0.00289720013425
25146.64255659871; -0.000485070853581; -0.0029150527213
25149.56388633958; -0.000483272647061; -0.00293281160646
25152.48521608045; -0.000481722105625; -0.00294958682577
25155.40654582133; -0.000479403275111; -0.00296575334751
25158.32787556221; -0.000477982440379; -0.00298327130623
25161.24920530308; -0.000475714652595; -0.00300105664231
25164.17053504395; -0.000474970496861; -0.00301751507762
25167.09186478483; -0.000472812446264; -0.00303399408145
25170.0131945257; -0.000470720921543; -0.00305176000556
25172.93452426658; -0.000469142090703; -0.00306754466253
25175.85585400745; -0.00046863066684; -0.00308394877707
25178.77718374832; -0.000466284623474; -0.00310101145272
25181.6985134892; -0.000463937693096; -0.00311737527798
25184.61984323007; -0.000462071019056; -0.00313418513456
25187.54117297095; -0.000461345600129; -0.00315011950636
25190.46250271182; -0.000459286157175; -0.00316585960108
25193.3838324527; -0.000457642330327; -0.00318179922488
25196.30516219357; -0.000456352483086; -0.00319843730376
25199.22649193445; -0.000455060727203; -0.00321469202416
25202.14782167532; -0.000453057077663; -0.00323008324995
25205.0691514162; -0.000451423869583; -0.00324537934416
25207.99048115707; -0.00044971370663; -0.003261794774
25210.91181089795; -0.000447876672477; -0.00327704714289
25213.83314063882; -0.000446021612296; -0.0032934846589
25216.75447037969; -0.000444436007589; -0.00330809275079
25219.67580012057; -0.000442586377563; -0.00332363940466
25222.59712986144; -0.000441736610163; -0.0033393983868
25225.51845960232; -0.000440726585545; -0.00335396824544
25228.43978934319; -0.000438387718128; -0.00336950694328
25231.36111908406; -0.000437235467935; -0.00338469323468
25234.28244882494; -0.000435748005326; -0.00339988659502
25237.20377856581; -0.000433197331722; -0.00341514072339
25240.12510830669; -0.000432614057753; -0.00342982473668
25243.04643804756; -0.000431020886861; -0.0034450098516
25245.96776778844; -0.000430134496475; -0.00346022797115
25248.88909752931; -0.000428153512106; -0.00347437474174
25251.81042727019; -0.000426972849506; -0.00348952116726
25254.73175701106; -0.00042583605038; -0.00350368796044
25257.65308675194; -0.000423968727562; -0.00351881032593
25260.57441649281; -0.000422443176177; -0.00353253926876
25263.49574623368; -0.000420652952925; -0.00354770078389
25266.41707597456; -0.00041931323397; -0.0035621244989
25269.33840571543; -0.000417685604277; -0.00357657454222
25272.25973545631; -0.000416968533162; -0.00359078612651
25275.18106519718; -0.000415319162003; -0.00360500313588
25278.10239493805; -0.000414168295137; -0.00361916889543
25281.02372467893; -0.000412886581013; -0.0036338929169
25283.9450544198; -0.000412071494572; -0.00364690273083
25286.86638416068; -0.000411459077494; -0.0036606521918
25289.78771390155; -0.000408215877203; -0.00367495221905
25292.70904364243; -0.000407097863269; -0.00368907460998
25295.6303733833; -0.000406896825775; -0.0037031662964
25298.55170312418; -0.000405497497659; -0.00371699642846
25301.47303286505; -0.00040388117082; -0.00373098253598
25304.39436260593; -0.00040195613956; -0.00374407700734
25307.3156923468; -0.000402243489982; -0.00375766103757
25310.23702208767; -0.000401080459789; -0.00377156129693
25313.15835182855; -0.000399696787358; -0.00378438119114
25316.07968156942; -0.000396975155383; -0.00379710318956
25319.0010113103; -0.000396934791343; -0.00381170986004
25321.92234105117; -0.000395296082261; -0.00382442858756
25324.84367079205; -0.000393760358037; -0.00383787478981
25327.76500053292; -0.000392974583092; -0.0038504736887
25330.68633027379; -0.000391835911709; -0.00386434795369
25333.60766001467; -0.000389674391678; -0.00387751039203
25336.52898975554; -0.000389854169945; -0.00389092586015
25339.45031949642; -0.000387377269859; -0.0039034847557
25342.37164923729; -0.000386325511181; -0.00391624401118
25345.29297897817; -0.000385212971403; -0.00392865568939
25348.21430871904; -0.000383692809479; -0.00394158803082
25351.13563845992; -0.000382381372237; -0.00395468788365
25354.05696820079; -0.000382081965873; -0.00396635337947
25356.97829794166; -0.000381169579653; -0.00397938529417
25359.89962768254; -0.000380320586956; -0.00399239012641
25362.82095742341; -0.000377624221881; -0.00400507884666
25365.74228716429; -0.00037636248812; -0.00401805054927
25368.66361690516; -0.000375891634608; -0.00403031498598
25371.58494664604; -0.000375153638424; -0.00404205967163
25374.50627638691; -0.000373154031096; -0.00405464703904
25377.42760612779; -0.000372893682753; -0.00406775479883
25380.34893586866; -0.000371945592098; -0.00407954560461
25383.27026560954; -0.000370390364057; -0.00409127517504
25386.19159535041; -0.000369761391358; -0.00410293737782
25389.11292509129; -0.000368432795024; -0.00411533694716
25392.03425483216; -0.000367032380354; -0.00412748605384
25394.95558457303; -0.000366579931259; -0.00414027834911
25397.87691431391; -0.000365217650289; -0.00415151563765
25400.79824405478; -0.000364068910069; -0.00416424830222
25403.71957379566; -0.000363797534952; -0.00417663579207
25406.64090353653; -0.00036123516818; -0.00418766945931
25409.5622332774; -0.000360749813614; -0.00419969754133
25412.48356301828; -0.0003600236786; -0.00421228105669
25415.40489275915; -0.000359005418172; -0.00422330372192
25418.32622250003; -0.000357715827627; -0.0042352434976
25421.2475522409; -0.000357361963329; -0.00424677190377
25424.16888198178; -0.000356809828345; -0.00425909561849
25427.09021172265; -0.000355482755187; -0.0042700852644
25430.01154146353; -0.000353158309823; -0.00428059220279
25432.9328712044; -0.000353573288304; -0.00429264255167
25435.85420094528; -0.000352832679621; -0.00430396535097
25438.77553068615; -0.0003515093109; -0.00431546791546
25441.69686042702; -0.000350891242049; -0.00432683300499
25444.6181901679; -0.000349592529143; -0.00433824983841
25447.53951990877; -0.000348550733378; -0.00434921236886
25450.46084964965; -0.000348361751825; -0.00436111267551
25453.38217939052; -0.00034716517969; -0.00437212535852
25456.30350913139; -0.000345882521244; -0.00438285092074
25459.22483887227; -0.000344807030689; -0.00439409929843
25462.14616861314; -0.000344383645703; -0.00440488601583
25465.06749835402; -0.000342664100232; -0.00441697781253
25467.98882809489; -0.00034192317816; -0.00442661917391
25470.91015783577; -0.000341209323091; -0.00443827938635
25473.83148757664; -0.00034024018952; -0.00444931951622
25476.75281731752; -0.00033883058341; -0.00445974641193
25479.67414705839; -0.000339342467048; -0.00447148684436
25482.59547679927; -0.000337349767896; -0.00448190284706
25485.51680654014; -0.000336080431103; -0.00449332134382
25488.43813628102; -0.000336281203286; -0.00450394232045
25491.35946602189; -0.000334317888016; -0.00451404265556
25494.28079576276; -0.000334708532534; -0.00452426959847
25497.20212550364; -0.000333609077327; -0.00453539708906
25500.12345524451; -0.000332605081873; -0.00454629161692
25503.04478498539; -0.000331111885258; -0.00455636676889
25505.96611472626; -0.000330935436962; -0.00456698685883
25508.88744446713; -0.000329772817313; -0.00457834733459
25511.80877420801; -0.000329532142328; -0.00458783098987
