% Module: Sweep, ID: c0p1t8p1cfm0
% Devices: DEV646
% Time: 2025/12/04 14:54:36
% Demod 1 Sample X, /dev646/demods/0/sample.X
% Demod 1 Sample Y, /dev646/demods/0/sample.Y
% Frequency (Hz); Demod 1 Sample X  Amplitude (V); Demod 1 Sample Y  Amplitude (V)
22406.01744260308; -0.000176642658398; -0.0129932325792
22408.70700029995; -0.000176393181133; -0.0130030613742
22411.39655799681; -0.000177485078077; -0.0130128348583
22414.08611569368; -0.000178376729077; -0.0130222851146
22416.77567339055; -0.000179332839307; -0.0130310082906
22419.46523108742; -0.000180516522874; -0.0130410392417
22422.15478878428; -0.000180827893717; -0.0130504654718
22424.84434648115; -0.000181479085427; -0.0130596493145
22427.53390417802; -0.000181400114681; -0.0130680042624
22430.22346187488; -0.000182544784689; -0.0130774220656
22432.91301957176; -0.000183528999245; -0.0130878527909
22435.60257726862; -0.00018353810976; -0.0130964987808
22438.29213496549; -0.000184127488893; -0.0131049776095
22440.98169266236; -0.00018466655892; -0.0131139348532
22443.67125035922; -0.00018498464586; -0.0131244104008
22446.36080805609; -0.000186287904908; -0.0131337507332
22449.05036575296; -0.000187265253058; -0.0131437448895
22451.73992344983; -0.000187278416016; -0.013153188505
22454.42948114669; -0.000188748053369; -0.0131628201034
22457.11903884356; -0.000189045276087; -0.0131732593593
22459.80859654043; -0.000189647119706; -0.013182824411
22462.4981542373; -0.000190359598294; -0.0131910797693
22465.18771193416; -0.000190482667979; -0.0132027676334
22467.87726963103; -0.000191790022548; -0.0132114018689
22470.5668273279; -0.00019253821557; -0.0132207097486
22473.25638502476; -0.000192761179994; -0.0132307503019
22475.94594272163; -0.000193045617682; -0.0132399827479
22478.6355004185; -0.000194594169089; -0.0132494180404
22481.32505811537; -0.000196002557951; -0.0132601542239
22484.01461581224; -0.000195959413564; -0.0132702565825
22486.7041735091; -0.000196732259554; -0.0132799390467
22489.39373120597; -0.00019709500798; -0.0132900014514
22492.08328890284; -0.000197548003159; -0.0132995711262
22494.77284659971; -0.000199530116929; -0.0133096128504
22497.46240429657; -0.000200025134172; -0.013319956196
22500.15196199344; -0.000198998777704; -0.0133308591492
22502.84151969031; -0.000201526673367; -0.0133409246728
22505.53107738718; -0.000201572970722; -0.0133506630145
22508.22063508404; -0.000203446230625; -0.0133613560124
22510.91019278091; -0.000203365517239; -0.0133715285527
22513.59975047778; -0.000204424633175; -0.0133817123146
22516.28930817464; -0.000205343713183; -0.0133916426192
22518.97886587151; -0.000206118259275; -0.0134022446348
22521.66842356838; -0.000206266077315; -0.0134126896647
22524.35798126525; -0.000207932644412; -0.0134223443428
22527.04753896211; -0.000208386265677; -0.0134331643292
22529.73709665898; -0.000209203808693; -0.0134444834815
22532.42665435585; -0.000210155203625; -0.0134549297532
22535.11621205272; -0.000210925356116; -0.0134649318709
22537.80576974959; -0.000212135796834; -0.0134756082728
22540.49532744645; -0.000212449240015; -0.013485918975
22543.18488514332; -0.000213146052687; -0.0134969015815
22545.87444284019; -0.000213883668942; -0.013507357101
22548.56400053706; -0.00021560028614; -0.0135187253501
22551.25355823392; -0.000215794632923; -0.0135291470062
22553.94311593079; -0.000215681504457; -0.0135403001776
22556.63267362766; -0.000217476247851; -0.013551829902
22559.32223132452; -0.000219087994933; -0.0135618986214
22562.01178902139; -0.000218808014154; -0.0135730343363
22564.70134671826; -0.0002202287915; -0.0135835427534
22567.39090441513; -0.000220626814739; -0.0135940007692
22570.08046211199; -0.000221393344023; -0.0136063750271
22572.77001980886; -0.000222412476464; -0.0136168531579
22575.45957750573; -0.000223674919697; -0.0136283323082
22578.1491352026; -0.000224466943039; -0.0136398583257
22580.83869289946; -0.000224671134194; -0.0136515501446
22583.52825059633; -0.000225750059568; -0.0136620210533
22586.2178082932; -0.000227726378101; -0.0136732423
22588.90736599007; -0.000228141712126; -0.0136847069891
22591.59692368694; -0.00022875579115; -0.0136953625392
22594.2864813838; -0.000229506568056; -0.0137069786271
22596.97603908067; -0.000230386464272; -0.0137192942993
22599.66559677754; -0.000230815206873; -0.0137300170479
22602.3551544744; -0.000231832204899; -0.0137429568554
22605.04471217127; -0.00023275332709; -0.0137534102316
22607.73426986814; -0.000233956727169; -0.0137660068267
22610.42382756501; -0.000235262052478; -0.0137763876503
22613.11338526187; -0.000236292698083; -0.0137875922207
22615.80294295874; -0.000236766213711; -0.0138003893347
22618.49250065561; -0.000238947970801; -0.013812337081
22621.18205835247; -0.000239429237539; -0.0138240628501
22623.87161604934; -0.000239511055249; -0.0138349217393
22626.56117374621; -0.000241258884202; -0.0138476023664
22629.25073144308; -0.000242520689041; -0.0138593319468
22631.94028913995; -0.000242838220665; -0.0138709385784
22634.62984683681; -0.000243561711411; -0.0138836280728
22637.31940453368; -0.000245283606915; -0.0138956329381
22640.00896223055; -0.000246582456747; -0.0139078177502
22642.69851992742; -0.000247065887593; -0.0139207076431
22645.38807762428; -0.00024822839401; -0.0139319964422
22648.07763532115; -0.00024927426691; -0.0139441052383
22650.76719301802; -0.000249877186468; -0.0139579349958
22653.45675071489; -0.000251993615238; -0.0139690992639
22656.14630841175; -0.000252550249209; -0.013981963236
22658.83586610862; -0.000253325040612; -0.0139941250363
22661.52542380549; -0.000254076389987; -0.0140060404652
22664.21498150235; -0.000255064723679; -0.0140190229095
22666.90453919922; -0.000255447693933; -0.0140316647881
22669.59409689609; -0.00025771762244; -0.0140455538871
22672.28365459296; -0.000258737975744; -0.0140577464734
22674.97321228982; -0.000259682573887; -0.0140697171341
22677.66276998669; -0.000260549250913; -0.0140833126028
22680.35232768356; -0.000261523920794; -0.0140960216604
22683.04188538043; -0.000262710031934; -0.0141081012325
22685.7314430773; -0.000264163135512; -0.0141212052189
22688.42100077416; -0.000265718410939; -0.0141342853446
22691.11055847103; -0.000266988539743; -0.0141472405526
22693.8001161679; -0.000268461225448; -0.0141608572366
22696.48967386477; -0.000268293961899; -0.0141742658723
22699.17923156163; -0.000269824869823; -0.0141870482764
22701.8687892585; -0.00027135564359; -0.0142000330899
22704.55834695537; -0.000272940881061; -0.0142139010505
22707.24790465223; -0.000273818893635; -0.014226541434
22709.9374623491; -0.000274707791518; -0.0142401542271
22712.62702004597; -0.000275558353853; -0.0142544714626
22715.31657774284; -0.000277266376697; -0.0142680317569
22718.0061354397; -0.000277717232846; -0.0142818021439
22720.69569313657; -0.000279663481871; -0.0142944771007
22723.38525083344; -0.000280772345751; -0.014308400377
22726.07480853031; -0.000282817964045; -0.0143226907154
22728.76436622717; -0.000283008565852; -0.0143363426828
22731.45392392404; -0.000285170085806; -0.0143503704548
22734.14348162091; -0.000286346050262; -0.0143642221089
22736.83303931778; -0.000287177846866; -0.0143780761733
22739.52259701465; -0.000288197973859; -0.0143917505872
22742.21215471151; -0.000289279806737; -0.0144067699252
22744.90171240838; -0.000290251328419; -0.0144208262479
22747.59127010525; -0.000292866807028; -0.014435541303
22750.28082780211; -0.000293433938842; -0.0144492293981
22752.97038549898; -0.000294788520625; -0.0144630257637
22755.65994319585; -0.000296276170313; -0.0144779595645
22758.34950089272; -0.000297811926537; -0.0144920534441
22761.03905858958; -0.000299679612668; -0.0145059586235
22763.72861628645; -0.00029980614548; -0.0145220063768
22766.41817398332; -0.000301892689899; -0.0145358360299
22769.10773168019; -0.000303435297221; -0.0145502908748
22771.79728937705; -0.000303385235196; -0.0145654425868
22774.48684707392; -0.000305584968621; -0.014580176862
22777.17640477079; -0.000307173863375; -0.0145947232359
22779.86596246765; -0.00030883377053; -0.0146105496543
22782.55552016453; -0.000310512321568; -0.0146255578765
22785.24507786139; -0.000311452275721; -0.0146401272702
22787.93463555826; -0.000313625579921; -0.0146556515653
22790.62419325513; -0.000314608492997; -0.0146704003051
22793.31375095199; -0.000315382870702; -0.0146862590891
22796.00330864886; -0.000317528361273; -0.0147009918503
22798.69286634573; -0.000318625833451; -0.0147173655278
22801.3824240426; -0.000319639365042; -0.0147322887322
22804.07198173946; -0.000322423608606; -0.0147487772267
22806.76153943633; -0.000323127754075; -0.0147646644174
22809.4510971332; -0.000324253097344; -0.0147803824481
22812.14065483007; -0.000325887396748; -0.0147952399131
22814.83021252693; -0.000328066897499; -0.014810802757
22817.5197702238; -0.000329455669233; -0.0148265409325
22820.20932792067; -0.000330922515393; -0.0148421890973
22822.89888561753; -0.000331872058298; -0.0148588277673
22825.5884433144; -0.000333781194408; -0.0148744140057
22828.27800101127; -0.000336134754035; -0.0148911168845
22830.96755870814; -0.000336789757184; -0.01490803678
22833.65711640501; -0.000339192742597; -0.0149236209877
22836.34667410187; -0.000340914536638; -0.0149401574204
22839.03623179874; -0.000342553290029; -0.01495641352
22841.72578949561; -0.000344392498368; -0.0149730118018
22844.41534719248; -0.00034643789889; -0.0149896314485
22847.10490488934; -0.000347271772216; -0.015007174863
22849.79446258621; -0.00034913850241; -0.0150237463019
22852.48402028308; -0.00035056173733; -0.0150411469251
22855.17357797995; -0.000352696267437; -0.0150570382259
22857.86313567681; -0.00035406151768; -0.0150733309597
22860.55269337368; -0.000356099397095; -0.0150922819496
22863.24225107055; -0.000358107254079; -0.0151088188374
22865.93180876741; -0.000359617580708; -0.0151267568696
22868.62136646428; -0.000362173563003; -0.0151435146666
22871.31092416115; -0.000363237446239; -0.0151613130999
22874.00048185802; -0.000365512846593; -0.0151787135726
22876.69003955488; -0.000366446796122; -0.0151958408233
22879.37959725175; -0.000368646488776; -0.0152136687268
22882.06915494862; -0.000371500065564; -0.0152308708464
22884.75871264549; -0.000372375105019; -0.0152482164901
22887.44827034236; -0.000374807010768; -0.01526798707
22890.13782803922; -0.000376131863664; -0.0152860897922
22892.82738573609; -0.000378621073311; -0.0153032530712
22895.51694343296; -0.000380260690868; -0.0153212898726
22898.20650112983; -0.000381674939967; -0.0153396841591
22900.89605882669; -0.000384566191064; -0.0153585620634
22903.58561652356; -0.000385965250484; -0.0153769832773
22906.27517422043; -0.000387527443317; -0.0153961440742
22908.96473191729; -0.000389587732975; -0.0154147319542
22911.65428961416; -0.000392739729114; -0.0154333245436
22914.34384731103; -0.000394552185146; -0.0154525075644
22917.0334050079; -0.000396826576178; -0.0154697573974
22919.72296270476; -0.000398654138196; -0.0154889148541
22922.41252040163; -0.000400633840547; -0.0155096037723
22925.1020780985; -0.000402449490394; -0.0155270482026
22927.79163579537; -0.000405034686031; -0.0155467244931
22930.48119349223; -0.000406630368344; -0.0155660965639
22933.1707511891; -0.000409786843623; -0.0155859777457
22935.86030888597; -0.000411546110202; -0.0156061479314
22938.54986658284; -0.000413148427609; -0.0156254631166
22941.23942427971; -0.000416553873454; -0.0156452029897
22943.92898197657; -0.000418987555844; -0.0156650602589
22946.61853967344; -0.000420741929199; -0.0156852981369
22949.30809737031; -0.000423468421167; -0.0157052571917
22951.99765506717; -0.000425300375248; -0.015724582094
22954.68721276404; -0.000427555314078; -0.0157448829232
22957.37677046091; -0.000430067280051; -0.015764520681
22960.06632815778; -0.000431735790868; -0.0157863287744
22962.75588585464; -0.000434446132759; -0.0158069469693
22965.44544355151; -0.000436697052609; -0.0158274953897
22968.13500124838; -0.000439161613211; -0.0158483957665
22970.82455894525; -0.000442202078598; -0.0158683065182
22973.51411664211; -0.000445095151028; -0.0158898236711
22976.20367433898; -0.000446657144551; -0.0159110588136
22978.89323203585; -0.00044986554942; -0.0159326330908
22981.58278973272; -0.000451714697209; -0.0159535614659
22984.27234742959; -0.000454128665086; -0.0159758219987
22986.96190512645; -0.000457576900698; -0.0159965293074
22989.65146282332; -0.00045948277576; -0.0160190398446
22992.34102052019; -0.000462176378642; -0.016040528034
22995.03057821705; -0.000464048055599; -0.0160627907401
22997.72013591392; -0.000467560694672; -0.0160854127596
23000.40969361079; -0.000470610032109; -0.0161060751063
23003.09925130766; -0.000472712093904; -0.0161288446882
23005.78880900452; -0.000474956523892; -0.0161506691919
23008.47836670139; -0.000478304339758; -0.0161738380898
23011.16792439826; -0.000481802430776; -0.016195379742
23013.85748209513; -0.000483809438132; -0.0162185174641
23016.54703979199; -0.000486018568922; -0.0162406756303
23019.23659748886; -0.000489071337409; -0.0162645191237
23021.92615518573; -0.000492201449926; -0.0162882155298
23024.61571288259; -0.000495571334724; -0.0163120093619
23027.30527057946; -0.000498671235808; -0.0163359653046
23029.99482827633; -0.000501200324334; -0.0163590890169
23032.6843859732; -0.000503815835405; -0.0163825092131
23035.37394367007; -0.000507186829988; -0.0164060128382
23038.06350136693; -0.00050991591007; -0.0164313908525
23040.7530590638; -0.00051344219703; -0.0164550068785
23043.44261676067; -0.000515839079431; -0.0164792097778
23046.13217445754; -0.000519474681419; -0.0165021636391
23048.8217321544; -0.000522946790526; -0.0165271336712
23051.51128985127; -0.000525398301094; -0.0165515172917
23054.20084754814; -0.000529362142167; -0.0165769567717
23056.89040524501; -0.000532515451709; -0.0166006722992
23059.57996294187; -0.000535593716099; -0.0166267112727
23062.26952063874; -0.00053838120871; -0.0166515561514
23064.95907833561; -0.00054178414975; -0.0166777552359
23067.64863603247; -0.000545397886808; -0.0167038693796
23070.33819372934; -0.000549198117691; -0.0167279108419
23073.02775142621; -0.000552993100653; -0.0167542260188
23075.71730912308; -0.000556197544158; -0.0167800155734
23078.40686681994; -0.000559357411409; -0.016806572046
23081.09642451681; -0.000561850579882; -0.0168324988579
23083.78598221368; -0.000565670618818; -0.0168590006363
23086.47553991055; -0.000569561428152; -0.0168855832336
23089.16509760742; -0.000573664209137; -0.0169126483072
23091.85465530428; -0.000577213658737; -0.0169391826831
23094.54421300115; -0.00058038281689; -0.0169659519062
23097.23377069802; -0.000583650102987; -0.0169930141102
23099.92332839489; -0.000587695572229; -0.017021016488
23102.61288609175; -0.000592505135258; -0.0170482025828
23105.30244378862; -0.000595657693789; -0.0170765448429
23107.99200148549; -0.000599772408715; -0.0171039386431
23110.68155918235; -0.00060338900866; -0.0171318071749
23113.37111687922; -0.000606952192226; -0.017160556962
23116.06067457609; -0.000611930043204; -0.0171888834517
23118.75023227296; -0.000615649487545; -0.0172175265265
23121.43978996982; -0.000619052282275; -0.0172462120149
23124.12934766669; -0.000624026023041; -0.0172740657515
23126.81890536356; -0.000627812614498; -0.0173039225374
23129.50846306043; -0.000632106628683; -0.017332927572
23132.19802075729; -0.000636737997853; -0.017362017348
23134.88757845416; -0.000640811875655; -0.0173922315872
23137.57713615103; -0.000644857186663; -0.0174220165298
23140.2666938479; -0.00064988739716; -0.017451724808
23142.95625154477; -0.000653705661379; -0.0174830847869
23145.64580924163; -0.000657954099219; -0.0175137665287
23148.3353669385; -0.000662335916123; -0.0175440474758
23151.02492463537; -0.000667011999703; -0.0175741245693
23153.71448233223; -0.000671398510212; -0.0176058251703
23156.4040400291; -0.000677253714601; -0.0176362222212
23159.09359772597; -0.000682131566916; -0.017651827485
23161.78315542284; -0.000688870844965; -0.0176825039179
23164.4727131197; -0.000692958380886; -0.0177337518692
23167.16227081657; -0.000696622975673; -0.0177644212961
23169.85182851344; -0.000701468525141; -0.0177977309188
23172.54138621031; -0.000705946362112; -0.0178284543345
23175.23094390717; -0.000711338412791; -0.0178602461962
23177.92050160404; -0.000715820438746; -0.017863654359
23180.61005930091; -0.000740969071043; -0.0178880563881
23183.29961699778; -0.000735149430087; -0.0179043028074
23185.98917469465; -0.000766332772189; -0.0179410613376
23188.67873239151; -0.0007811733741; -0.0179731931255
23191.36829008838; -0.000782616654615; -0.0180164109742
23194.05784778525; -0.000774776427415; -0.0180198443684
23196.74740548211; -0.000791934236894; -0.0180442810329
23199.43696317898; -0.000797843502211; -0.0180844105037
23202.12652087585; -0.00077365833748; -0.0182070604371
23204.81607857272; -0.000773282096939; -0.0182367207124
23207.50563626958; -0.000777513467611; -0.0182711652456
23210.19519396645; -0.000781574161686; -0.0183073208624
23212.88475166332; -0.000786738452872; -0.0183427622844
23215.57430936018; -0.000791961499746; -0.0183791013048
23218.26386705705; -0.000798376496075; -0.0184157346777
23220.95342475392; -0.000803520001348; -0.0184520998762
23223.64298245079; -0.000809544062078; -0.0184886028317
23226.33254014765; -0.000816023259171; -0.018526530975
23229.02209784452; -0.000822084970286; -0.018564935759
23231.71165554139; -0.000828542995154; -0.0186016040738
23234.40121323826; -0.000835481052972; -0.018639606074
23237.09077093513; -0.000841929263622; -0.0186774151824
23239.78032863199; -0.000847571535808; -0.0187161628063
23242.46988632886; -0.000854689365201; -0.0187556375467
23245.15944402573; -0.000860816297481; -0.0187948663746
23247.8490017226; -0.000867701748854; -0.0188341929239
23250.53855941946; -0.000876066473718; -0.0188723278677
23253.22811711633; -0.000881185309946; -0.0189123417443
23255.9176748132; -0.000888644778309; -0.0189530920448
23258.60723251006; -0.000895751127307; -0.0189932813413
23261.29679020693; -0.000902027441033; -0.0190347275121
23263.9863479038; -0.000910934908055; -0.0190759804164
23266.67590560067; -0.000917548586921; -0.0191167036191
23269.36546329753; -0.000925061019426; -0.0191592903062
23272.0550209944; -0.000932365762035; -0.0192014648882
23274.74457869127; -0.000939725983361; -0.0192437267448
23277.43413638814; -0.0009472955543; -0.0192853172723
23280.123694085; -0.000955048656329; -0.0193293423806
23282.81325178187; -0.000963639155273; -0.0193731906181
23285.50280947874; -0.000971730090525; -0.0194166198402
23288.19236717561; -0.000979268844638; -0.0194608397964
23290.88192487248; -0.000987766690871; -0.0195051180927
23293.57148256934; -0.000996160642923; -0.0195490829912
23296.26104026621; -0.00100461325489; -0.0195941453036
23298.95059796308; -0.0010131144541; -0.0196406820015
23301.64015565994; -0.00102159272913; -0.0196861480688
23304.32971335681; -0.00102957671723; -0.0197329721073
23307.01927105368; -0.00103833760838; -0.0197794807818
23309.70882875055; -0.00104711551063; -0.0198271946433
23312.39838644741; -0.00105687635395; -0.0198734274211
23315.08794414428; -0.00106640182482; -0.0199219879406
23317.77750184115; -0.00107466044278; -0.0199710406148
23320.46705953802; -0.00108407635947; -0.0200185558741
23323.15661723488; -0.00109468996938; -0.0200677096103
23325.84617493175; -0.00110464386654; -0.0201160412367
23328.53573262862; -0.00111423327264; -0.0201659720399
23331.22529032548; -0.00112363729531; -0.0202160466849
23333.91484802236; -0.00113412750777; -0.0202671393922
23336.60440571922; -0.00114384259474; -0.0203177742878
23339.29396341609; -0.00115411000054; -0.0203698994018
23341.98352111296; -0.00116461329504; -0.0204217751556
23344.67307880982; -0.0011753240318; -0.0204732199518
23347.36263650669; -0.00118576411062; -0.0205260843127
23350.05219420356; -0.00119716698799; -0.0205795818351
23352.74175190043; -0.00120855431084; -0.0206331122676
23355.43130959729; -0.00121934843611; -0.0206866462808
23358.12086729416; -0.00123085614321; -0.0207413390904
23360.81042499103; -0.00124185332108; -0.0207976136427
23363.4999826879; -0.00125390382119; -0.0208526314955
23366.18954038476; -0.00126592006604; -0.0209082441242
23368.87909808163; -0.00127767547854; -0.0209646238719
23371.5686557785; -0.00128986075273; -0.0210212799651
23374.25821347536; -0.00130207262915; -0.0210790214623
23376.94777117223; -0.00131406215992; -0.0211373696732
23379.6373288691; -0.00132734406728; -0.0211957998261
23382.32688656597; -0.0013404782756; -0.0212541791529
23385.01644426284; -0.00135349068926; -0.0213128827866
23387.7060019597; -0.00136610663446; -0.0213729355246
23390.39555965657; -0.00138017358945; -0.0214344364265
23393.08511735344; -0.00139403193506; -0.0214961657404
23395.77467505031; -0.00140783092098; -0.021556465702
23398.46423274717; -0.00142120155838; -0.0216203023194
23401.15379044404; -0.00143675802246; -0.0216828454754
23403.84334814091; -0.00144998970218; -0.0217461293187
23406.53290583778; -0.00146501180761; -0.0218097435968
23409.22246353464; -0.00148060849081; -0.0218759079665
23411.91202123151; -0.00149421864457; -0.0219405202145
23414.60157892838; -0.00150988754318; -0.022007589005
23417.29113662524; -0.00152595855656; -0.0220743893492
23419.98069432211; -0.00154203548495; -0.0221403096349
23422.67025201898; -0.00155761828941; -0.0222084826094
23425.35980971585; -0.00157401005069; -0.0222773909655
23428.04936741271; -0.00159050538153; -0.0223467571125
23430.73892510958; -0.00160760764652; -0.0224180084346
23433.42848280645; -0.00162505467868; -0.0224881870184
23436.11804050332; -0.00164153737849; -0.0225594781584
23438.80759820019; -0.00165912638414; -0.0226315978625
23441.49715589705; -0.00167718975528; -0.022703465377
23444.18671359392; -0.00169596393491; -0.0227780293513
23446.87627129079; -0.00171408578704; -0.022852183092
23449.56582898766; -0.00173360891608; -0.0229263334389
23452.25538668452; -0.00175237163547; -0.0230030170552
23454.94494438139; -0.00177104733799; -0.0230785868372
23457.63450207826; -0.00179123665519; -0.0231559769022
23460.32405977512; -0.00181175471318; -0.0232347690886
23463.01361747199; -0.00183198475081; -0.0233132116393
23465.70317516886; -0.00185241648463; -0.0233937897894
23468.39273286573; -0.00187359158418; -0.0234743104912
23471.08229056259; -0.00189517236531; -0.0235572212758
23473.77184825946; -0.0019170553883; -0.0236386065727
23476.46140595633; -0.00193929107888; -0.0237216326386
23479.1509636532; -0.00196210013752; -0.023806288601
23481.84052135007; -0.00198489195415; -0.0238917216889
23484.53007904693; -0.00200796205314; -0.0239768137158
23487.2196367438; -0.00203189797699; -0.0240642718271
23489.90919444067; -0.00205613132726; -0.0241513662591
23492.59875213754; -0.00208086199888; -0.0242419991074
23495.2883098344; -0.00210606251392; -0.0243311331007
23497.97786753127; -0.00213141420959; -0.02442131753
23500.66742522814; -0.00215739485895; -0.0245137144863
23503.356982925; -0.00218359391398; -0.0246066705505
23506.04654062187; -0.00221113855721; -0.0247004421698
23508.73609831874; -0.00223858052635; -0.024795621187
23511.42565601561; -0.00226645804126; -0.0248930456391
23514.11521371247; -0.00229452136769; -0.0249884947926
23516.80477140934; -0.00232337114483; -0.0250881487514
23519.49432910621; -0.002353425793; -0.0251874633368
23522.18388680308; -0.00238374053336; -0.0252895960918
23524.87344449994; -0.0024137446305; -0.0253906690614
23527.56300219681; -0.00244468352379; -0.0254931494775
23530.25255989368; -0.00247666529063; -0.0255974950465
23532.94211759054; -0.00251003468766; -0.0257032677674
23535.63167528742; -0.00254231221428; -0.025808289177
23538.32123298428; -0.00257705280547; -0.0259177932464
23541.01079068115; -0.00261109382173; -0.02602708571
23543.70034837802; -0.00264505209211; -0.0261389091996
23546.38990607488; -0.00268172556391; -0.0262514886518
23549.07946377175; -0.00271879229219; -0.0263654173441
23551.76902146862; -0.00275455781022; -0.0264814294475
23554.45857916549; -0.00279363087423; -0.0265973663953
23557.14813686235; -0.00283168304578; -0.0267143397362
23559.83769455922; -0.00287127790526; -0.0268344792505
23562.52725225609; -0.00291165136789; -0.0269555662294
23565.21680995296; -0.00295331947591; -0.0270779360857
23567.90636764982; -0.00299505211024; -0.0272004457289
23570.59592534669; -0.00303799081361; -0.0273266768943
23573.28548304356; -0.00308224915873; -0.0274541898626
23575.97504074042; -0.00312627964235; -0.0275846795341
23578.66459843729; -0.00317236722858; -0.02771583955
23581.35415613416; -0.00321950002978; -0.0278480299495
23584.04371383103; -0.00326703697846; -0.0279816930876
23586.7332715279; -0.00331593305522; -0.0281189491431
23589.42282922476; -0.00336579251639; -0.028257377192
23592.11238692163; -0.00341706383232; -0.0283958760739
23594.8019446185; -0.00346905773998; -0.0285384159278
23597.49150231537; -0.00352210019558; -0.0286826719315
23600.18106001223; -0.00357729496423; -0.0288277187318
23602.8706177091; -0.00363212744247; -0.0289746654684
23605.56017540597; -0.00368912275383; -0.0291248847697
23608.24973310284; -0.00374733669495; -0.0292787359981
23610.9392907997; -0.0038083962392; -0.0294331652305
23613.62884849657; -0.00386910063652; -0.0295876291465
23616.31840619344; -0.00393103108556; -0.0297467975918
23619.0079638903; -0.00399544813467; -0.0299074388933
23621.69752158717; -0.00406104821825; -0.0300708784412
23624.38707928404; -0.00412881402354; -0.0302365467153
23627.07663698091; -0.00419763916232; -0.0304038192931
23629.76619467777; -0.0042681219239; -0.0305752203212
23632.45575237464; -0.00434119038013; -0.0307485311047
23635.14531007151; -0.00441456826125; -0.0309242609438
23637.83486776838; -0.0044914781138; -0.0311025654943
23640.52442546525; -0.00456979473865; -0.0312827928407
23643.21398316211; -0.00465008509738; -0.0314659826054
23645.90354085898; -0.00473221801165; -0.0316528998706
23648.59309855585; -0.00481545955426; -0.0318433510986
23651.28265625272; -0.00490251604942; -0.0320354636889
23653.97221394958; -0.00499108542648; -0.0322319779138
23656.66177164645; -0.00508203317829; -0.0324303732538
23659.35132934332; -0.00517537746742; -0.0326324007496
23662.04088704018; -0.00527163965641; -0.0328380716278
23664.73044473705; -0.00537020513416; -0.0330465025857
23667.42000243392; -0.00547125888231; -0.0332599798578
23670.10956013079; -0.00557519705323; -0.0334760562211
23672.79911782765; -0.00568342231562; -0.0336950799954
23675.48867552452; -0.00579278574492; -0.0339161614778
23678.17823322139; -0.00590556649116; -0.0341432372799
23680.86779091826; -0.00602234438311; -0.0343743613724
23683.55734861513; -0.00614225763034; -0.0346079987544
23686.24690631199; -0.0062648320456; -0.0348454814433
23688.93646400886; -0.00639248269594; -0.0350879531685
23691.62602170573; -0.00652286032172; -0.0353360176401
23694.3155794026; -0.00665703183837; -0.0355852819094
23697.00513709946; -0.00679675416104; -0.035841013185
23699.69469479633; -0.00693997398242; -0.0360998339503
23702.3842524932; -0.00708654729636; -0.0363649659196
23705.07381019006; -0.00723892006804; -0.0366326286387
23707.76336788693; -0.00739508765753; -0.0369049696644
23710.4529255838; -0.00755665545867; -0.0371835104308
23713.14248328067; -0.00772363552469; -0.0374672805158
23715.83204097753; -0.00789594352486; -0.037756420947
23718.5215986744; -0.00807366816275; -0.0380478099165
23721.21115637127; -0.00825751526401; -0.0383487749665
23723.90071406814; -0.00844707722127; -0.0386523435026
23726.590271765; -0.00864354413218; -0.0389624713535
23729.27982946187; -0.00884540584057; -0.0392775162643
23731.96938715874; -0.00905547744869; -0.0395995608781
23734.65894485561; -0.00927235690269; -0.0399255139474
23737.34850255248; -0.00949517036313; -0.0402578978533
23740.03806024934; -0.00972744371973; -0.0405976653134
23742.72761794621; -0.00996796139393; -0.040942538716
23745.41717564308; -0.0102175936837; -0.0412958411115
23748.10673333994; -0.0104739742175; -0.0416531192013
23750.79629103681; -0.0107418077942; -0.0420181682046
23753.48584873368; -0.0110202796771; -0.0423919232473
23756.17540643055; -0.0113077838055; -0.0427732066858
23758.86496412741; -0.0116060535165; -0.0431599492129
23761.55452182428; -0.0119172139609; -0.0435559905866
23764.24407952115; -0.0122377472385; -0.0439572808251
23766.93363721802; -0.012572431952; -0.0443668183026
23769.62319491488; -0.0129201815085; -0.044783971381
23772.31275261175; -0.013281873025; -0.0452109656183
23775.00231030862; -0.0136576746097; -0.0456427764082
23777.69186800548; -0.0140487329077; -0.0460822939304
23780.38142570235; -0.01445573579; -0.0465325321978
23783.07098339922; -0.0148799223949; -0.0469891733023
23785.76054109609; -0.0153226611247; -0.0474556803946
23788.45009879296; -0.0157835846664; -0.0479303436471
23791.13965648982; -0.0162635956244; -0.048411168049
23793.82921418669; -0.0167645335269; -0.0489020095204
23796.51877188356; -0.0172861219881; -0.0493980137379
23799.20832958043; -0.0178317581899; -0.0499055447598
23801.89788727729; -0.0184027404086; -0.0504191885673
23804.58744497416; -0.0189968611062; -0.0509399671091
23807.27700267103; -0.0196199262748; -0.0514698137435
23809.96656036789; -0.0202708678012; -0.0520076746921
23812.65611806476; -0.020950547537; -0.05255067685
23815.34567576163; -0.0216623570074; -0.0531008012204
23818.0352334585; -0.0224086831014; -0.0536579855113
23820.72479115536; -0.0231894182519; -0.0542210013101
23823.41434885223; -0.0240093425176; -0.05478911481
23826.1039065491; -0.0248660243109; -0.0553585342751
23828.79346424597; -0.0257664387843; -0.0559319211607
23831.48302194283; -0.0267096932606; -0.0565086441579
23834.1725796397; -0.0277002284884; -0.0570856563872
23836.86213733657; -0.0287394107805; -0.0576622616228
23839.55169503344; -0.029828906296; -0.0582358032175
23842.24125273031; -0.0309735030221; -0.058803465668
23844.93081042717; -0.03217670536; -0.0593662482217
23847.62036812404; -0.0334382967835; -0.0599178891109
23850.30992582091; -0.0347644661985; -0.0604573576178
23852.99948351777; -0.0361593732968; -0.0609851301128
23855.68904121464; -0.0376227900047; -0.0614904246157
23858.37859891151; -0.0391580591162; -0.0619710972491
23861.06815660838; -0.0407717179584; -0.0624247684064
23863.75771430524; -0.0424663941861; -0.0628437126022
23866.44727200211; -0.0442415811074; -0.063220539452
23869.13682969898; -0.0461028136284; -0.0635502750208
23871.82638739585; -0.0480522912617; -0.0638250363759
23874.51594509271; -0.0500939891715; -0.0640376408196
23877.20550278958; -0.0522280198279; -0.0641758481303
23879.89506048645; -0.0544548001324; -0.0642311451854
23882.58461818332; -0.0567758074629; -0.0641926680976
23885.27417588019; -0.0591928806357; -0.0640480446856
23887.96373357705; -0.0616968907694; -0.0637805927671
23890.65329127392; -0.0642947708761; -0.0633845786493
23893.34284897079; -0.0669725172291; -0.0628351142801
23896.03240666765; -0.069729981381; -0.0621247284656
23898.72196436452; -0.0725560203835; -0.0612349470273
23901.41152206139; -0.0754381235416; -0.0601475236178
23904.10107975826; -0.0783596843816; -0.0588469258807
23906.79063745512; -0.0813057508513; -0.057320584115
23909.48019515199; -0.0842534188419; -0.0555481041331
23912.16975284886; -0.0871853084786; -0.0535276022515
23914.85931054573; -0.0900634984063; -0.0512389443638
23917.54886824259; -0.0928715918711; -0.0486810860573
23920.23842593946; -0.0955692660156; -0.0458544936699
23922.92798363633; -0.0981212701171; -0.042756370114
23925.61754133319; -0.100490097437; -0.0393917219225
23928.30709903006; -0.102647856654; -0.0357801742155
23930.99665672693; -0.104552330999; -0.031938430376
23933.6862144238; -0.106174762519; -0.027891173846
23936.37577212067; -0.107483284294; -0.0236726094758
23939.06532981753; -0.10845452637; -0.0193164471621
23941.7548875144; -0.109076025245; -0.014857274456
23944.44444521127; -0.109317800026; -0.0103518501264
23947.13400290814; -0.109195023133; -0.00584472480918
23949.823560605; -0.108701660237; -0.0013792167759
23952.51311830187; -0.107849902887; 0.00300323276455
23955.20267599874; -0.106652928739; 0.0072580418885
23957.89223369561; -0.105142510602; 0.0113486403005
23960.58179139247; -0.103340346018; 0.0152433059015
23963.27134908934; -0.101280465054; 0.0189148873818
23965.96090678621; -0.0989962840825; 0.0223424802491
23968.65046448307; -0.0965273856928; 0.0255120459089
23971.34002217994; -0.0939046022366; 0.0284154419753
23974.02957987681; -0.091164554978; 0.0310462098473
23976.71913757368; -0.0883431316083; 0.0334134107019
23979.40869527054; -0.0854648501239; 0.0355153770027
23982.09825296741; -0.0825584183256; 0.0373640222884
23984.78781066428; -0.0796515726482; 0.0389708554505
23987.47736836115; -0.0767584650916; 0.0403484355118
23990.16692605802; -0.0739066807694; 0.0415147758763
23992.85648375488; -0.0711020941732; 0.0424818030301
23995.54604145175; -0.0683618568578; 0.0432675796206
23998.23559914862; -0.065694163409; 0.0438846269288
24000.92515684549; -0.063105736489; 0.0443532563022
24003.61471454235; -0.0606036717904; 0.0446836361327
24006.30427223922; -0.0581868183424; 0.0448893683419
24008.99382993609; -0.0558628015452; 0.044986807082
24011.68338763295; -0.053628722588; 0.0449872779002
24014.37294532982; -0.0514889685548; 0.0449025019525
24017.06250302669; -0.049439807295; 0.0447419444402
24019.75206072356; -0.0474816430397; 0.0445166468461
24022.44161842042; -0.0456090702255; 0.0442345419883
24025.13117611729; -0.0438248920776; 0.0439032558278
24027.82073381416; -0.0421191806858; 0.0435269581188
24030.51029151103; -0.040492496277; 0.0431146652438
24033.19984920789; -0.038942862538; 0.0426734271364
24035.88940690476; -0.0374636354859; 0.0422026889055
24038.57896460163; -0.0360576909491; 0.041713912634
24041.2685222985; -0.0347167103514; 0.0412087907756
24043.95807999537; -0.0334378575209; 0.0406856464846
24046.64763769223; -0.0322203670919; 0.0401533608981
24049.3371953891; -0.0310586974536; 0.039611048772
24052.02675308597; -0.0299513730732; 0.0390638320654
24054.71631078283; -0.0288979156053; 0.0385136687731
24057.4058684797; -0.0278913174283; 0.0379593993301
24060.09542617657; -0.0269338951055; 0.0374069793669
24062.78498387344; -0.0260195005867; 0.0368550479843
24065.4745415703; -0.0251464266172; 0.0363042450435
24068.16409926717; -0.0243134989219; 0.0357574024538
24070.85365696404; -0.023518303269; 0.0352143466006
24073.54321466091; -0.0227579999572; 0.0346765934878
24076.23277235777; -0.0220318694541; 0.0341437516573
24078.92233005464; -0.0213372496117; 0.0336176524977
24081.61188775151; -0.0206727449554; 0.0330960199141
24084.30144544838; -0.0200375741527; 0.0325812644241
24086.99100314525; -0.0194279788343; 0.032073834836
24089.68056084211; -0.0188449341792; 0.0315723350342
24092.37011853898; -0.0182860217094; 0.0310797119327
24095.05967623585; -0.0177521637523; 0.0305942936876
24097.74923393271; -0.0172380389552; 0.0301156306357
24100.43879162958; -0.0167457433955; 0.0296456296621
24103.12834932645; -0.0162730052606; 0.0291832159035
24105.81790702332; -0.0158196712476; 0.028727762476
24108.50746472018; -0.0153804150353; 0.0282812314099
24111.19702241705; -0.0149625761006; 0.0278421799667
24113.88658011392; -0.0145609464161; 0.0274100847497
24116.57613781079; -0.0141736511841; 0.0269857274243
24119.26569550765; -0.0138011309521; 0.0265691508987
24121.95525320452; -0.0134445595967; 0.0261608586637
24124.64481090139; -0.0130999360606; 0.0257581279277
24127.33436859825; -0.0127673690156; 0.0253645070884
24130.02392629512; -0.0124480359472; 0.0249782760104
24132.71348399199; -0.0121403707417; 0.0245985102831
24135.40304168886; -0.0118431114504; 0.0242252764494
24138.09259938573; -0.0115568707829; 0.0238585197598
24140.78215708259; -0.0112804173138; 0.023498546946
24143.47171477946; -0.0110140023106; 0.0231472982539
24146.16127247633; -0.0107554021336; 0.0227988240215
24148.8508301732; -0.0105071885764; 0.0224580702352
24151.54038787006; -0.0102654534057; 0.0221236409204
24154.22994556693; -0.0100330064882; 0.0217950394037
24156.9195032638; -0.00980863087338; 0.0214730682918
24159.60906096067; -0.00959081544959; 0.0211557387468
24162.29861865753; -0.00938079565114; 0.0208452113694
24164.9881763544; -0.00917645260713; 0.0205396584578
24167.67773405127; -0.00898043538658; 0.0202392262738
24170.36729174813; -0.00878902716081; 0.0199453251477
24173.056849445; -0.00860411001415; 0.0196553993676
24175.74640714187; -0.00842512134508; 0.0193713831718
24178.43596483874; -0.00825219887757; 0.0190922197457
24181.1255225356; -0.00808383870294; 0.0188167482698
24183.81508023247; -0.00792098288782; 0.0185472440282
24186.50463792934; -0.00776269052506; 0.0182829268491
24189.19419562621; -0.00760885410141; 0.018022759272
24191.88375332308; -0.00745957697637; 0.0177661672924
24194.57331101994; -0.00731541668875; 0.0175142950918
24197.26286871681; -0.00717525712089; 0.0172666666427
24199.95242641368; -0.00703819083448; 0.0170223175764
24202.64198411055; -0.00690566166428; 0.0167826382231
24205.33154180741; -0.00677696696237; 0.016546163365
24208.02109950428; -0.00665176054503; 0.0163145751104
24210.71065720115; -0.00653004042316; 0.0160859072232
24213.40021489801; -0.0064121693081; 0.0158616271526
24216.08977259488; -0.00629614523202; 0.0156408235467
24218.77933029175; -0.00618531200521; 0.0154240941699
24221.46888798862; -0.00607639574639; 0.0152098315028
24224.15844568548; -0.00597146364347; 0.0150004677673
24226.84800338235; -0.00586970704248; 0.0147945937528
24229.53756107922; -0.00576880386956; 0.0145915983937
24232.22711877609; -0.00567201421248; 0.0143913349597
24234.91667647295; -0.00557819358822; 0.0141952626072
24237.60623416982; -0.005486567521; 0.0140019581926
24240.29579186669; -0.00539700982656; 0.0138125980645
24242.98534956356; -0.0053099837646; 0.0136265737261
24245.67490726043; -0.00522374899613; 0.0134451609007
24248.36446495729; -0.00513999961648; 0.0132658999085
24251.05402265416; -0.00505751663843; 0.0130880200515
24253.74358035103; -0.00497673938803; 0.0129138489143
24256.43313804789; -0.00489664146629; 0.0127418238044
24259.12269574476; -0.00481796322403; 0.0125709424944
24261.81225344163; -0.00474278180793; 0.0124032642765
24264.5018111385; -0.00466762832315; 0.0122387879541
24267.19136883536; -0.00459543442444; 0.0120748574992
24269.88092653223; -0.00452523113547; 0.0119134560263
24272.5704842291; -0.00445489641647; 0.01175329121
24275.26004192597; -0.0043887473221; 0.0115963798481
24277.94959962283; -0.00432315843383; 0.0114424970538
24280.6391573197; -0.00425820222038; 0.011289244514
24283.32871501657; -0.00419611809792; 0.0111385882951
24286.01827271344; -0.00413500824194; 0.010989568331
24288.70783041031; -0.00407432704034; 0.0108430066674
24291.39738810717; -0.00401583280136; 0.0106974827358
24294.08694580404; -0.0039595326051; 0.0105546818193
24296.77650350091; -0.00390313376136; 0.0104136073231
24299.46606119777; -0.00384827640392; 0.010274494864
24302.15561889464; -0.00379559189168; 0.0101384302209
24304.84517659151; -0.00374284391976; 0.0100029301493
24307.53473428838; -0.00369202587202; 0.00986963647063
24310.22429198524; -0.00364093697862; 0.00973827737387
24312.91384968211; -0.0035918862845; 0.00960714524291
24315.60340737898; -0.00354382860351; 0.00947833052251
24318.29296507585; -0.00349653646149; 0.00935158861087
24320.98252277271; -0.00345035644455; 0.00922645845432
24323.67208046958; -0.0034058946456; 0.00910325741639
24326.36163816645; -0.00336136432028; 0.00898176133326
24329.05119586331; -0.00331799506544; 0.00886165485927
24331.74075356018; -0.00327537737613; 0.0087427748346
24334.43031125705; -0.00323395698073; 0.00862493536653
24337.11986895392; -0.00319298875466; 0.00850958999072
24339.80942665079; -0.00315323469313; 0.00839442644336
24342.49898434765; -0.00311344065295; 0.00828179325015
24345.18854204452; -0.00307538172092; 0.00816995135812
24347.87809974139; -0.00303766440186; 0.00805995925828
24350.56765743826; -0.00300107950417; 0.00795022476574
24353.25721513512; -0.00296441961626; 0.00784228750609
24355.94677283199; -0.00292814305876; 0.00773620224488
24358.63633052886; -0.00289328214861; 0.00763140771116
24361.32588822573; -0.00285843605228; 0.00752733202128
24364.01544592259; -0.00282507226057; 0.00742448294203
24366.70500361946; -0.00279208107535; 0.00732362739564
24369.39456131633; -0.00275883559556; 0.00722440028057
24372.08411901319; -0.00272728746239; 0.00712427744445
24374.77367671006; -0.00269666798705; 0.00702658139792
24377.46323440693; -0.00266561512359; 0.00692975178388
24380.1527921038; -0.002634231865; 0.00683317240773
24382.84234980067; -0.00260597043121; 0.00673810619886
24385.53190749753; -0.00257569789699; 0.00664594608015
24388.2214651944; -0.00254670049104; 0.00655244965107
24390.91102289127; -0.00251939098195; 0.0064612376074
24393.60058058814; -0.00249147062535; 0.00637179798134
24396.290138285; -0.00246450787107; 0.00628117636389
24398.97969598187; -0.00243719875922; 0.00619402136316
24401.66925367874; -0.00241105463251; 0.00610480480214
24404.35881137561; -0.00238448682758; 0.00601862020354
24407.04836907247; -0.00235915630522; 0.00593287273413
24409.73792676934; -0.00233424422093; 0.00584847221339
24412.42748446621; -0.00230964498227; 0.00576498221737
24415.11704216307; -0.00228586068351; 0.00568175641538
24417.80659985994; -0.0022613346482; 0.00559953264042
24420.49615755681; -0.0022376895339; 0.00551834354198
24423.18571525368; -0.00221487981102; 0.00543780984722
24425.87527295054; -0.00219260923347; 0.00535840139451
24428.56483064741; -0.0021702458526; 0.00527967339169
24431.25438834428; -0.00214799589535; 0.0052019119131
24433.94394604114; -0.00212680541974; 0.00512444768631
24436.63350373802; -0.0021054017313; 0.00504818312669
24439.32306143488; -0.00208384039469; 0.00497326337341
24442.01261913175; -0.00206379620103; 0.00489797150449
24444.70217682862; -0.00204384485531; 0.0048236455861
24447.39173452548; -0.00202308013972; 0.0047505776738
24450.08129222235; -0.00200384963717; 0.00467840042372
24452.77084991922; -0.00198535186512; 0.00460644997188
24455.46040761609; -0.00196504180303; 0.00453500674754
24458.14996531295; -0.00194590901404; 0.00446481122099
24460.83952300982; -0.00192854982875; 0.0043955684544
24463.52908070669; -0.00191045838621; 0.00432643475436
24466.21863840356; -0.00189160019715; 0.00425809283866
24468.90819610042; -0.00187376282125; 0.00419049836367
24471.59775379729; -0.00185678661922; 0.00412254440891
24474.28731149416; -0.00183965455311; 0.00405676459437
24476.97686919102; -0.00182279808671; 0.00399103207019
24479.66642688789; -0.00180579606754; 0.00392601528827
24482.35598458476; -0.00178972327414; 0.00386155523247
24485.04554228163; -0.00177280019633; 0.00379730415143
24487.7350999785; -0.00175755149573; 0.00373342920024
24490.42465767536; -0.00174105512518; 0.00367096006634
24493.11421537223; -0.00172483091738; 0.00360971931926
24495.8037730691; -0.00171016902757; 0.00354778049526
24498.49333076597; -0.00169561848158; 0.00348598843374
24501.18288846283; -0.00168098932069; 0.00342613693517
24503.8724461597; -0.0016652215242; 0.00336571717854
24506.56200385657; -0.00165216197533; 0.00330595372708
24509.25156155344; -0.00163708226753; 0.00324805195274
24511.9411192503; -0.00162344448762; 0.00318993641341
24514.63067694717; -0.00160929563484; 0.00313139655608
24517.32023464404; -0.00159605538985; 0.00307413293419
24520.0097923409; -0.00158257399594; 0.00301712479857
24522.69935003777; -0.00156818939964; 0.00296071067668
24525.38890773464; -0.00155543806688; 0.00290489223264
24528.07846543151; -0.00154166650635; 0.00284931439688
24530.76802312837; -0.00153011681026; 0.00279440066456
24533.45758082524; -0.00151645504693; 0.00274092349689
24536.14713852211; -0.0015046334131; 0.00268597451522
24538.83669621898; -0.00149298919234; 0.00263286122684
24541.52625391585; -0.00147951412614; 0.00258064059562
24544.21581161271; -0.00146871439171; 0.00252803417042
24546.90536930958; -0.00145699592028; 0.00247637682212
24549.59492700645; -0.00144413831; 0.00242424854961
24552.28448470332; -0.00143383821619; 0.00237332835925
24554.97404240018; -0.00142193636836; 0.00232242494597
24557.66360009705; -0.00141099419228; 0.00227177403839
24560.35315779392; -0.00139898616186; 0.00222240935223
24563.04271549078; -0.00138840536249; 0.0021726955493
24565.73227318765; -0.00137789036706; 0.0021231248788
24568.42183088452; -0.00136791266471; 0.00207510366665
24571.11138858139; -0.00135697980207; 0.00202613570186
24573.80094627825; -0.00134637074422; 0.00197839600935
24576.49050397512; -0.00133602738363; 0.00193100074193
24579.18006167199; -0.00132638537802; 0.0018843939518
24581.86961936886; -0.00131688320732; 0.00183615410444
24584.55917706573; -0.00130509785501; 0.00179107337878
24587.24873476259; -0.00129609699319; 0.00174474391547
24589.93829245946; -0.00128693670863; 0.00169856079902
24592.62785015633; -0.00127733533497; 0.00165315848006
24595.3174078532; -0.00126718598309; 0.00160906391037
24598.00696555006; -0.00125775518611; 0.00156334092713
24600.69652324693; -0.00124919159886; 0.00151967458119
24603.3860809438; -0.00123990514534; 0.00147572365532
24606.07563864066; -0.00123104445091; 0.00143247281533
24608.76519633753; -0.0012213491073; 0.00138887419451
24611.4547540344; -0.00121318088463; 0.00134588707752
24614.14431173127; -0.00120485673819; 0.00130395755291
24616.83386942813; -0.00119635299241; 0.00126117418254
24619.523427125; -0.00118742456809; 0.00122000567467
24622.21298482187; -0.00117939139251; 0.00117748902919
24624.90254251874; -0.00117081856436; 0.00113649155785
24627.5921002156; -0.00116292709881; 0.00109638807078
24630.28165791247; -0.00115477672786; 0.00105519143813
24632.97121560934; -0.00114685526611; 0.00101484883955
24635.6607733062; -0.00113861288208; 0.000973599536296
24638.35033100308; -0.00113085855811; 0.000935264816474
24641.03988869994; -0.00112419551138; 0.000895065308947
24643.72944639681; -0.00111515498122; 0.000855770352527
24646.41900409368; -0.00110736076222; 0.000817311845855
24649.10856179054; -0.00110013134492; 0.000778267648488
24651.79811948741; -0.00109279166043; 0.000739565793332
24654.48767718428; -0.00108523697801; 0.000701927484021
24657.17723488115; -0.00107833481955; 0.000664226601814
24659.86679257801; -0.00107168401731; 0.000625779762078
24662.55635027488; -0.00106341472235; 0.00058996102321
24665.24590797175; -0.00105729851107; 0.00055313914936
24667.93546566862; -0.00105051551616; 0.000514972128939
24670.62502336548; -0.00104298181028; 0.000478818837895
24673.31458106235; -0.00103703523673; 0.000442649096153
24676.00413875922; -0.00103053798253; 0.000407419584338
24678.69369645608; -0.00102360134604; 0.000371755636994
24681.38325415296; -0.0010174154443; 0.000336573004773
24684.07281184982; -0.00100967795358; 0.000300386883873
24686.76236954669; -0.0010048017519; 0.000264909930284
24689.45192724356; -0.00099796311489; 0.000230905744016
24692.14148494042; -0.000991323458575; 0.000196303570569
24694.83104263729; -0.000985266226909; 0.000162047615003
24697.52060033416; -0.000978346394813; 0.000128092086048
24700.21015803103; -0.000972815918382; 9.41729544591e-05
24702.89971572789; -0.000965884160423; 6.08536928459e-05
24705.58927342476; -0.000961223018057; 2.72025557876e-05
24708.27883112163; -0.000954694222945; -6.05539302454e-06
24710.9683888185; -0.000949956875411; -3.89098662125e-05
24713.65794651536; -0.000944500861663; -7.16331222137e-05
24716.34750421223; -0.000937439653542; -0.000104090199018
24719.0370619091; -0.000932316518714; -0.000135474536384
24721.72661960596; -0.000926473733119; -0.000168141734121
24724.41617730283; -0.000921326580178; -0.000199398823203
24727.1057349997; -0.000915190410766; -0.000232245191428
24729.79529269657; -0.00091015366079; -0.000262216648561
24732.48485039343; -0.000904564085513; -0.000294079628704
24735.1744080903; -0.000898702863347; -0.000326127532956
24737.86396578717; -0.000893586107302; -0.000355578999334
24740.55352348404; -0.000888290221693; -0.00038636538406
24743.24308118091; -0.000884120245053; -0.000417263026071
24745.93263887777; -0.000878057952314; -0.000447751786765
24748.62219657464; -0.000872608514737; -0.000477665981155
24751.31175427151; -0.000868699660913; -0.000508019476373
24754.00131196838; -0.000863317636455; -0.000536872816955
24756.69086966524; -0.000858637148274; -0.000567359377771
24759.38042736211; -0.000853535310289; -0.000596490744411
24762.06998505898; -0.000848766128376; -0.000625464198329
24764.75954275584; -0.000844207391016; -0.000653988824895
24767.44910045271; -0.000838897796287; -0.000683336463248
24770.13865814958; -0.000834824331875; -0.000711577153518
24772.82821584645; -0.000829968736033; -0.000739843961315
24775.51777354331; -0.000824532515029; -0.00076789158982
24778.20733124018; -0.000821283555887; -0.000796564442971
24780.89688893705; -0.000816238791796; -0.000823975321511
24783.58644663392; -0.000811912104066; -0.000852238971571
24786.27600433079; -0.000806602008946; -0.000879202802402
24788.96556202765; -0.000803420137149; -0.000906277336664
24791.65511972452; -0.000798669289421; -0.000934223161018
24794.34467742139; -0.000794799284308; -0.000960641100262
24797.03423511826; -0.000790459831857; -0.000987921588935
24799.72379281512; -0.000785898473689; -0.0010145159094
24802.41335051199; -0.000781737653258; -0.00104086316086
24805.10290820886; -0.000777945100716; -0.0010673103746
24807.79246590572; -0.000774086803539; -0.00109412420328
24810.48202360259; -0.000769193480387; -0.0011206975606
24813.17158129946; -0.000764573137836; -0.00114542872522
24815.86113899633; -0.000761673798932; -0.00117227498245
24818.55069669319; -0.000757981314053; -0.00119747454024
24821.24025439006; -0.000753483049174; -0.00122333236831
24823.92981208693; -0.000749346589706; -0.00124829815791
24826.6193697838; -0.000745655721158; -0.00127232640747
24829.30892748066; -0.000742168706299; -0.00129860081566
24831.99848517753; -0.000738708507901; -0.00132275869077
24834.6880428744; -0.000733543625398; -0.00134882930658
24837.37760057126; -0.000730814733242; -0.00137361773687
24840.06715826814; -0.000726544073545; -0.00139736640251
24842.756715965; -0.000722987213147; -0.00142213665746
24845.44627366187; -0.000719231866445; -0.00144707709332
24848.13583135874; -0.000716372037414; -0.00147007445934
24850.8253890556; -0.000712558974886; -0.001495371621
24853.51494675247; -0.00070918156975; -0.00151823320093
24856.20450444934; -0.000704754699354; -0.0015417456718
24858.89406214621; -0.000702392148214; -0.00156570341427
24861.58361984307; -0.000699441696346; -0.00158961921399
24864.27317753994; -0.000695379916948; -0.00161196742818
24866.96273523681; -0.000691720511774; -0.00163530765335
24869.65229293368; -0.000688340359445; -0.00165839422904
24872.34185063054; -0.000684651872393; -0.00168137924197
24875.03140832741; -0.000681884208989; -0.00170397514725
24877.72096602428; -0.000678156741148; -0.00172672703515
24880.41052372114; -0.00067497738031; -0.0017490662206
24883.10008141802; -0.000672292080701; -0.00177239239179
24885.78963911488; -0.00066821677211; -0.00179428572301
24888.47919681175; -0.000665652231384; -0.0018163400103
24891.16875450862; -0.000662100490905; -0.00183900303308
24893.85831220548; -0.000659433604637; -0.00186028240028
24896.54786990235; -0.00065646266763; -0.00188220161817
24899.23742759922; -0.000653155525423; -0.00190384924634
24901.92698529609; -0.000650243948113; -0.001925961886
24904.61654299295; -0.000646961072177; -0.00194725280036
24907.30610068982; -0.000643776738575; -0.00196911651446
24909.99565838669; -0.000642049031603; -0.00198992623078
24912.68521608356; -0.000637186321427; -0.00201121641759
24915.37477378042; -0.000635103510369; -0.00203216385319
24918.06433147729; -0.000633230522624; -0.00205355076223
24920.75388917416; -0.000629332217798; -0.00207431413711
24923.44344687102; -0.000626436283942; -0.00209438354452
24926.13300456789; -0.000623311095187; -0.00211626171129
24928.82256226476; -0.0006213186415; -0.00213583720631
24931.51211996163; -0.000617713229484; -0.00215663576224
24934.20167765849; -0.00061536014971; -0.00217603581483
24936.89123535536; -0.000612546344568; -0.0021964247845
24939.58079305223; -0.000609667193183; -0.00221702915487
24942.2703507491; -0.000607299696048; -0.00223672897537
24944.95990844597; -0.000604794763561; -0.00225747424123
24947.64946614283; -0.000601589014345; -0.00227602067575
24950.3390238397; -0.000599469646994; -0.00229590469757
24953.02858153657; -0.00059705375409; -0.00231608439194
24955.71813923344; -0.000594530999578; -0.00233524452887
24958.4076969303; -0.000591669088439; -0.0023560839293
24961.09725462717; -0.00058865037944; -0.00237490527683
24963.78681232404; -0.000585928467923; -0.00239325087824
24966.4763700209; -0.000583907945449; -0.00241241840527
24969.16592771777; -0.00058058219913; -0.00243138315324
24971.85548541464; -0.000578205658866; -0.00245151114364
24974.54504311151; -0.000576920701541; -0.00246974614278
24977.23460080837; -0.000574046411841; -0.00248873831407
24979.92415850524; -0.000571599450876; -0.00250710152135
24982.61371620211; -0.00056994762076; -0.00252664059954
24985.30327389898; -0.000566548544467; -0.00254475625212
24987.99283159585; -0.000564862461783; -0.00256342824475
24990.68238929271; -0.000562675950856; -0.0025801976669
24993.37194698958; -0.000559955710131; -0.00259934138704
24996.06150468645; -0.0005577528142; -0.00261661125382
24998.75106238332; -0.000555359608851; -0.00263572329706
25001.44062008018; -0.000552935471212; -0.0026538195182
25004.13017777705; -0.000550964326061; -0.00267128216459
25006.81973547392; -0.000548040611423; -0.00268896475927
25009.50929317078; -0.000546714290891; -0.00270653900195
25012.19885086765; -0.000543423509457; -0.00272431861433
25014.88840856452; -0.000541429378131; -0.00274127680757
25017.57796626139; -0.000540190606545; -0.00275891374729
25020.26752395825; -0.000537814988524; -0.00277740127212
25022.95708165512; -0.000534982785812; -0.00279381336623
25025.64663935199; -0.000533212767387; -0.00281119727002
25028.33619704885; -0.000531008798902; -0.00282849947873
25031.02575474572; -0.00052839553794; -0.00284547082584
25033.71531244259; -0.000526996289748; -0.00286253683462
25036.40487013946; -0.000525333592014; -0.00287982143376
25039.09442783633; -0.000522148101627; -0.00289619370922
25041.78398553319; -0.000520543089334; -0.00291388134098
25044.47354323006; -0.000518020104742; -0.00293102295615
25047.16310092693; -0.000516081605674; -0.00294660987714
25049.8526586238; -0.000514214339164; -0.00296308978675
25052.54221632066; -0.000512083578881; -0.00297967132375
25055.23177401753; -0.000510936504685; -0.00299633773388
25057.9213317144; -0.000508141989897; -0.00301250272245
25060.61088941127; -0.000506484574162; -0.00302780350388
25063.30044710813; -0.000504670495721; -0.00304443451766
25065.990004805; -0.00050314420871; -0.00306156100269
25068.67956250187; -0.000500860438159; -0.00307690342156
25071.36912019873; -0.000498564195122; -0.00309305931246
25074.0586778956; -0.000496937300977; -0.00310830616503
25076.74823559247; -0.000495662682263; -0.00312383801523
25079.43779328934; -0.000492771997097; -0.00314094779833
25082.12735098621; -0.000491382293503; -0.00315593369186
25084.81690868307; -0.000490106022996; -0.00317188673993
25087.50646637994; -0.000487233294703; -0.00318780752092
25090.19602407681; -0.000486478664127; -0.00320244625017
25092.88558177368; -0.000484454691758; -0.00321699637662
25095.57513947054; -0.000481789224202; -0.00323274191564
25098.26469716741; -0.000481150352745; -0.00324833454455
25100.95425486428; -0.000477990697112; -0.00326341853364
25103.64381256115; -0.000477782009124; -0.00327867552998
25106.33337025801; -0.00047453797636; -0.00329403061895
25109.02292795488; -0.0004738554212; -0.00330898328362
25111.71248565175; -0.000471597313478; -0.00332408445303
25114.40204334861; -0.000469609081852; -0.00333777945192
25117.09160104548; -0.000468762796348; -0.00335347979983
25119.78115874235; -0.000467338532259; -0.00336792432361
25122.47071643922; -0.000464731983855; -0.0033823024839
25125.16027413608; -0.000463237978306; -0.0033976175523
25127.84983183295; -0.000461242322189; -0.00341154730216
25130.53938952982; -0.000459131932813; -0.00342662780936
25133.22894722669; -0.000458370310521; -0.00344160794019
25135.91850492355; -0.000456361462369; -0.00345554760689
25138.60806262042; -0.000454933558151; -0.0034704689688
25141.29762031729; -0.000452681770443; -0.00348415941478
25143.98717801416; -0.000451748826928; -0.00349815004491
25146.67673571103; -0.000450175069161; -0.00351276206693
25149.36629340789; -0.00044875343611; -0.00352638290406
25152.05585110476; -0.000447162840177; -0.00354088202262
25154.74540880163; -0.000445165432958; -0.00355412037005
25157.43496649849; -0.000444508269855; -0.00356791746048
25160.12452419536; -0.000442885041532; -0.00358229761126
25162.81408189223; -0.000440805807141; -0.00359634974218
25165.5036395891; -0.000440108493155; -0.00361032821013
25168.19319728596; -0.000438366954754; -0.00362410050013
25170.88275498283; -0.000436603256496; -0.00363728451809
25173.5723126797; -0.000435282008191; -0.00365179285701
25176.26187037657; -0.000433748973391; -0.00366486529568
25178.95142807343; -0.000432481204774; -0.00367837588108
25181.6409857703; -0.000430759894508; -0.00369155395949
25184.33054346717; -0.000429424801927; -0.00370440062015
25187.02010116404; -0.000427792585245; -0.00371825289876
25189.70965886091; -0.000426256583326; -0.00373083200728
25192.39921655777; -0.000424802114035; -0.00374391891331
25195.08877425464; -0.000423843653617; -0.00375818429444
25197.77833195151; -0.000422132163185; -0.00377074229882
25200.46788964837; -0.000419929686029; -0.00378378124647
25203.15744734524; -0.000419869267779; -0.00379726869446
25205.84700504211; -0.000417478467003; -0.00381056802484
25208.53656273898; -0.000416299815816; -0.00382356892979
25211.22612043584; -0.00041489079433; -0.00383664768993
25213.91567813271; -0.000414001409055; -0.0038486589881
25216.60523582958; -0.000412918501778; -0.00386227462646
25219.29479352645; -0.000410696727038; -0.00387498135128
25221.98435122331; -0.000409037045578; -0.00388683155698
25224.67390892018; -0.000409391433345; -0.00389993342522
25227.36346661705; -0.000407363696153; -0.00391254646393
25230.05302431391; -0.000405638184904; -0.00392489610247
25232.74258201078; -0.000404640502694; -0.00393697340581
25235.43213970765; -0.000403593341775; -0.00394990256312
25238.12169740452; -0.000401679408443; -0.00396198814634
25240.81125510139; -0.000401161309023; -0.00397473011251
25243.50081279825; -0.000400189903651; -0.00398693377858
25246.19037049512; -0.000398109149161; -0.00399927721073
25248.87992819199; -0.000397416150929; -0.00401140432063
25251.56948588886; -0.000395289760093; -0.00402386072078
25254.25904358572; -0.000394356947735; -0.00403495754693
25256.94860128259; -0.000392489739764; -0.00404697902439
25259.63815897946; -0.000392018255243; -0.00405948419232
25262.32771667633; -0.000390663040297; -0.00407238081816
25265.01727437319; -0.000389455794009; -0.00408491188176
25267.70683207006; -0.000388352375515; -0.00409509246717
25270.39638976693; -0.000387429713917; -0.00410696320963
25273.08594746379; -0.000385487798877; -0.00411942705304
25275.77550516066; -0.000385392338202; -0.00413102391804
25278.46506285753; -0.000383916420451; -0.00414351709256
25281.1546205544; -0.000382535473213; -0.004154553564
25283.84417825127; -0.000381238088942; -0.00416558861303
25286.53373594813; -0.000379730708509; -0.00417737783101
25289.223293645; -0.000379112096189; -0.00418888802607
25291.91285134187; -0.000377188408409; -0.00420057029052
25294.60240903874; -0.000376484007399; -0.00421208256338
25297.2919667356; -0.000376202012745; -0.00422370771617
25299.98152443247; -0.000374931163854; -0.00423562880304
25302.67108212934; -0.000373670824651; -0.00424670360395
25305.36063982621; -0.000372577356453; -0.00425754376672
25308.05019752307; -0.000371945655638; -0.00426891449956
25310.73975521994; -0.00037008636955; -0.00428049562656
25313.42931291681; -0.000369013333491; -0.00429199255513
25316.11887061367; -0.000368447976472; -0.00430311834923
25318.80842831054; -0.000367396406259; -0.00431278335671
25321.49798600741; -0.00036651020003; -0.00432486512842
25324.18754370428; -0.000364952835035; -0.0043356193075
25326.87710140114; -0.000363581424703; -0.00434750825976
25329.56665909801; -0.000363453227175; -0.00435759570399
25332.25621679488; -0.000361669195627; -0.0043693474909
25334.94577449175; -0.000359880318701; -0.00437878433519
25337.63533218861; -0.0003592329892; -0.00438970232401
25340.32488988548; -0.00035859341481; -0.00440110110724
25343.01444758235; -0.000357173140625; -0.00441211135846
25345.70400527922; -0.000356833130525; -0.00442164448336
25348.39356297609; -0.000355831526643; -0.00443326268628
25351.08312067295; -0.000354505474499; -0.00444369595077
25353.77267836982; -0.000353826506238; -0.00445511841434
25356.46223606669; -0.000351575596773; -0.00446541682374
25359.15179376355; -0.00035108556337; -0.00447557440751
25361.84135146042; -0.000350655320517; -0.00448623848069
