% Module: Sweep, ID: c0p1t8p1cfm0
% Devices: DEV646
% Time: 2025/12/04 15:20:49
% Demod 1 Sample X, /dev646/demods/0/sample.X
% Demod 1 Sample Y, /dev646/demods/0/sample.Y
% Frequency (Hz); Demod 1 Sample X  Amplitude (V); Demod 1 Sample Y  Amplitude (V)
22301.26738898701; -0.00018614799452; -0.0126358886849
22304.18871872789; -0.00018641753361; -0.012645890469
22307.11004846876; -0.000186164348831; -0.0126546252963
22310.03137820963; -0.000187488613949; -0.0126636318584
22312.95270795051; -0.000188555627152; -0.0126723973518
22315.87403769138; -0.000188216794992; -0.0126823133136
22318.79536743226; -0.000189825028716; -0.0126898917178
22321.71669717313; -0.000190392479688; -0.0127003562648
22324.63802691401; -0.000191507942047; -0.012709252038
22327.55935665488; -0.000191343844466; -0.0127182540562
22330.48068639576; -0.000192754164432; -0.0127272044695
22333.40201613663; -0.000192919279873; -0.0127357641217
22336.32334587751; -0.00019393596051; -0.0127462630603
22339.24467561838; -0.000194708026181; -0.0127551358957
22342.16600535925; -0.000194969863623; -0.0127644088743
22345.08733510013; -0.000195596593214; -0.0127740268013
22348.008664841; -0.000196683146159; -0.0127828373306
22350.92999458188; -0.000197246719999; -0.0127919851846
22353.85132432275; -0.000197917825686; -0.0128013499395
22356.77265406363; -0.000198162935965; -0.012811465983
22359.6939838045; -0.000199062447078; -0.0128205948261
22362.61531354538; -0.000199433395467; -0.0128301544971
22365.53664328625; -0.000201153919952; -0.0128394662541
22368.45797302713; -0.000201598442472; -0.0128495677363
22371.379302768; -0.00020119506131; -0.0128586355767
22374.30063250888; -0.000202486621191; -0.012868698755
22377.22196224975; -0.000203161158928; -0.0128785603218
22380.14329199062; -0.000203910589198; -0.0128874648125
22383.0646217315; -0.000205371181038; -0.0128975326562
22385.98595147237; -0.000205683452202; -0.0129075379841
22388.90728121325; -0.000205975503154; -0.0129175172913
22391.82861095412; -0.00020664756147; -0.0129258790103
22394.74994069499; -0.000208172863314; -0.0129369208466
22397.67127043587; -0.000209550430657; -0.0129462894974
22400.59260017674; -0.000210120068583; -0.0129565607238
22403.51392991762; -0.000210226930498; -0.0129672541595
22406.43525965849; -0.000210721151114; -0.0129778246999
22409.35658939937; -0.000211756364478; -0.0129870402132
22412.27791914024; -0.000212934154652; -0.0129978229073
22415.19924888112; -0.000212921218005; -0.0130078560927
22418.12057862199; -0.000214267893675; -0.0130169270395
22421.04190836287; -0.000214662152936; -0.0130272536086
22423.96323810374; -0.000216435312483; -0.0130374464875
22426.88456784461; -0.000216663802755; -0.0130470718276
22429.80589758549; -0.000216441098797; -0.0130579559587
22432.72722732636; -0.000217727153983; -0.0130687905508
22435.64855706724; -0.000219095121496; -0.0130776714571
22438.56988680811; -0.000219258357295; -0.0130892640112
22441.49121654898; -0.000219837468512; -0.0130999637476
22444.41254628986; -0.000221087004175; -0.013109814381
22447.33387603073; -0.000223119509051; -0.0131203948793
22450.25520577161; -0.000223799608944; -0.0131314545094
22453.17653551248; -0.000223684317985; -0.0131418547502
22456.09786525336; -0.000225942133472; -0.0131516321316
22459.01919499423; -0.000225513505565; -0.0131624532616
22461.94052473511; -0.000225580781298; -0.013172762652
22464.86185447598; -0.000227355091861; -0.0131847458443
22467.78318421686; -0.000227865667865; -0.0131955070629
22470.70451395773; -0.00022922290084; -0.0132061979482
22473.6258436986; -0.000229944841717; -0.01321683062
22476.54717343948; -0.000231027900842; -0.0132271386811
22479.46850318035; -0.000231658031404; -0.0132393233469
22482.38983292123; -0.000233234082359; -0.0132498999353
22485.3111626621; -0.000234022694883; -0.0132600263769
22488.23249240298; -0.000234705995053; -0.0132719208523
22491.15382214385; -0.000235781784767; -0.0132825165621
22494.07515188472; -0.000235711376605; -0.0132935044587
22496.9964816256; -0.000237320710421; -0.0133053044511
22499.91781136647; -0.000237964727412; -0.0133164165149
22502.83914110735; -0.00023861888955; -0.0133271358565
22505.76047084822; -0.000240031596627; -0.0133390052716
22508.6818005891; -0.000240443555834; -0.0133502787175
22511.60313032997; -0.00024268557871; -0.0133616077937
22514.52446007085; -0.000243679099092; -0.0133736182739
22517.44578981172; -0.000244069608146; -0.0133849582861
22520.3671195526; -0.000244293367658; -0.0133966022632
22523.28844929347; -0.00024568513005; -0.0134076632784
22526.20977903434; -0.000247487313935; -0.0134191048994
22529.13110877522; -0.000248037533123; -0.0134308956434
22532.05243851609; -0.000248734341024; -0.0134423772129
22534.97376825697; -0.000249712064949; -0.0134547470216
22537.89509799784; -0.000251503806146; -0.0134662917403
22540.81642773871; -0.00025176878671; -0.0134774938882
22543.73775747959; -0.000252704275184; -0.0134892480854
22546.65908722047; -0.000253566869768; -0.0135016323287
22549.58041696134; -0.000255194816619; -0.0135136108265
22552.50174670222; -0.000256397738076; -0.0135260562418
22555.42307644309; -0.000256841757589; -0.0135377821994
22558.34440618396; -0.000258289284857; -0.0135498149903
22561.26573592484; -0.000259140255659; -0.0135618892468
22564.18706566571; -0.000260183319673; -0.013575178019
22567.10839540659; -0.000260824699396; -0.0135863315007
22570.02972514746; -0.000262252864772; -0.0135987876173
22572.95105488833; -0.000263748773655; -0.013610815318
22575.87238462921; -0.000264733439372; -0.0136240357653
22578.79371437008; -0.00026650873441; -0.0136359963515
22581.71504411096; -0.000266755380558; -0.0136492785976
22584.63637385183; -0.000268141862721; -0.0136609881719
22587.55770359271; -0.000268990378872; -0.0136744366698
22590.47903333358; -0.000270374444; -0.0136870009611
22593.40036307446; -0.000271711407454; -0.0136999293236
22596.32169281533; -0.000272784192817; -0.0137124662387
22599.24302255621; -0.000274064366304; -0.0137251583049
22602.16435229708; -0.000274928839914; -0.0137382084799
22605.08568203795; -0.0002766306029; -0.0137511331155
22608.00701177883; -0.000277291909217; -0.0137644706551
22610.9283415197; -0.000278286363689; -0.0137770342456
22613.84967126058; -0.000280125931725; -0.0137893567014
22616.77100100145; -0.000280997833211; -0.013803805613
22619.69233074232; -0.000282176926327; -0.0138159323885
22622.6136604832; -0.000283484880134; -0.0138297404048
22625.53499022407; -0.000284763096285; -0.0138429290995
22628.45631996495; -0.000285740943366; -0.0138565193313
22631.37764970582; -0.000287929765172; -0.0138691163886
22634.2989794467; -0.000289207827475; -0.0138825722956
22637.22030918757; -0.000289795092808; -0.0138959059272
22640.14163892845; -0.000291338311216; -0.0139093862532
22643.06296866932; -0.000293101149153; -0.0139230684167
22645.9842984102; -0.000293784226012; -0.0139367753825
22648.90562815107; -0.000295215869052; -0.013950987644
22651.82695789194; -0.00029602295461; -0.0139649491871
22654.74828763282; -0.000297218930353; -0.013978152838
22657.66961737369; -0.00029850637602; -0.0139927572513
22660.59094711457; -0.00030044935846; -0.0140069596396
22663.51227685544; -0.000301595634337; -0.0140209999196
22666.43360659632; -0.000302397519667; -0.0140341143937
22669.35493633719; -0.000304609186724; -0.014048954383
22672.27626607806; -0.000306036221929; -0.0140625512187
22675.19759581894; -0.00030665522464; -0.0140777159672
22678.11892555981; -0.000308856110542; -0.014091428092
22681.04025530069; -0.000309260249022; -0.0141056142356
22683.96158504156; -0.000311419378942; -0.0141205021794
22686.88291478244; -0.000312874939325; -0.0141349159612
22689.80424452331; -0.000313942269687; -0.0141480392322
22692.72557426419; -0.000315748891559; -0.0141640410236
22695.64690400506; -0.000317763830491; -0.0141791087185
22698.56823374594; -0.000318070366035; -0.014193330394
22701.48956348681; -0.000320320848417; -0.0142082131613
22704.41089322768; -0.000320548789681; -0.0142228212458
22707.33222296856; -0.000322450774995; -0.0142382083164
22710.25355270943; -0.000323979204576; -0.0142520922691
22713.17488245031; -0.000325580402275; -0.014268189006
22716.09621219118; -0.000326825004637; -0.0142834877655
22719.01754193205; -0.000328249019799; -0.0142989671117
22721.93887167293; -0.000330424696571; -0.0143143799791
22724.86020141381; -0.000331500183358; -0.0143290582194
22727.78153115468; -0.000333178416237; -0.014344203228
22730.70286089556; -0.000335258128943; -0.0143606873332
22733.62419063643; -0.000336550661991; -0.0143762118389
22736.5455203773; -0.000338411991723; -0.014391570108
22739.46685011818; -0.000339195808025; -0.0144075639986
22742.38817985905; -0.000341355918805; -0.014423924612
22745.30950959993; -0.000342776172067; -0.0144386304454
22748.2308393408; -0.000344506109379; -0.0144543967794
22751.15216908167; -0.000345898572859; -0.0144718618805
22754.07349882255; -0.000348175487081; -0.0144875764041
22756.99482856342; -0.000349775217529; -0.0145041807587
22759.9161583043; -0.000351548725003; -0.0145200410661
22762.83748804517; -0.000353495112261; -0.0145366556893
22765.75881778605; -0.000355163431845; -0.0145529005876
22768.68014752692; -0.000356969415092; -0.0145691266107
22771.6014772678; -0.000358773681777; -0.0145863512358
22774.52280700867; -0.000360089600314; -0.0146025700441
22777.44413674955; -0.000363549072548; -0.014618784626
22780.36546649042; -0.00036553941182; -0.0146359654567
22783.28679623129; -0.000366355155348; -0.0146527211216
22786.20812597217; -0.000368703003047; -0.0146701190947
22789.12945571304; -0.000371432162054; -0.0146857539165
22792.05078545392; -0.000372336690315; -0.0147035920042
22794.97211519479; -0.000375027796084; -0.014720236366
22797.89344493567; -0.000376154009904; -0.0147374068224
22800.81477467654; -0.000378656416971; -0.0147540785828
22803.73610441741; -0.00037982437585; -0.0147712075047
22806.65743415829; -0.000381973533166; -0.0147894640358
22809.57876389916; -0.000384126469536; -0.0148062405686
22812.50009364004; -0.000386139255899; -0.0148236136376
22815.42142338091; -0.000387868444277; -0.0148412833025
22818.34275312179; -0.000390923361179; -0.0148587640938
22821.26408286266; -0.000391455468645; -0.014877293337
22824.18541260354; -0.000393426250945; -0.014894091372
22827.10674234441; -0.000395726810737; -0.0149140844461
22830.02807208529; -0.000398310101808; -0.0149317544897
22832.94940182616; -0.000399203621604; -0.0149493355945
22835.87073156703; -0.000400979297802; -0.0149671804839
22838.79206130791; -0.000402850235902; -0.0149855563486
22841.71339104878; -0.000405091437382; -0.015004902368
22844.63472078966; -0.00040772182982; -0.0150225573898
22847.55605053053; -0.000409693685674; -0.0150415007532
22850.4773802714; -0.000411675853983; -0.0150603801624
22853.39871001228; -0.000414010586494; -0.0150790007268
22856.32003975315; -0.000415524597176; -0.0150986168652
22859.24136949403; -0.0004179166262; -0.015117484166
22862.1626992349; -0.000421350813611; -0.0151367558692
22865.08402897578; -0.000421913319512; -0.0151559923102
22868.00535871665; -0.000423845765032; -0.0151751894053
22870.92668845753; -0.00042591162377; -0.0151944457636
22873.8480181984; -0.000428414910234; -0.0152144428861
22876.76934793928; -0.000431175371227; -0.015235316503
22879.69067768015; -0.000433569971981; -0.0152537658003
22882.61200742102; -0.000435321438832; -0.0152749767618
22885.5333371619; -0.000437834021968; -0.0152945766752
22888.45466690277; -0.000439846678636; -0.0153141384397
22891.37599664365; -0.0004429048442; -0.015335632692
22894.29732638452; -0.00044546526956; -0.0153549763778
22897.21865612539; -0.000447761708831; -0.0153765153063
22900.13998586627; -0.000449926556371; -0.0153971960086
22903.06131560714; -0.000452463338007; -0.015416887906
22905.98264534802; -0.000454924182017; -0.0154383875728
22908.9039750889; -0.000456958330147; -0.0154592160437
22911.82530482977; -0.000460518911521; -0.0154797646798
22914.74663457064; -0.000462521131733; -0.0155017447664
22917.66796431152; -0.000465069765923; -0.0155226050655
22920.58929405239; -0.00046734650922; -0.0155425740796
22923.51062379327; -0.000470850602939; -0.015565321379
22926.43195353414; -0.00047328038435; -0.0155877822174
22929.35328327501; -0.000475826860817; -0.0156088883282
22932.27461301589; -0.000478484975114; -0.0156316584657
22935.19594275676; -0.000481520088963; -0.0156528011455
22938.11727249764; -0.000483448147651; -0.0156751946003
22941.03860223851; -0.00048707745724; -0.0156973859809
22943.95993197939; -0.000490049218336; -0.0157210412127
22946.88126172026; -0.000492548268201; -0.0157433262837
22949.80259146114; -0.000495139268459; -0.015765250102
22952.72392120201; -0.000498141500299; -0.0157879771274
22955.64525094289; -0.000501465615364; -0.0158109840949
22958.56658068376; -0.000503626615234; -0.0158336848181
22961.48791042464; -0.000507630817653; -0.0158567814137
22964.40924016551; -0.000510623777822; -0.0158805571531
22967.33056990638; -0.000512837695296; -0.0159034891587
22970.25189964726; -0.000516557961265; -0.0159275139947
22973.17322938813; -0.000519001737184; -0.0159509443696
22976.09455912901; -0.000522212859015; -0.0159742876356
22979.01588886988; -0.000525450427687; -0.0159978640906
22981.93721861075; -0.000528615222701; -0.0160235247711
22984.85854835163; -0.000532614586974; -0.0160464990084
22987.7798780925; -0.000535747656457; -0.0160714928162
22990.70120783338; -0.000538642900611; -0.0160950738829
22993.62253757425; -0.000541681253661; -0.016120382758
22996.54386731513; -0.000546185110389; -0.0161461574445
22999.465197056; -0.000548440891617; -0.0161701320323
23002.38652679688; -0.000551354103412; -0.0161954159681
23005.30785653775; -0.000555506131641; -0.0162210187609
23008.22918627863; -0.00055897187658; -0.0162467105441
23011.1505160195; -0.000562815369852; -0.0162719262406
23014.07184576037; -0.00056548363214; -0.0162981039227
23016.99317550125; -0.000569510244188; -0.0163240555164
23019.91450524212; -0.000572643344364; -0.0163494160307
23022.835834983; -0.000577257051589; -0.0163753080673
23025.75716472387; -0.000580378571214; -0.0164021306648
23028.67849446474; -0.000584381982545; -0.0164279077862
23031.59982420562; -0.000588277558332; -0.0164557444517
23034.52115394649; -0.000591571456195; -0.0164821994323
23037.44248368737; -0.000595748114546; -0.0165091285888
23040.36381342824; -0.0005993986259; -0.0165360945783
23043.28514316912; -0.000603883790361; -0.0165643373235
23046.20647290999; -0.000607915526329; -0.0165923356079
23049.12780265087; -0.000611634520356; -0.0166190020945
23052.04913239174; -0.000615531876707; -0.0166460914553
23054.97046213262; -0.000619791676172; -0.0166755485123
23057.89179187349; -0.00062428720755; -0.0167042544137
23060.81312161436; -0.000627881604486; -0.0167320958525
23063.73445135524; -0.000632245157744; -0.0167603908559
23066.65578109611; -0.00063650037445; -0.016789166076
23069.57711083699; -0.000640271148681; -0.0168182739487
23072.49844057786; -0.000645264924502; -0.0168467337018
23075.41977031874; -0.000649766479121; -0.0168760433204
23078.34110005961; -0.000653888242224; -0.0169052889785
23081.26242980048; -0.000658314394148; -0.0169354142247
23084.18375954136; -0.000662968437027; -0.0169655630908
23087.10508928223; -0.000667782055192; -0.0169945567577
23090.02641902311; -0.000672359659438; -0.0170265327944
23092.94774876398; -0.000676822701121; -0.0170560902742
23095.86907850486; -0.000681385164304; -0.0170875994707
23098.79040824573; -0.000686566361656; -0.0171181617468
23101.71173798661; -0.000691653776972; -0.0171482247059
23104.63306772748; -0.000696762347976; -0.0171812905295
23107.55439746836; -0.00070123393755; -0.0172120727106
23110.47572720923; -0.000706390334316; -0.0172444876517
23113.3970569501; -0.000711217779756; -0.017275525003
23116.31838669098; -0.000717193572102; -0.0173089534705
23119.23971643185; -0.000721368568967; -0.0173404080836
23122.16104617273; -0.000727157264173; -0.0173734137642
23125.0823759136; -0.000732226614076; -0.0174073006794
23128.00370565448; -0.000738123943684; -0.0174405056292
23130.92503539535; -0.000743035992181; -0.0174730514538
23133.84636513623; -0.000748912950265; -0.0175067238394
23136.7676948771; -0.00075379870754; -0.0175396231276
23139.68902461798; -0.000759512922371; -0.0175740037741
23142.61035435885; -0.00076477813208; -0.0176089114964
23145.53168409972; -0.000770787514215; -0.0176431799156
23148.4530138406; -0.000776209721479; -0.0176779167126
23151.37434358147; -0.000781988382156; -0.0177122961895
23154.29567332235; -0.000788449712456; -0.0177481842807
23157.21700306322; -0.00079344639378; -0.017783123787
23160.13833280409; -0.000799894610892; -0.0178192460042
23163.05966254497; -0.000806999605793; -0.0178545650203
23165.98099228584; -0.000812934500862; -0.0178913850315
23168.90232202672; -0.000819079479092; -0.0179287127863
23171.82365176759; -0.000825606149481; -0.017964559097
23174.74498150847; -0.00083166580272; -0.0180024922681
23177.66631124934; -0.000838578017323; -0.01804015343
23180.58764099022; -0.000845252360211; -0.0180782746695
23183.50897073109; -0.000851721997322; -0.0181150501854
23186.43030047197; -0.000857904717093; -0.0181534131294
23189.35163021284; -0.000864641921035; -0.018192496734
23192.27295995371; -0.00087167301434; -0.0182303386931
23195.19428969459; -0.000879525272327; -0.0182699712844
23198.11561943546; -0.000885591011346; -0.0183086320009
23201.03694917634; -0.000892835757788; -0.0183485525521
23203.95827891721; -0.000900376133924; -0.0183897538378
23206.87960865808; -0.000907535622606; -0.0184291098996
23209.80093839896; -0.000915088320073; -0.0184696958843
23212.72226813983; -0.00092177336673; -0.0185103684837
23215.64359788071; -0.000930587185718; -0.0185524175472
23218.56492762158; -0.000938003217843; -0.0185938985623
23221.48625736246; -0.000945422499015; -0.0186357490377
23224.40758710333; -0.000953738321179; -0.0186770887178
23227.32891684421; -0.000962262532405; -0.0187194366273
23230.25024658508; -0.000969133399492; -0.0187639707269
23233.17157632596; -0.000977711549337; -0.0188067399271
23236.09290606683; -0.000986026998496; -0.0188496848571
23239.0142358077; -0.00099448333098; -0.0188929505227
23241.93556554858; -0.00100261003836; -0.018938101422
23244.85689528945; -0.00101159052473; -0.0189821192449
23247.77822503033; -0.00102067597107; -0.0190277835415
23250.6995547712; -0.00103013097417; -0.0190717718468
23253.62088451208; -0.00103805477403; -0.019117678358
23256.54221425295; -0.00104773134314; -0.0191642793576
23259.46354399382; -0.00105674554584; -0.019210957903
23262.3848737347; -0.00106600513952; -0.0192581213283
23265.30620347557; -0.00107385913984; -0.0193064805576
23268.22753321645; -0.00108430986089; -0.0193519632537
23271.14886295732; -0.00109448380005; -0.0194022522367
23274.0701926982; -0.00110482211479; -0.0194493204783
23276.99152243907; -0.00111401735909; -0.0194993874104
23279.91285217995; -0.00112483675964; -0.0195480991436
23282.83418192082; -0.00113530830845; -0.0195979565654
23285.7555116617; -0.00114508462568; -0.0196476132003
23288.67684140257; -0.00115590527248; -0.0196978629999
23291.59817114344; -0.00116692433298; -0.0197496948685
23294.51950088432; -0.00117711546984; -0.0198010367596
23297.44083062519; -0.00118822885699; -0.0198539682967
23300.36216036607; -0.00119915756927; -0.0199047032293
23303.28349010694; -0.00121100994969; -0.0199583779988
23306.20481984782; -0.00122237925189; -0.0200122942002
23309.12614958869; -0.00123510815095; -0.0200656058922
23312.04747932957; -0.00124576506248; -0.0201193648139
23314.96880907044; -0.00125847474288; -0.0201745292005
23317.89013881132; -0.00127008580339; -0.0202303638115
23320.81146855219; -0.0012818845912; -0.0202859309962
23323.73279829306; -0.00129507553841; -0.0203418790319
23326.65412803394; -0.0013072571624; -0.0203980709505
23329.57545777481; -0.00132138770775; -0.0204546509543
23332.49678751569; -0.00133282439846; -0.0205138307869
23335.41811725656; -0.00134710911233; -0.0205710978304
23338.33944699743; -0.00136061343357; -0.0206306583235
23341.26077673831; -0.00137454760773; -0.0206899526672
23344.18210647918; -0.00138793096869; -0.0207500131886
23347.10343622006; -0.0014027074413; -0.0208094812359
23350.02476596093; -0.00141730292762; -0.020871002294
23352.94609570181; -0.00143122455622; -0.0209329896869
23355.86742544268; -0.00144502852652; -0.0209955970985
23358.78875518356; -0.00146076444694; -0.0210580626321
23361.71008492443; -0.00147457702482; -0.0211222922757
23364.63141466531; -0.00149079354136; -0.0211868230633
23367.55274440618; -0.00150704963324; -0.0212502068829
23370.47407414705; -0.00152207379147; -0.0213165164262
23373.39540388793; -0.00153820241736; -0.0213820664854
23376.3167336288; -0.00155484187173; -0.02144911268
23379.23806336968; -0.00157085885302; -0.0215161745788
23382.15939311055; -0.00158884780502; -0.0215841298402
23385.08072285142; -0.00160533307879; -0.0216541274723
23388.0020525923; -0.00162298786423; -0.0217248861993
23390.92338233317; -0.00164069617621; -0.0217932840833
23393.84471207405; -0.00165909114656; -0.0218644115591
23396.76604181492; -0.00167797668955; -0.0219359301912
23399.6873715558; -0.00169608672198; -0.022008357888
23402.60870129667; -0.00171570947398; -0.0220813951296
23405.53003103755; -0.00173402569805; -0.0221566086799
23408.45136077842; -0.00175369400648; -0.022230634668
23411.3726905193; -0.00177328021912; -0.0223057591202
23414.29402026017; -0.00179406446892; -0.0223818385597
23417.21535000105; -0.00181462444835; -0.0224592951912
23420.13667974192; -0.00183546121259; -0.0225378084793
23423.05800948279; -0.00185650177891; -0.0226163790248
23425.97933922367; -0.00187947806509; -0.0226966683819
23428.90066896454; -0.00190135870598; -0.0227773519966
23431.82199870542; -0.00192336173946; -0.0228594271742
23434.74332844629; -0.00194642009367; -0.0229408818321
23437.66465818716; -0.00197052033211; -0.0230248307057
23440.58598792804; -0.00199322533833; -0.0231089877728
23443.50731766891; -0.00201831356315; -0.0231953479359
23446.42864740979; -0.00204256556491; -0.0232805968182
23449.34997715066; -0.00206742217364; -0.0233674841723
23452.27130689154; -0.00209337101986; -0.0234553261043
23455.19263663241; -0.00211864559142; -0.0235448981901
23458.11396637329; -0.00214518516072; -0.0236354477394
23461.03529611416; -0.0021734773988; -0.0237272232545
23463.95662585504; -0.00220034653643; -0.0238195898285
23466.87795559591; -0.00222819113341; -0.0239132204121
23469.79928533678; -0.00225713604761; -0.0240064890463
23472.72061507766; -0.00228569954328; -0.0241027497409
23475.64194481853; -0.00231481757365; -0.0241983959799
23478.56327455941; -0.00234517501561; -0.0242967449307
23481.48460430028; -0.00237660840976; -0.0243955036677
23484.40593404115; -0.00240796583682; -0.0244955296149
23487.32726378203; -0.00243990691846; -0.0245977306142
23490.24859352291; -0.00247171758755; -0.0247008593631
23493.16992326378; -0.00250592998465; -0.0248049145487
23496.09125300466; -0.00253946581898; -0.0249093695657
23499.01258274553; -0.00257442856728; -0.0250158392741
23501.9339124864; -0.00260959470811; -0.0251241331901
23504.85524222728; -0.00264610107898; -0.0252336350527
23507.77657196815; -0.00268289502604; -0.0253447060293
23510.69790170903; -0.00272036383208; -0.0254569514593
23513.6192314499; -0.00275859347617; -0.0255692143637
23516.54056119077; -0.00279791790639; -0.0256843464356
23519.46189093165; -0.00283741753667; -0.0258007855744
23522.38322067252; -0.00287833096534; -0.025918758479
23525.3045504134; -0.00292096339971; -0.0260379987234
23528.22588015427; -0.00296359885674; -0.0261603594677
23531.14720989515; -0.00300617487507; -0.0262824555796
23534.06853963602; -0.00305159514197; -0.0264074557382
23536.9898693769; -0.0030964601717; -0.0265338396531
23539.91119911777; -0.00314287722357; -0.0266620032084
23542.83252885865; -0.00319134750208; -0.0267921247629
23545.75385859952; -0.00323955603476; -0.0269226573811
23548.67518834039; -0.00328979375666; -0.0270568707056
23551.59651808127; -0.00334124726081; -0.0271914451157
23554.51784782214; -0.00339355479858; -0.0273280629203
23557.43917756302; -0.00344574376196; -0.0274672232395
23560.36050730389; -0.00350096690809; -0.0276076653771
23563.28183704477; -0.00355542507481; -0.027750723565
23566.20316678564; -0.00361387085564; -0.0278954103025
23569.12449652651; -0.0036722947503; -0.0280435431722
23572.04582626739; -0.0037313690272; -0.0281921440456
23574.96715600826; -0.00379328212222; -0.0283425212551
23577.88848574914; -0.00385604006703; -0.0284963958434
23580.80981549001; -0.00392025980992; -0.0286526748746
23583.73114523089; -0.00398687644407; -0.0288108326991
23586.65247497176; -0.00405393358567; -0.0289717527813
23589.57380471264; -0.00412248970928; -0.0291344317615
23592.49513445351; -0.00419403212981; -0.029299522092
23595.41646419439; -0.00426768469987; -0.0294681283847
23598.33779393526; -0.00434244712959; -0.0296386939871
23601.25912367613; -0.00441825000736; -0.0298122027053
23604.18045341701; -0.00449714573389; -0.0299879229307
23607.10178315788; -0.00457772513145; -0.0301672867259
23610.02311289876; -0.00466126661289; -0.0303495459599
23612.94444263963; -0.00474545720509; -0.0305343401707
23615.8657723805; -0.00483307235894; -0.0307200683366
23618.78710212138; -0.00492229908949; -0.0309104692321
23621.70843186225; -0.00501465971008; -0.031105239615
23624.62976160313; -0.00510889706969; -0.0313015288177
23627.551091344; -0.0052050627883; -0.0315005251096
23630.47242108488; -0.00530556814844; -0.031704208133
23633.39375082575; -0.00540866159842; -0.0319099814816
23636.31508056663; -0.00551458715572; -0.0321219052793
23639.2364103075; -0.00562378903479; -0.0323349001792
23642.15774004838; -0.00573627289247; -0.0325520369194
23645.07906978925; -0.00584953460298; -0.0327716762209
23648.00039953012; -0.00596833597491; -0.0329964293824
23650.921729271; -0.0060893368814; -0.0332245031114
23653.84305901187; -0.00621548191195; -0.0334566917154
23656.76438875275; -0.0063449643643; -0.0336931209897
23659.68571849362; -0.00647825807176; -0.0339343585126
23662.60704823449; -0.00661640326523; -0.0341791819644
23665.52837797537; -0.00675850446259; -0.0344297595473
23668.44970771625; -0.00690460132825; -0.0346820832378
23671.37103745712; -0.0070550807012; -0.0349409714934
23674.292367198; -0.00721262390447; -0.035203945207
23677.21369693887; -0.00737277025855; -0.0354730122372
23680.13502667974; -0.00753885851257; -0.0357456808573
23683.05635642062; -0.0077110640252; -0.0360232757878
23685.97768616149; -0.00788880645311; -0.0363064841613
23688.89901590237; -0.00807282530199; -0.0365948577413
23691.82034564324; -0.00826132527396; -0.0368873036752
23694.74167538412; -0.00845863213151; -0.03718547673
23697.66300512499; -0.00866150612248; -0.037490521136
23700.58433486586; -0.00887288309268; -0.0377997083009
23703.50566460674; -0.00908909263616; -0.0381166097399
23706.42699434761; -0.00931524737368; -0.0384387859188
23709.34832408849; -0.00954882255261; -0.0387644683394
23712.26965382936; -0.00979123165929; -0.0390979563265
23715.19098357024; -0.0100412693049; -0.0394366308597
23718.11231331111; -0.0103026964265; -0.0397837166265
23721.03364305199; -0.0105732986556; -0.0401378519868
23723.95497279286; -0.0108526700487; -0.040496921316
23726.87630253374; -0.0111440213696; -0.0408636003768
23729.79763227461; -0.0114464945523; -0.041235597192
23732.71896201548; -0.0117597485415; -0.0416147382239
23735.64029175636; -0.0120865909908; -0.0420030388423
23738.56162149723; -0.012426965978; -0.0423970006067
23741.48295123811; -0.0127798224359; -0.0428002277411
23744.40428097898; -0.0131477918238; -0.0432105128444
23747.32561071985; -0.0135303177614; -0.0436251946489
23750.24694046073; -0.013928875377; -0.0440496930716
23753.1682702016; -0.0143452021574; -0.04448154478
23756.08959994248; -0.0147790280193; -0.0449200599682
23759.01092968335; -0.0152299382532; -0.0453668357847
23761.93225942423; -0.0157011240092; -0.0458204948786
23764.8535891651; -0.0161933877858; -0.0462830916742
23767.77491890598; -0.0167081538123; -0.0467524681484
23770.69624864685; -0.0172453690694; -0.0472306257189
23773.61757838773; -0.0178058441108; -0.0477145493489
23776.5389081286; -0.0183929454785; -0.0482053614577
23779.46023786947; -0.0190067900276; -0.048701354718
23782.38156761035; -0.019648502415; -0.0492061836989
23785.30289735122; -0.0203205025103; -0.0497151631714
23788.2242270921; -0.0210229516061; -0.0502274494815
23791.14555683297; -0.0217606387923; -0.0507478698034
23794.06688657384; -0.0225331738287; -0.0512700197392
23796.98821631472; -0.0233430293456; -0.0517977668818
23799.90954605559; -0.0241916711971; -0.0523246477137
23802.83087579647; -0.0250825605501; -0.0528556513241
23805.75220553734; -0.0260171379817; -0.0533866669677
23808.67353527822; -0.0269981361702; -0.0539138324195
23811.59486501909; -0.0280269544776; -0.0544372786396
23814.51619475997; -0.0291082448135; -0.0549570608354
23817.43752450084; -0.0302440495702; -0.0554693559739
23820.35885424172; -0.0314368572902; -0.0559708116766
23823.28018398259; -0.0326896547032; -0.0564602489209
23826.20151372346; -0.0340042316424; -0.0569313294541
23829.12284346434; -0.0353844803952; -0.0573851479928
23832.04417320521; -0.0368342382498; -0.0578118972026
23834.96550294609; -0.0383572340311; -0.0582109006351
23837.88683268696; -0.0399538381518; -0.0585741345478
23840.80816242784; -0.0416295964566; -0.0589012582721
23843.72949216871; -0.0433868907317; -0.0591799107907
23846.65082190958; -0.0452269543105; -0.0594036189766
23849.57215165046; -0.0471517556698; -0.0595642031834
23852.49348139134; -0.0491628745385; -0.0596511114438
23855.41481113221; -0.0512646516649; -0.0596605666657
23858.33614087309; -0.0534474518534; -0.0595702985367
23861.25747061396; -0.0557189208619; -0.0593778580603
23864.17880035483; -0.0580764898966; -0.0590691266716
23867.10013009571; -0.0605124546063; -0.0586272698784
23870.02145983658; -0.0630210699725; -0.0580404040228
23872.94278957746; -0.0655957476255; -0.0572949543043
23875.86411931833; -0.0682280959186; -0.0563732100295
23878.7854490592; -0.0709053842732; -0.0552629952876
23881.70677880008; -0.073611211778; -0.053949121383
23884.62810854095; -0.0763298609316; -0.0524196291732
23887.54943828183; -0.079034564928; -0.0506564493138
23890.4707680227; -0.0817121287581; -0.0486593639699
23893.39209776358; -0.0843259910056; -0.0464120664559
23896.31342750445; -0.0868533214488; -0.0439154792673
23899.23475724533; -0.0892623075314; -0.0411689651448
23902.1560869862; -0.0915181697219; -0.0381760800267
23905.07741672708; -0.0935876438422; -0.0349480902523
23907.99874646795; -0.0954416433621; -0.0315009063071
23910.92007620882; -0.0970426122613; -0.0278532476722
23913.8414059497; -0.0983659909419; -0.0240360575966
23916.76273569057; -0.099392082708; -0.0200779377034
23919.68406543145; -0.100095269151; -0.0160163724616
23922.60539517232; -0.100459968004; -0.0118921211386
23925.52672491319; -0.100489806814; -0.0077455435332
23928.44805465407; -0.100175745076; -0.00361926767231
23931.36938439494; -0.0995233682849; 0.000445258359596
23934.29071413582; -0.0985521828954; 0.00440885568683
23937.21204387669; -0.0972793832967; 0.00823509863807
23940.13337361757; -0.0957284432814; 0.011890283516
23943.05470335844; -0.0939300758764; 0.0153507425956
23945.97603309932; -0.0919131910857; 0.0185946324143
23948.89736284019; -0.0897107620715; 0.0216059194942
23951.81869258107; -0.0873561066528; 0.0243742183641
23954.74002232194; -0.0848802724313; 0.0268949780948
23957.66135206281; -0.0823154429801; 0.029168681055
23960.58268180369; -0.0796914878959; 0.0311996314613
23963.50401154456; -0.0770293663524; 0.0329916350089
23966.42534128544; -0.0743550062024; 0.034558723458
23969.34667102631; -0.0716931095251; 0.035910473601
23972.26800076719; -0.0690546515088; 0.0370623252234
23975.18933050806; -0.0664574573131; 0.0380238701232
23978.11066024893; -0.0639121993825; 0.0388117712738
23981.03198998981; -0.0614331491535; 0.0394423859637
23983.95331973068; -0.0590240376377; 0.0399288201867
23986.87464947156; -0.0566884293388; 0.0402815869715
23989.79597921243; -0.0544359297284; 0.0405182911162
23992.71730895331; -0.0522668584633; 0.0406493931023
23995.63863869418; -0.0501809432028; 0.0406862537869
23998.55996843506; -0.0481803343506; 0.0406420725724
24001.48129817593; -0.0462650819496; 0.0405243768503
24004.4026279168; -0.0444340967072; 0.0403438930513
24007.32395765768; -0.0426795074776; 0.040103909311
24010.24528739855; -0.0410052636058; 0.0398173456009
24013.16661713943; -0.0394078930276; 0.0394892931555
24016.0879468803; -0.037883703941; 0.03912446843
24019.00927662118; -0.0364314896535; 0.0387314838924
24021.93060636205; -0.0350463982484; 0.0383096585653
24024.85193610292; -0.0337254256146; 0.0378683568559
24027.7732658438; -0.0324679708839; 0.037408208564
24030.69459558467; -0.0312683050303; 0.0369333504946
24033.61592532555; -0.0301268809448; 0.0364499429015
24036.53725506643; -0.0290388589461; 0.0359567027785
24039.4585848073; -0.0280016592338; 0.0354578769034
24042.37991454817; -0.0270130274981; 0.0349536122061
24045.30124428905; -0.0260717408831; 0.0344472583109
24048.22257402992; -0.0251726725846; 0.0339404893565
24051.1439037708; -0.0243160785125; 0.0334334832703
24054.06523351167; -0.023498034973; 0.0329290677238
24056.98656325254; -0.0227170443722; 0.0324262367379
24059.90789299342; -0.0219714122332; 0.0319252298704
24062.82922273429; -0.0212593189741; 0.0314290714199
24065.75055247517; -0.0205788409178; 0.0309390639752
24068.67188221604; -0.0199272899685; 0.030451482414
24071.59321195692; -0.019304493634; 0.0299693215402
24074.51454169779; -0.0187083352173; 0.0294937293797
24077.43587143867; -0.0181388460159; 0.0290254799409
24080.35720117954; -0.0175920224607; 0.0285628303139
24083.27853092042; -0.0170701956443; 0.0281075886081
24086.19986066129; -0.0165683333904; 0.0276586432362
24089.12119040216; -0.0160876050142; 0.0272170598542
24092.04252014304; -0.0156266072124; 0.0267823301612
24094.96384988391; -0.0151857746168; 0.0263544520248
24097.88517962479; -0.0147616232738; 0.0259353787291
24100.80650936566; -0.0143545076595; 0.0255213495656
24103.72783910653; -0.013962243737; 0.0251149295265
24106.64916884741; -0.0135873584672; 0.0247157790154
24109.57049858828; -0.0132254159378; 0.0243233774738
24112.49182832916; -0.0128770613667; 0.0239385754229
24115.41315807003; -0.0125423960239; 0.0235602834661
24118.33448781091; -0.0122213933013; 0.0231892014623
24121.25581755178; -0.0119102899929; 0.0228232356781
24124.17714729266; -0.0116119450556; 0.0224646251851
24127.09847703353; -0.0113233462655; 0.0221121803906
24130.01980677441; -0.0110457741213; 0.0217673725089
24132.94113651528; -0.0107776531278; 0.0214286458401
24135.86246625615; -0.0105198276938; 0.0210953856903
24138.78379599703; -0.0102708517394; 0.0207676634452
24141.7051257379; -0.0100300643258; 0.0204470339514
24144.62645547878; -0.00979662063092; 0.020131441768
24147.54778521965; -0.00957333443195; 0.0198225833611
24150.46911496053; -0.00935571454581; 0.0195184675813
24153.3904447014; -0.00914595929629; 0.0192195628709
24156.31177444227; -0.00894264771944; 0.0189267323356
24159.23310418315; -0.00874751851815; 0.0186400200162
24162.15443392402; -0.00855687668782; 0.0183568819477
24165.0757636649; -0.00837316123798; 0.0180794418594
24167.99709340577; -0.00819416853916; 0.0178056489801
24170.91842314665; -0.00802264328097; 0.017538751183
24173.83975288752; -0.00785549160995; 0.0172740631438
24176.7610826284; -0.00769238963523; 0.0170159470749
24179.68241236927; -0.00753597507382; 0.0167616053522
24182.60374211015; -0.00738373143421; 0.016511926044
24185.52507185102; -0.00723506173094; 0.0162653708616
24188.44640159189; -0.00709233059033; 0.016024079279
24191.36773133277; -0.0069528558402; 0.0157875472346
24194.28906107364; -0.00681733444638; 0.0155538962509
24197.21039081452; -0.00668658564036; 0.015323835038
24200.13172055539; -0.00655849969702; 0.0150984758417
24203.05305029626; -0.00643559404001; 0.0148773294386
24205.97438003714; -0.00631440569529; 0.0146595575957
24208.89570977801; -0.0061981415584; 0.014444816332
24211.81703951889; -0.00608371064468; 0.0142354128348
24214.73836925977; -0.00597321541771; 0.0140266624535
24217.65969900064; -0.00586617066084; 0.013823572787
24220.58102874151; -0.0057612613644; 0.0136231991775
24223.50235848239; -0.00565928412471; 0.013426918684
24226.42368822326; -0.00555927841696; 0.0132331110209
24229.34501796414; -0.00546383427283; 0.0130428596987
24232.26634770501; -0.00537035480907; 0.0128540581419
24235.18767744588; -0.00527785467972; 0.0126690133192
24238.10900718676; -0.00518958080867; 0.012487064412
24241.03033692763; -0.0051023902702; 0.0123077866282
24243.95166666851; -0.00501705942483; 0.0121314491302
24246.87299640938; -0.00493570531209; 0.0119579555179
24249.79432615026; -0.00485373257258; 0.0117874184504
24252.71565589113; -0.00477626897933; 0.0116195129546
24255.63698563201; -0.00469950011196; 0.0114528657186
24258.55831537288; -0.00462539000527; 0.0112900620294
24261.47964511376; -0.00455288323839; 0.0111283580852
24264.40097485463; -0.00448044728276; 0.0109689881512
24267.3223045955; -0.00441118544912; 0.0108138838334
24270.24363433638; -0.00434281093795; 0.0106588120126
24273.16496407725; -0.0042772840668; 0.01050616179
24276.08629381813; -0.00421281832746; 0.010357287479
24279.007623559; -0.00414828045455; 0.010209155248
24281.92895329987; -0.00408671388041; 0.01006321831
24284.85028304075; -0.00402625113224; 0.00992042317831
24287.77161278162; -0.003967636089; 0.00977835115198
24290.6929425225; -0.00391037607108; 0.00963869969217
24293.61427226337; -0.00385238966098; 0.00950113850506
24296.53560200425; -0.00379754036912; 0.00936593325807
24299.45693174512; -0.00374444873313; 0.00923210684529
24302.378261486; -0.00369091959456; 0.00910020453152
24305.29959122687; -0.00363907305016; 0.00896928674547
24308.22092096775; -0.00358954076991; 0.00884176864226
24311.14225070862; -0.00353924379162; 0.00871481238424
24314.0635804495; -0.00349051581604; 0.00858957235719
24316.98491019037; -0.0034437030325; 0.00846641697523
24319.90623993124; -0.00339757434222; 0.00834618879487
24322.82756967212; -0.00335148706368; 0.00822396790329
24325.74889941299; -0.0033068117409; 0.00810603538519
24328.67022915387; -0.00326315157374; 0.00798795693447
24331.59155889474; -0.00321989397496; 0.00787245971025
24334.51288863561; -0.00317824146524; 0.00775846003101
24337.43421837649; -0.00313769748716; 0.00764600315356
24340.35554811736; -0.00309747603109; 0.00753385172587
24343.27687785824; -0.00305784208713; 0.00742434882196
24346.19820759911; -0.00301865361008; 0.00731633147278
24349.11953733999; -0.00298160147339; 0.00720938734958
24352.04086708086; -0.00294386842388; 0.00710345352031
24354.96219682174; -0.00290811221352; 0.00699922239435
24357.88352656261; -0.00287207494337; 0.00689635305874
24360.80485630349; -0.00283768443703; 0.00679450478152
24363.72618604436; -0.00280329604672; 0.00669282915708
24366.64751578523; -0.00276958013012; 0.00659355826108
24369.56884552611; -0.00273548958777; 0.00649533862467
24372.49017526698; -0.00270378526144; 0.00639835760269
24375.41150500786; -0.00267153115954; 0.0063021143042
24378.33283474873; -0.00264072405598; 0.00620682436851
24381.2541644896; -0.00261036341373; 0.00611364626499
24384.17549423048; -0.00257962219073; 0.0060220880099
24387.09682397135; -0.00254982109012; 0.00592915408418
24390.01815371223; -0.00252073998704; 0.00583961662211
24392.9394834531; -0.00249309662356; 0.00574987535788
24395.86081319398; -0.00246385485195; 0.00566091121455
24398.78214293485; -0.00243705011709; 0.00557297919408
24401.70347267573; -0.00240928483424; 0.00548746599418
24404.6248024166; -0.00238329118869; 0.00540132045829
24407.54613215748; -0.00235590888179; 0.00531666887387
24410.46746189835; -0.0023315076045; 0.00523392516278
24413.38879163923; -0.00230646092282; 0.00515142211567
24416.3101213801; -0.00228059581211; 0.00507023716606
24419.23145112097; -0.00225587009502; 0.00498858187301
24422.15278086185; -0.00223276784603; 0.00490880031288
24425.07411060272; -0.00220893881278; 0.00482967300803
24427.9954403436; -0.00218585875826; 0.0047512912691
24430.91677008447; -0.00216268742651; 0.0046741675491
24433.83809982535; -0.00214033057012; 0.00459659320111
24436.75942956622; -0.00211863479604; 0.00452098921519
24439.6807593071; -0.00209691545677; 0.00444627446177
24442.60208904797; -0.0020750709581; 0.00437161183194
24445.52341878884; -0.00205387426386; 0.00429892483509
24448.44474852972; -0.00203185172233; 0.00422609110861
24451.36607827059; -0.00201279226462; 0.00415342731856
24454.28740801147; -0.00199343686175; 0.00408277801828
24457.20873775234; -0.00197322468806; 0.00401178612394
24460.13006749322; -0.0019531250173; 0.00394242895486
24463.05139723409; -0.00193493486219; 0.00387372510567
24465.97272697496; -0.00191510999398; 0.00380534508235
24468.89405671584; -0.00189737981877; 0.00373736170971
24471.81538645671; -0.00187816014899; 0.00366986177269
24474.73671619759; -0.00186033281669; 0.00360388650496
24477.65804593846; -0.00184313978248; 0.00353887094936
24480.57937567934; -0.0018250772955; 0.00347338067166
24483.50070542021; -0.00180786501317; 0.00340792018099
24486.42203516109; -0.00179066721235; 0.0033451207419
24489.34336490196; -0.00177452850108; 0.00328191654739
24492.26469464284; -0.00175750112724; 0.00321971828837
24495.18602438371; -0.00174230653164; 0.003156685062
24498.10735412458; -0.00172626987975; 0.00309542363485
24501.02868386546; -0.0017094868831; 0.00303530033401
24503.95001360633; -0.00169340590051; 0.00297400925451
24506.87134334721; -0.00167848392782; 0.0029143717977
24509.79267308808; -0.00166316332318; 0.00285603802856
24512.71400282895; -0.00164923777976; 0.00279734630998
24515.63533256983; -0.00163388599422; 0.00273903402237
24518.5566623107; -0.00161947788366; 0.00268170427391
24521.47799205158; -0.00160516680002; 0.00262388175502
24524.39932179245; -0.0015915598157; 0.00256754902899
24527.32065153333; -0.00157752462556; 0.00251236083597
24530.2419812742; -0.00156384641883; 0.00245742718283
24533.16331101508; -0.00155036449476; 0.00240155705873
24536.08464075595; -0.00153801336965; 0.0023481361324
24539.00597049683; -0.00152462583825; 0.00229316486818
24541.9273002377; -0.0015114830408; 0.00223926951229
24544.84862997857; -0.00149879859615; 0.00218732259261
24547.76995971945; -0.0014865610819; 0.00213355309875
24550.69128946032; -0.00147365559109; 0.00208274509985
24553.6126192012; -0.00146164532771; 0.00203016053357
24556.53394894207; -0.00144982830972; 0.00197962870339
24559.45527868294; -0.00143827340678; 0.00192854156779
24562.37660842382; -0.00142643148935; 0.00187867604853
24565.29793816469; -0.00141383852701; 0.00182970158319
24568.21926790557; -0.00140290897034; 0.0017799141972
24571.14059764644; -0.00139205308819; 0.00173013695952
24574.06192738732; -0.00138067437193; 0.00168164396284
24576.98325712819; -0.00137030178623; 0.0016337567556
24579.90458686907; -0.00135906660218; 0.00158468279976
24582.82591660994; -0.00134905727169; 0.00153792826682
24585.74724635082; -0.00133861615832; 0.00149032711699
24588.66857609169; -0.0013277738249; 0.00144495225927
24591.58990583257; -0.00131836083656; 0.00139808029658
24594.51123557344; -0.00130748902456; 0.00135201494305
24597.43256531431; -0.00129733924252; 0.00130705125145
24600.35389505519; -0.00128745984435; 0.00126231737252
24603.27522479606; -0.0012785288363; 0.00121651962813
24606.19655453694; -0.00126850764733; 0.001173350445
24609.11788427781; -0.00125939781518; 0.00112834211499
24612.03921401869; -0.00124982299775; 0.00108449538062
24614.96054375956; -0.00124101490815; 0.00104098732502
24617.88187350044; -0.00123165378956; 0.000997365145788
24620.80320324131; -0.00122246937249; 0.000956182872725
24623.72453298218; -0.00121298417097; 0.000913419736562
24626.64586272306; -0.001204763113; 0.000870614252178
24629.56719246393; -0.00119613473921; 0.000828755888356
24632.48852220481; -0.00118754485643; 0.000787301415319
24635.40985194568; -0.00117977984692; 0.000747042595096
24638.33118168656; -0.0011706670175; 0.000706298078841
24641.25251142743; -0.00116344902198; 0.000665647484547
24644.1738411683; -0.0011558174143; 0.000625699324773
24647.09517090918; -0.00114812270688; 0.000585956336937
24650.01650065005; -0.00113846200492; 0.000545811765889
24652.93783039093; -0.0011318916229; 0.000506059583845
24655.8591601318; -0.00112473205399; 0.000466992694614
24658.78048987268; -0.0011174671388; 0.000427971910429
24661.70181961355; -0.00111032227425; 0.00038974108971
24664.62314935443; -0.00110330754902; 0.000351469677871
24667.5444790953; -0.00109561280883; 0.000314685263019
24670.46580883618; -0.00109009938195; 0.000276093275282
24673.38713857705; -0.00108405424907; 0.000239295475393
24676.30846831792; -0.00107791587317; 0.00020246772992
24679.2297980588; -0.00107239141713; 0.000165655328591
24682.15112779967; -0.00106588303654; 0.00013070525347
24685.07245754055; -0.00105977125056; 9.47171344059e-05
24687.99378728142; -0.00105481168761; 6.07275536548e-05
24690.91511702229; -0.00104907063186; 2.65767535181e-05
24693.83644676317; -0.00104358939798; -7.21963638951e-06
24696.75777650404; -0.00103659267816; -3.96171340333e-05
24699.67910624492; -0.00102978272357; -7.42511947061e-05
24702.60043598579; -0.00102352181683; -0.000106729589816
24705.52176572667; -0.0010165958558; -0.000139295746568
24708.44309546754; -0.00100953404898; -0.000172793823895
24711.36442520842; -0.00100195756025; -0.000203974244418
24714.28575494929; -0.000994787484028; -0.00023667377831
24717.20708469017; -0.000987986170552; -0.000268935513394
24720.12841443104; -0.000980159823397; -0.00030181575672
24723.04974417191; -0.000974062297923; -0.000334530048978
24725.97107391279; -0.000966953164501; -0.000367019152703
24728.89240365366; -0.000960257902544; -0.000398302958782
24731.81373339454; -0.000953553861384; -0.000430950438006
24734.73506313541; -0.000946753291996; -0.000462174067224
24737.65639287628; -0.00093993248701; -0.000493928686969
24740.57772261716; -0.000935079543436; -0.000526756681009
24743.49905235803; -0.000928435372518; -0.000557629535665
24746.42038209891; -0.000921808986778; -0.000588216120683
24749.34171183978; -0.000915182502114; -0.00061929586661
24752.26304158066; -0.00091083289221; -0.000650122418988
24755.18437132153; -0.000904197862192; -0.000680066818578
24758.10570106241; -0.000899759142319; -0.000710577649743
24761.02703080328; -0.00089361620181; -0.00074166869737
24763.94836054416; -0.000887620678412; -0.000771817720199
24766.86969028503; -0.000881724720286; -0.000801048270182
24769.79102002591; -0.000877088276197; -0.000830594814229
24772.71234976678; -0.00087124471436; -0.000860129550954
24775.63367950765; -0.000866430963194; -0.000888569658079
24778.55500924853; -0.000861267079936; -0.000917413204136
24781.4763389894; -0.000855934092718; -0.000946232239765
24784.39766873028; -0.000849892830819; -0.000975247391587
24787.31899847115; -0.000845394782328; -0.00100491405143
24790.24032821202; -0.000840738646418; -0.00103197275508
24793.1616579529; -0.000836533503736; -0.00106013980791
24796.08298769378; -0.000830992542387; -0.00108830568003
24799.00431743465; -0.000826941354217; -0.00111617671939
24801.92564717553; -0.000822426004401; -0.00114353282484
24804.8469769164; -0.000816800371377; -0.00117021231699
24807.76830665727; -0.000812126887835; -0.00119790858115
24810.68963639815; -0.000806899884673; -0.0012248049084
24813.61096613902; -0.000803115571556; -0.00125132071389
24816.5322958799; -0.00079832178406; -0.00127906246525
24819.45362562077; -0.000793717524432; -0.00130461900615
24822.37495536164; -0.000789186515161; -0.00133144021179
24825.29628510252; -0.000785330409631; -0.00135761620203
24828.21761484339; -0.000780702820669; -0.0013839258408
24831.13894458427; -0.000776353391691; -0.00140982376121
24834.06027432514; -0.000772839963299; -0.00143538438395
24836.98160406602; -0.000768301834387; -0.00146062091519
24839.90293380689; -0.000764652899517; -0.00148588129617
24842.82426354777; -0.000759910537911; -0.00151160731866
24845.74559328864; -0.000756052534739; -0.00153681073697
24848.66692302952; -0.000751758565632; -0.0015615084802
24851.58825277039; -0.000747995225354; -0.00158660687654
24854.50958251126; -0.00074320040892; -0.0016101420935
24857.43091225214; -0.000740175298599; -0.00163561203971
24860.35224199301; -0.000736449204162; -0.00165962008306
24863.27357173389; -0.000732125224394; -0.00168379622651
24866.19490147476; -0.000727775532334; -0.00170738499539
24869.11623121564; -0.000723835273907; -0.00173291274712
24872.03756095651; -0.000719916008473; -0.00175608132113
24874.95889069738; -0.00071627402101; -0.00177954805496
24877.88022043826; -0.000713118455128; -0.0018020566103
24880.80155017913; -0.000709233777728; -0.00182704127017
24883.72287992001; -0.000705602267646; -0.00184993696097
24886.64420966088; -0.000701316629658; -0.00187245362858
24889.56553940176; -0.000698768630092; -0.00189522234872
24892.48686914263; -0.000695515544275; -0.00191801710707
24895.40819888351; -0.000691509671832; -0.0019424980175
24898.32952862438; -0.000688240540093; -0.00196381666034
24901.25085836525; -0.000684408417291; -0.00198650404454
24904.17218810613; -0.000681803157598; -0.00200890701167
24907.093517847; -0.000677630995081; -0.00203105317066
24910.01484758788; -0.000674314073427; -0.0020534317006
24912.93617732875; -0.000670707399777; -0.00207521286206
24915.85750706963; -0.000667494143146; -0.00209703133651
24918.7788368105; -0.000663406402222; -0.00211893646736
24921.70016655137; -0.000660938926194; -0.00214047001035
24924.62149629225; -0.000657343215317; -0.00216199823011
24927.54282603312; -0.0006541094857; -0.00218389027115
24930.464155774; -0.00065183126369; -0.00220531459935
24933.38548551487; -0.000647931835309; -0.00222609594949
24936.30681525575; -0.000645200317192; -0.00224703251008
24939.22814499662; -0.000641931578844; -0.00226744845329
24942.1494747375; -0.00063823263995; -0.00228916613246
24945.07080447837; -0.00063591324735; -0.00230978800339
24947.99213421925; -0.000632803399738; -0.00233086388475
24950.91346396012; -0.000629711328996; -0.00235102702265
24953.83479370099; -0.000626016171772; -0.00237090128788
24956.75612344187; -0.000623005023958; -0.00239205095768
24959.67745318274; -0.000620510355079; -0.00241222780931
24962.59878292362; -0.000617711511921; -0.00243162475732
24965.52011266449; -0.000615200826582; -0.0024521782402
24968.44144240536; -0.000611985119993; -0.00247164432373
24971.36277214624; -0.000609517807659; -0.0024923990491
24974.28410188711; -0.000606616994656; -0.00251219981689
24977.20543162799; -0.000602485572261; -0.00253075555047
24980.12676136887; -0.000600691536031; -0.00255085611578
24983.04809110974; -0.000598206828987; -0.0025697395052
24985.96942085061; -0.000595073742965; -0.0025894191968
24988.89075059149; -0.000591854904485; -0.00260868487962
24991.81208033236; -0.000588822830064; -0.00262765133915
24994.73341007324; -0.000586916295607; -0.00264718359717
24997.65473981411; -0.000584936806337; -0.0026656642696
25000.57606955498; -0.000581136448606; -0.00268405648091
25003.49739929586; -0.000579143945226; -0.00270327559952
25006.41872903673; -0.00057594602643; -0.00272227742141
25009.34005877761; -0.000574228945686; -0.00274055483723
25012.26138851848; -0.00057093064376; -0.00275787386086
25015.18271825936; -0.000569592523444; -0.0027766496582
25018.10404800023; -0.000565665221049; -0.00279533432901
25021.02537774111; -0.000564035482402; -0.00281291607772
25023.94670748198; -0.000561597908033; -0.00283181239009
25026.86803722286; -0.000558965552798; -0.00284956276936
25029.78936696373; -0.000556856182436; -0.00286753637014
25032.71069670461; -0.000553353765126; -0.00288611247609
25035.63202644548; -0.000551767537948; -0.00290309424058
25038.55335618635; -0.000549859395084; -0.00292071777665
25041.47468592723; -0.000547069458285; -0.00293873085315
25044.3960156681; -0.000544637328993; -0.002956070419
25047.31734540898; -0.000542080707458; -0.00297355126672
25050.23867514985; -0.000540119152752; -0.0029909064818
25053.16000489072; -0.000537048572318; -0.00300765180706
25056.0813346316; -0.00053537981442; -0.00302532822535
25059.00266437247; -0.00053275563184; -0.00304227636929
25061.92399411335; -0.00053055805037; -0.00305879641656
25064.84532385422; -0.000529207463105; -0.00307586332097
25067.7666535951; -0.000526090800781; -0.00309266199431
25070.68798333597; -0.000524462452308; -0.00310930657044
25073.60931307685; -0.000522208352336; -0.00312670451766
25076.53064281772; -0.000520136695437; -0.00314287108148
25079.4519725586; -0.000517914916928; -0.00315955892954
25082.37330229947; -0.000515256308394; -0.00317502953509
25085.29463204034; -0.000513190702813; -0.0031925787051
25088.21596178122; -0.000511467416365; -0.00320871712659
25091.13729152209; -0.000509006604586; -0.0032245847539
25094.05862126297; -0.000507485194568; -0.00324055395767
25096.97995100384; -0.000504908435283; -0.00325690185316
25099.90128074471; -0.000503263537881; -0.00327316387805
25102.82261048559; -0.000500586950858; -0.00328925934893
25105.74394022646; -0.000498968135599; -0.00330522538257
25108.66526996734; -0.000496503983464; -0.00331951887111
25111.58659970821; -0.000495464198036; -0.00333649038292
25114.50792944909; -0.000493461289045; -0.00335238555893
25117.42925918996; -0.00049076782955; -0.003368343632
25120.35058893084; -0.000489289492918; -0.00338353047995
25123.27191867171; -0.000487136843014; -0.00339856268329
25126.19324841259; -0.000485239742692; -0.00341379165069
25129.11457815346; -0.000483323832409; -0.00342891578212
25132.03590789433; -0.000480659575871; -0.00344431474957
25134.95723763521; -0.00047919216601; -0.00345990586661
25137.87856737608; -0.000477854126003; -0.00347422137446
25140.79989711696; -0.00047615904042; -0.00348945428022
25143.72122685783; -0.000473277282921; -0.00350507024055
25146.64255659871; -0.000472730895789; -0.00351929855384
25149.56388633958; -0.000469831584269; -0.00353461166852
25152.48521608045; -0.000467502624917; -0.00354892953618
25155.40654582133; -0.000465343996081; -0.00356366255947
25158.32787556221; -0.000464677126531; -0.00357743951576
25161.24920530308; -0.000462917930338; -0.00359285510352
25164.17053504395; -0.000461059395415; -0.00360743022802
25167.09186478483; -0.000459303522809; -0.00362216341254
25170.0131945257; -0.000457892574449; -0.00363718296117
25172.93452426658; -0.000456274571124; -0.003651276257
25175.85585400745; -0.000454528433196; -0.00366517679175
25178.77718374832; -0.000452018944181; -0.00367927188929
25181.6985134892; -0.00045095405347; -0.00369367997778
25184.61984323007; -0.000450531003104; -0.00370665012221
25187.54117297095; -0.000447182017375; -0.00372193867139
25190.46250271182; -0.000445773880671; -0.00373483151033
25193.3838324527; -0.000444004773875; -0.00374932294639
25196.30516219357; -0.000442634621485; -0.0037637540049
25199.22649193445; -0.000440441255767; -0.00377648068523
25202.14782167532; -0.000438822717203; -0.00379097093066
25205.0691514162; -0.000437930115652; -0.00380433847763
25207.99048115707; -0.000436429691088; -0.00381837151982
25210.91181089795; -0.000433982816047; -0.00383178327358
25213.83314063882; -0.000432719485186; -0.00384520776575
25216.75447037969; -0.000431547470633; -0.0038590346343
25219.67580012057; -0.000430042662929; -0.00387211839713
25222.59712986144; -0.000428060219232; -0.00388646615652
25225.51845960232; -0.000426379244929; -0.00389891163628
25228.43978934319; -0.000425482868784; -0.00391163353293
25231.36111908406; -0.000423484949173; -0.00392555318034
25234.28244882494; -0.000422090943056; -0.00393849055931
25237.20377856581; -0.000420753841293; -0.00395153813454
25240.12510830669; -0.000419156855961; -0.00396572006194
25243.04643804756; -0.000418737020949; -0.00397805109738
25245.96776778844; -0.000416409328384; -0.00399058147913
25248.88909752931; -0.000415198674662; -0.00400438437164
25251.81042727019; -0.00041349350332; -0.0040168458794
25254.73175701106; -0.000412044557724; -0.00402871511561
25257.65308675194; -0.000410594965811; -0.00404217867072
25260.57441649281; -0.000409561968018; -0.00405554285803
25263.49574623368; -0.000407531785637; -0.00406801774391
25266.41707597456; -0.000406446267784; -0.00407981346314
25269.33840571543; -0.000404873882036; -0.00409248467444
25272.25973545631; -0.000403177428972; -0.00410519874567
25275.18106519718; -0.000402046598317; -0.00411774357132
25278.10239493805; -0.000400521139087; -0.00412944145945
25281.02372467893; -0.00040009312688; -0.00414171991506
25283.9450544198; -0.000398251181118; -0.00415394934081
25286.86638416068; -0.00039613745754; -0.00416603841785
25289.78771390155; -0.000395175691229; -0.00417838454181
25292.70904364243; -0.000395025978316; -0.00419057577509
25295.6303733833; -0.000392335894407; -0.0042038753997
25298.55170312418; -0.000391343796508; -0.00421461974764
25301.47303286505; -0.000390440688113; -0.00422700510624
25304.39436260593; -0.000389989688731; -0.00423979630234
25307.3156923468; -0.000387135999634; -0.0042519672521
25310.23702208767; -0.000386477373587; -0.00426245721216
25313.15835182855; -0.000384998684873; -0.00427444017969
25316.07968156942; -0.000384111070315; -0.0042866250398
25319.0010113103; -0.000382475001963; -0.00429885584734
25321.92234105117; -0.000380993676596; -0.00431077770045
25324.84367079205; -0.000380349938223; -0.0043208759696
25327.76500053292; -0.000378906030545; -0.00433349646003
25330.68633027379; -0.00037816566602; -0.00434514727557
25333.60766001467; -0.000376519260827; -0.00435536224531
25336.52898975554; -0.000375173585787; -0.00436761070372
25339.45031949642; -0.000373829768619; -0.00437849971889
25342.37164923729; -0.000372243586597; -0.00439033504922
25345.29297897817; -0.00037144375422; -0.00440171743953
25348.21430871904; -0.000370313486957; -0.0044128001064
25351.13563845992; -0.000369219831525; -0.00442444134249
25354.05696820079; -0.00036844453273; -0.00443625687154
25356.97829794166; -0.000367034949467; -0.00444774276672
25359.89962768254; -0.000366513559385; -0.00445777521247
25362.82095742341; -0.000364731539789; -0.00446935595854
25365.74228716429; -0.000363211303403; -0.00448114851449
25368.66361690516; -0.00036262048848; -0.00449209522703
25371.58494664604; -0.000361176991732; -0.00450269467674
25374.50627638691; -0.000360153850157; -0.00451338338012
25377.42760612779; -0.00035944692911; -0.0045248169447
25380.34893586866; -0.000357977874303; -0.00453477339313
25383.27026560954; -0.00035745812986; -0.00454600715185
25386.19159535041; -0.000355218165859; -0.00455727094946
25389.11292509129; -0.000354736139495; -0.0045672257524
25392.03425483216; -0.000353701679219; -0.00457728498576
25394.95558457303; -0.000353120755592; -0.00458870768904
25397.87691431391; -0.000351919580237; -0.00459995267084
25400.79824405478; -0.000351827129067; -0.00461009427584
25403.71957379566; -0.000349483904049; -0.00462072258458
25406.64090353653; -0.000348333676346; -0.00463202204402
25409.5622332774; -0.000347506571579; -0.00464145443671
25412.48356301828; -0.000346323364942; -0.00465204940682
25415.40489275915; -0.000345857403115; -0.0046619480138
25418.32622250003; -0.000343424810279; -0.00467313211466
25421.2475522409; -0.000343960550259; -0.0046825530568
25424.16888198178; -0.000341831823544; -0.00469316137826
25427.09021172265; -0.000341658326674; -0.00470431615439
25430.01154146353; -0.000340133306451; -0.0047138278756
25432.9328712044; -0.000338811554368; -0.00472450879171
25435.85420094528; -0.000339146365702; -0.00473440542882
25438.77553068615; -0.000337933930031; -0.00474485038809
25441.69686042702; -0.000336332743486; -0.00475411566162
25444.6181901679; -0.00033587092318; -0.00476492236853
25447.53951990877; -0.000334364006369; -0.00477555067458
25450.46084964965; -0.000334275272329; -0.00478540439293
25453.38217939052; -0.00033366043314; -0.00479523742197
25456.30350913139; -0.000331737180905; -0.0048042732136
25459.22483887227; -0.000331253219513; -0.00481495941256
25462.14616861314; -0.000330453973529; -0.00482394704111
25465.06749835402; -0.00032985493495; -0.00483399336406
25467.98882809489; -0.000327603849329; -0.00484452472357
25470.91015783577; -0.000327219703751; -0.0048546188622
25473.83148757664; -0.000326727615935; -0.00486449860291
25476.75281731752; -0.000325600897338; -0.00487350540297
25479.67414705839; -0.000325378665386; -0.00488254958718
25482.59547679927; -0.000323701338597; -0.0048927336201
25485.51680654014; -0.000322497454587; -0.00490245823944
25488.43813628102; -0.000321539194941; -0.0049122877092
25491.35946602189; -0.000322162744794; -0.00492201278001
25494.28079576276; -0.000320504352045; -0.00493043618464
25497.20212550364; -0.00031999183109; -0.00494047693166
25500.12345524451; -0.00031838924437; -0.00494944672934
25503.04478498539; -0.000318168649596; -0.00495933585596
25505.96611472626; -0.000317532345407; -0.00496939768044
25508.88744446713; -0.000316271655199; -0.00497834394555
25511.80877420801; -0.000314700679009; -0.00498684274926
