% Module: Sweep, ID: c0p1t8p1cfm0
% Devices: DEV646
% Time: 2025/12/04 16:48:58
% Demod 1 Sample X, /dev646/demods/0/sample.X
% Demod 1 Sample Y, /dev646/demods/0/sample.Y
% Frequency (Hz); Demod 1 Sample X  Amplitude (V); Demod 1 Sample Y  Amplitude (V)
22626.96497259886; -0.000204579225697; -0.0133090993612
22630.07336665186; -0.000203092363173; -0.0133202528778
22633.18176070487; -0.000204173422193; -0.013333781725
22636.29015475787; -0.000203540889904; -0.0133453530585
22639.39854881088; -0.000203862942439; -0.0133564465821
22642.50694286388; -0.000203984938417; -0.0133690752631
22645.61533691689; -0.000205202108463; -0.0133812812362
22648.72373096989; -0.000206127526946; -0.0133935010899
22651.83212502289; -0.000206687723199; -0.0134056456917
22654.9405190759; -0.000206978559057; -0.0134175562101
22658.0489131289; -0.000207784667216; -0.0134294124882
22661.15730718191; -0.00020782998148; -0.0134420021441
22664.26570123492; -0.000208296510546; -0.0134550322076
22667.37409528792; -0.000209426814348; -0.013467988741
22670.48248934092; -0.000209709538704; -0.0134805759054
22673.59088339393; -0.000210306151864; -0.013492682556
22676.69927744693; -0.000210980737601; -0.0135057463217
22679.80767149994; -0.000212191068087; -0.013517721298
22682.91606555294; -0.000213094824107; -0.0135309220657
22686.02445960595; -0.00021262147102; -0.0135436633197
22689.13285365895; -0.000214204201224; -0.0135563179001
22692.24124771196; -0.000215100869142; -0.0135691394403
22695.34964176496; -0.000215888068646; -0.0135825361006
22698.45803581797; -0.000216560231426; -0.0135945705001
22701.56642987097; -0.000216685838917; -0.013608451406
22704.67482392398; -0.000217381382031; -0.0136223078884
22707.78321797698; -0.000218517896538; -0.0136346249164
22710.89161202999; -0.000218764059063; -0.0136480978677
22714.00000608299; -0.000220023544176; -0.0136614982831
22717.108400136; -0.000220447387554; -0.0136754513386
22720.216794189; -0.000220597856016; -0.0136894419714
22723.325188242; -0.000222670725778; -0.0137025558893
22726.43358229501; -0.000222653533839; -0.0137163317163
22729.54197634802; -0.000223468034427; -0.0137291436925
22732.65037040102; -0.000223942369835; -0.0137435291161
22735.75876445403; -0.000224830878866; -0.0137565687004
22738.86715850703; -0.00022563651625; -0.01377139379
22741.97555256003; -0.000226724519523; -0.0137850329725
22745.08394661304; -0.000227821126842; -0.0138001698277
22748.19234066604; -0.000228149040692; -0.0138132843186
22751.30073471905; -0.000229396472479; -0.013826396796
22754.40912877205; -0.000229806024036; -0.0138412700084
22757.51752282506; -0.000230919208593; -0.0138556516915
22760.62591687806; -0.000231844173224; -0.0138696761844
22763.73431093107; -0.000232038439006; -0.0138836438128
22766.84270498407; -0.000232801763783; -0.0138974123562
22769.95109903708; -0.000234482143155; -0.0139124242371
22773.05949309008; -0.000235326565017; -0.0139269980499
22776.16788714309; -0.000236077849468; -0.0139417040568
22779.27628119609; -0.000237342817276; -0.0139571709809
22782.3846752491; -0.000237211847246; -0.0139700556621
22785.4930693021; -0.000238821791686; -0.0139856963072
22788.60146335511; -0.000239870904633; -0.014000599983
22791.70985740811; -0.000240993272475; -0.014014867983
22794.81825146112; -0.000241393951598; -0.014030633317
22797.92664551412; -0.00024207550782; -0.0140451262611
22801.03503956713; -0.000243402782289; -0.0140608489121
22804.14343362013; -0.000244066975954; -0.0140765820719
22807.25182767314; -0.000244763149616; -0.0140911780164
22810.36022172614; -0.000246680025913; -0.0141063164383
22813.46861577914; -0.000247366095738; -0.0141221634696
22816.57700983215; -0.00024826161787; -0.0141383303035
22819.68540388516; -0.000250045979885; -0.0141531360044
22822.79379793816; -0.000249643647046; -0.0141677686891
22825.90219199116; -0.000250874963679; -0.0141838726808
22829.01058604417; -0.000251807905886; -0.0142000798352
22832.11898009717; -0.000252797255362; -0.014215397945
22835.22737415018; -0.00025477238757; -0.0142309351921
22838.33576820319; -0.00025488160198; -0.0142466113842
22841.44416225619; -0.000256340007942; -0.0142637199724
22844.55255630919; -0.000256833478163; -0.0142794091905
22847.6609503622; -0.00025801049748; -0.0142952474153
22850.7693444152; -0.000259854572196; -0.0143124347289
22853.87773846821; -0.000260855844996; -0.0143283863538
22856.98613252121; -0.000260755419635; -0.0143451029307
22860.09452657422; -0.000262721705255; -0.0143617415629
22863.20292062722; -0.000263949411067; -0.0143781748039
22866.31131468023; -0.000265211365062; -0.0143947630965
22869.41970873323; -0.000266240343413; -0.0144111219041
22872.52810278624; -0.000267365147675; -0.0144282438806
22875.63649683924; -0.00026768888208; -0.01444469969
22878.74489089225; -0.000269203815083; -0.0144628445321
22881.85328494525; -0.000269782396214; -0.01447984854
22884.96167899826; -0.000271216075053; -0.0144967012303
22888.07007305126; -0.000272138265183; -0.0145137599033
22891.17846710427; -0.00027293967889; -0.0145296893473
22894.28686115727; -0.000275496558429; -0.0145480837137
22897.39525521027; -0.000275169510053; -0.0145648674609
22900.50364926328; -0.000276936466742; -0.0145832169118
22903.61204331628; -0.000278324115998; -0.0146006754689
22906.72043736929; -0.00027998475478; -0.0146179569939
22909.8288314223; -0.000280255710275; -0.0146363724677
22912.9372254753; -0.000281286875811; -0.0146538847783
22916.0456195283; -0.000283387336584; -0.0146729092144
22919.15401358131; -0.000284845264231; -0.0146907025363
22922.26240763431; -0.000284750001329; -0.0147087779259
22925.37080168732; -0.000287302854733; -0.0147272426155
22928.47919574032; -0.000288443200064; -0.0147460503679
22931.58758979333; -0.000289631470388; -0.0147644546445
22934.69598384633; -0.000290433153945; -0.0147825162248
22937.80437789934; -0.00029211534042; -0.0148020092642
22940.91277195234; -0.000293702774768; -0.0148205111432
22944.02116600535; -0.000295228179767; -0.0148397604078
22947.12956005835; -0.000296696887492; -0.0148578959144
22950.23795411136; -0.000297211696172; -0.0148780470425
22953.34634816436; -0.000300389164675; -0.0148971670576
22956.45474221737; -0.000300177989497; -0.0149169943184
22959.56313627037; -0.000301850664759; -0.0149368730194
22962.67153032338; -0.000303214547598; -0.0149567520123
22965.77992437638; -0.000304310650756; -0.0149754126067
22968.88831842938; -0.000306810228783; -0.0149952625308
22971.99671248239; -0.000308121264558; -0.015014058364
22975.1051065354; -0.000309832647142; -0.0150356752635
22978.2135005884; -0.000311564691485; -0.0150555720212
22981.32189464141; -0.000312618364343; -0.0150755799857
22984.43028869441; -0.000314478975604; -0.0150952062404
22987.53868274741; -0.000315987342051; -0.0151163151694
22990.64707680042; -0.00031684940455; -0.0151365777939
22993.75547085343; -0.000320372939393; -0.0151569558981
22996.86386490643; -0.000321151242847; -0.0151788973461
22999.97225895943; -0.00032220754282; -0.0151987574831
23003.08065301244; -0.000324348921486; -0.0152190891354
23006.18904706544; -0.000325898636679; -0.0152416638741
23009.29744111845; -0.000328435667164; -0.015262456365
23012.40583517145; -0.000329926478975; -0.0152839783859
23015.51422922446; -0.000331806732748; -0.0153041832096
23018.62262327746; -0.000332482452347; -0.0153260831073
23021.73101733047; -0.00033424816748; -0.0153471849769
23024.83941138347; -0.000336433800087; -0.0153700731112
23027.94780543648; -0.000338559174062; -0.0153910894886
23031.05619948948; -0.000340089791981; -0.0154141871631
23034.16459354249; -0.000342100569161; -0.0154355307759
23037.27298759549; -0.000344080898675; -0.0154586436096
23040.3813816485; -0.000345351957646; -0.015481993782
23043.4897757015; -0.000347844612035; -0.0155036729368
23046.59816975451; -0.00034922729299; -0.0155273634157
23049.70656380751; -0.000351607656616; -0.015549606134
23052.81495786052; -0.000353227298887; -0.0155727666209
23055.92335191352; -0.000354797086368; -0.0155954778536
23059.03174596652; -0.000357117159131; -0.0156186283362
23062.14014001953; -0.000359240125764; -0.0156421374619
23065.24853407254; -0.000360986070844; -0.0156658531688
23068.35692812554; -0.000362182788289; -0.0156895417586
23071.46532217854; -0.000364620119347; -0.015712977641
23074.57371623155; -0.000366780028432; -0.0157364328797
23077.68211028455; -0.000368971769358; -0.0157612009536
23080.79050433756; -0.00037065939291; -0.0157854901017
23083.89889839057; -0.000373417565947; -0.015808836221
23087.00729244357; -0.00037536879489; -0.0158337418993
23090.11568649657; -0.000376935847562; -0.0158588407494
23093.22408054958; -0.000379879096634; -0.0158834939837
23096.33247460258; -0.00038161898832; -0.0159092734805
23099.44086865559; -0.000384609704071; -0.0159341407991
23102.54926270859; -0.000386558822599; -0.0159596289914
23105.6576567616; -0.0003885951953; -0.0159844464028
23108.7660508146; -0.000391532464517; -0.0160085719082
23111.87444486761; -0.000393044635634; -0.016035665197
23114.98283892061; -0.000396123728421; -0.016061720532
23118.09123297362; -0.000398309161641; -0.0160878368382
23121.19962702662; -0.000400137188742; -0.016113779934
23124.30802107963; -0.000402677821433; -0.0161415478049
23127.41641513263; -0.000405295592767; -0.0161672226867
23130.52480918564; -0.000407918604561; -0.0161941071818
23133.63320323864; -0.000410114240927; -0.0162212151343
23136.74159729165; -0.000413768025328; -0.0162470071201
23139.84999134465; -0.000415079187413; -0.0162748794454
23142.95838539765; -0.000418823719344; -0.0163017861894
23146.06677945066; -0.00042096968623; -0.0163297827687
23149.17517350367; -0.000423328384777; -0.0163579907097
23152.28356755667; -0.000426202348318; -0.0163859928164
23155.39196160968; -0.00042852190292; -0.0164143315008
23158.50035566268; -0.000430454620752; -0.016442584573
23161.60874971568; -0.000432850993608; -0.0164714684321
23164.71714376869; -0.000435677444469; -0.0165000965399
23167.82553782169; -0.000438994973747; -0.0165289437363
23170.9339318747; -0.000441412239287; -0.0165579511324
23174.0423259277; -0.000443917869861; -0.0165872182633
23177.15071998071; -0.000447122542677; -0.0166163372016
23180.25911403371; -0.000450016304656; -0.0166462777859
23183.36750808672; -0.000453385237901; -0.0166764406895
23186.47590213972; -0.000456613902676; -0.0167074005367
23189.58429619273; -0.000459681402605; -0.0167372464066
23192.69269024573; -0.000462486320465; -0.0167669168678
23195.80108429874; -0.000465579639994; -0.0167980412214
23198.90947835174; -0.000468683276055; -0.0168278773056
23202.01787240475; -0.000472068128298; -0.0168592412309
23205.12626645775; -0.000475566272701; -0.0168910888223
23208.23466051076; -0.000478465165292; -0.0169228046467
23211.34305456376; -0.000482069583832; -0.016955331607
23214.45144861677; -0.000485070042185; -0.0169871575142
23217.55984266977; -0.000489248008631; -0.0170191593772
23220.66823672278; -0.000491655499724; -0.0170529307724
23223.77663077578; -0.00049534978432; -0.0170852720625
23226.88502482879; -0.000498251676262; -0.0171171719758
23229.99341888179; -0.000501673185106; -0.0171499556528
23233.10181293479; -0.000505218633956; -0.0171833980251
23236.2102069878; -0.000509138318934; -0.0172177687899
23239.31860104081; -0.000513281947966; -0.0172508461851
23242.42699509381; -0.000516517457762; -0.0172866654632
23245.53538914681; -0.000519547059378; -0.0173205921154
23248.64378319982; -0.000523295344748; -0.0173554530945
23251.75217725282; -0.000528301070741; -0.0173898473532
23254.86057130583; -0.000531062336899; -0.017425117347
23257.96896535883; -0.000535359280357; -0.017461465808
23261.07735941184; -0.000540060188831; -0.0174958433584
23264.18575346484; -0.000543089978834; -0.0175323958367
23267.29414751785; -0.000547301288912; -0.0175684536874
23270.40254157085; -0.000551534118606; -0.0176050199348
23273.51093562386; -0.000555126203431; -0.0176423300163
23276.61932967686; -0.00055978302012; -0.0176787168788
23279.72772372987; -0.000563773481188; -0.0177165511668
23282.83611778287; -0.000568569928723; -0.0177552672663
23285.94451183588; -0.000572375488297; -0.0177912666845
23289.05290588888; -0.00057678796441; -0.0178294384533
23292.16129994189; -0.000580399908596; -0.0178681432641
23295.26969399489; -0.00058586370338; -0.0179077446254
23298.3780880479; -0.000590625010257; -0.0179468477195
23301.4864821009; -0.000595160280743; -0.0179860284324
23304.59487615391; -0.000598839389969; -0.0180263387717
23307.70327020691; -0.000603312718799; -0.018066055086
23310.81166425992; -0.000608334052553; -0.018106674705
23313.92005831292; -0.000613138901054; -0.0181475466293
23317.02845236592; -0.000618337862891; -0.0181883854726
23320.13684641893; -0.000622894010291; -0.0182291784111
23323.24524047193; -0.000627572119669; -0.0182715688075
23326.35363452494; -0.000633150877945; -0.0183135635052
23329.46202857795; -0.00063848502741; -0.0183559108191
23332.57042263095; -0.000643251883751; -0.0183976734624
23335.67881668395; -0.000648765014395; -0.0184409988171
23338.78721073696; -0.000653951662132; -0.0184851160503
23341.89560478996; -0.000658661907663; -0.0185292837612
23345.00399884297; -0.000664281894067; -0.0185735615877
23348.11239289597; -0.000670240368704; -0.018616875665
23351.22078694898; -0.000675557753237; -0.0186608110793
23354.32918100198; -0.000681637084143; -0.018706771662
23357.43757505499; -0.000687337031231; -0.0187526852916
23360.54596910799; -0.000692788330835; -0.0187982962198
23363.654363161; -0.000698933989998; -0.0188449078709
23366.762757214; -0.000704436207793; -0.0188921626852
23369.87115126701; -0.00071133297979; -0.018939535855
23372.97954532001; -0.000717679515753; -0.0189873948165
23376.08793937302; -0.000724530101319; -0.0190347582397
23379.19633342602; -0.000729567784; -0.0190833479783
23382.30472747903; -0.000736814804397; -0.0191325487059
23385.41312153203; -0.000742895407321; -0.0191827364299
23388.52151558503; -0.000750203713673; -0.0192317361796
23391.62990963804; -0.000755963068997; -0.0192830646935
23394.73830369105; -0.000762871844011; -0.019332448514
23397.84669774405; -0.000769487773986; -0.0193835041754
23400.95509179706; -0.000776292399279; -0.0194349742781
23404.06348585006; -0.000783370949802; -0.0194858221728
23407.17187990306; -0.000790859748353; -0.0195390014693
23410.28027395607; -0.000797163826862; -0.0195928917849
23413.38866800907; -0.000804779071917; -0.019645988498
23416.49706206208; -0.000813267974637; -0.0197003422926
23419.60545611508; -0.000820050657; -0.0197549369186
23422.71385016809; -0.000828464785188; -0.0198089771935
23425.82224422109; -0.000836187156315; -0.0198656537461
23428.9306382741; -0.000843790947898; -0.0199200116661
23432.0390323271; -0.00085132391739; -0.0199768956615
23435.14742638011; -0.000860486388218; -0.0200335908501
23438.25582043311; -0.00086873207007; -0.0200920810887
23441.36421448612; -0.0008763509561; -0.0201508509733
23444.47260853912; -0.000885277328316; -0.0202100208946
23447.58100259213; -0.000894208717218; -0.0202695289871
23450.68939664513; -0.00090339336344; -0.0203288512327
23453.79779069814; -0.000911271198333; -0.0203898138879
23456.90618475114; -0.000921175178856; -0.0204514185178
23460.01457880415; -0.000930085087374; -0.0205128327966
23463.12297285715; -0.000940517310308; -0.0205750724227
23466.23136691016; -0.000949981687536; -0.0206388530613
23469.33976096316; -0.000958738143857; -0.0207020418135
23472.44815501617; -0.000969205718605; -0.0207664315622
23475.55654906917; -0.000979527280262; -0.0208297124332
23478.66494312217; -0.000990035759827; -0.0208970088133
23481.77333717518; -0.000999973396986; -0.0209635069796
23484.88173122819; -0.00101049842717; -0.0210298132263
23487.99012528119; -0.00102129890546; -0.0210978563078
23491.09851933419; -0.00103193401991; -0.0211666911048
23494.2069133872; -0.00104338909503; -0.0212343925741
23497.3153074402; -0.00105469171035; -0.0213043875629
23500.42370149321; -0.00106622833341; -0.0213757021989
23503.53209554622; -0.00107709103174; -0.021446633104
23506.64048959922; -0.00108951918157; -0.021518914126
23509.74888365222; -0.0011007109963; -0.021592352234
23512.85727770523; -0.00111322284263; -0.0216655608703
23515.96567175823; -0.00112632174683; -0.0217405457289
23519.07406581124; -0.00113904378071; -0.0218167234673
23522.18245986424; -0.00115185216321; -0.0218928630343
23525.29085391725; -0.00116427638721; -0.0219694465184
23528.39924797025; -0.00117775239727; -0.0220472634417
23531.50764202326; -0.00119105606163; -0.0221262493006
23534.61603607626; -0.001205562961; -0.0222054708398
23537.72443012927; -0.00121853341266; -0.0222857525202
23540.83282418227; -0.00123355842483; -0.022366666534
23543.94121823528; -0.00124707128311; -0.0224491603675
23547.04961228828; -0.00126112154101; -0.0225321071066
23550.15800634129; -0.00127624892619; -0.0226168498636
23553.26640039429; -0.00129114006397; -0.0227022811432
23556.3747944473; -0.00130618413803; -0.0227891330759
23559.4831885003; -0.00132267666937; -0.022875332615
23562.5915825533; -0.00133797436336; -0.0229661224911
23565.69997660631; -0.00135525133739; -0.0230538931861
23568.80837065931; -0.00137290160531; -0.0231457310109
23571.91676471232; -0.00138983177538; -0.023237592727
23575.02515876533; -0.00140609560374; -0.0233294010813
23578.13355281833; -0.00142587766127; -0.0234240366109
23581.24194687133; -0.00144338585246; -0.0235193447233
23584.35034092434; -0.00146198843201; -0.0236166594264
23587.45873497734; -0.00148028595666; -0.0237136509663
23590.56712903035; -0.00149996576664; -0.0238130943207
23593.67552308336; -0.00152001427297; -0.0239134910615
23596.78391713636; -0.00153934014412; -0.0240156253808
23599.89231118936; -0.00156136779364; -0.0241163883492
23603.00070524237; -0.00158106517857; -0.0242201672113
23606.10909929537; -0.00160345708169; -0.0243274032508
23609.21749334838; -0.00162467301783; -0.0244340779557
23612.32588740138; -0.00164832008862; -0.0245426438629
23615.43428145439; -0.00167046729663; -0.0246526315429
23618.54267550739; -0.00169355389193; -0.0247635030355
23621.6510695604; -0.00171827184137; -0.0248771191465
23624.7594636134; -0.00174180952083; -0.0249920393454
23627.86785766641; -0.00176645507046; -0.0251059557585
23630.97625171941; -0.00179320945329; -0.0252244239813
23634.08464577241; -0.00181804860777; -0.0253439229671
23637.19303982542; -0.00184497711794; -0.0254643127329
23640.30143387843; -0.0018723848759; -0.0255874819633
23643.40982793143; -0.00189969159933; -0.0257118917705
23646.51822198444; -0.00192884021161; -0.0258373308342
23649.62661603744; -0.00195743459286; -0.0259650189818
23652.73501009044; -0.00198622738342; -0.0260940980005
23655.84340414345; -0.00201741055445; -0.0262251110329
23658.95179819645; -0.00204763629307; -0.026358920008
23662.06019224946; -0.00207924582135; -0.0264946688582
23665.16858630246; -0.00211211059784; -0.0266323062325
23668.27698035547; -0.00214501537559; -0.026771662172
23671.38537440847; -0.00217870414088; -0.0269137239397
23674.49376846148; -0.002213787871; -0.027056410089
23677.60216251448; -0.00224887970776; -0.0272023490778
23680.71055656749; -0.00228628378318; -0.0273530477746
23683.81895062049; -0.00232465830757; -0.0275026882167
23686.9273446735; -0.00236291430781; -0.0276555701992
23690.0357387265; -0.00240124826631; -0.027809802901
23693.14413277951; -0.00244256046531; -0.0279687841829
23696.25252683251; -0.00248350827432; -0.0281280317148
23699.36092088552; -0.00252614599323; -0.028290779862
23702.46931493852; -0.00257018509543; -0.0284573465305
23705.57770899153; -0.00261481997571; -0.0286257577684
23708.68610304453; -0.00266089788726; -0.0287964030182
23711.79449709754; -0.00270775532698; -0.0289723900764
23714.90289115054; -0.00275556672328; -0.0291483583836
23718.01128520355; -0.00280561959346; -0.029329477979
23721.11967925655; -0.00285704022368; -0.0295118601342
23724.22807330955; -0.00290871030578; -0.0296961259432
23727.33646736256; -0.00296334452817; -0.0298862614279
23730.44486141557; -0.00301803462375; -0.0300800861468
23733.55325546857; -0.00307593727703; -0.0302773082057
23736.66164952157; -0.00313399330789; -0.0304772106093
23739.77004357458; -0.00319473706785; -0.0306801229792
23742.87843762758; -0.00325679158089; -0.0308874640166
23745.98683168059; -0.00332067626007; -0.0310975427723
23749.0952257336; -0.00338529311542; -0.0313136882647
23752.2036197866; -0.00345442063398; -0.0315326957164
23755.3120138396; -0.00352352254018; -0.0317559607856
23758.42040789261; -0.00359487942167; -0.0319825858817
23761.52880194561; -0.00366951362132; -0.0322136747087
23764.63719599862; -0.00374561010814; -0.0324499932048
23767.74559005162; -0.00382411602255; -0.0326909075519
23770.85398410463; -0.00390571834237; -0.0329357351175
23773.96237815763; -0.00398967018815; -0.0331861328084
23777.07077221064; -0.00407657151917; -0.0334427681039
23780.17916626364; -0.00416582359293; -0.0337015638171
23783.28756031665; -0.00425783803686; -0.0339673631385
23786.39595436965; -0.00435238925512; -0.0342383968391
23789.50434842266; -0.004452489092; -0.0345165517505
23792.61274247566; -0.00455316667622; -0.0347975295313
23795.72113652867; -0.00465910372523; -0.0350876732902
23798.82953058167; -0.00476772109146; -0.0353823295737
23801.93792463468; -0.00488045557689; -0.0356839831073
23805.04631868768; -0.00499802110288; -0.0359925550698
23808.15471274068; -0.00511943306049; -0.0363072789767
23811.26310679369; -0.00524447953962; -0.036628260209
23814.3715008467; -0.00537516522312; -0.0369583708604
23817.4798948997; -0.00550971196221; -0.0372948826465
23820.58828895271; -0.00565033566734; -0.0376370785133
23823.69668300571; -0.00579480137833; -0.0379886784736
23826.80507705871; -0.00594554397413; -0.0383483322824
23829.91347111172; -0.00610296723552; -0.0387164808464
23833.02186516472; -0.00626448359046; -0.0390941166179
23836.13025921773; -0.00643462647854; -0.0394795744796
23839.23865327074; -0.0066111585082; -0.0398744239301
23842.34704732374; -0.00679416529597; -0.0402796676205
23845.45544137674; -0.00698535109055; -0.040693572116
23848.56383542975; -0.00718317761609; -0.0411187490144
23851.67222948275; -0.00739107620917; -0.0415538142487
23854.78062353576; -0.00760765904153; -0.0420015285798
23857.88901758876; -0.00783368562421; -0.0424586282926
23860.99741164177; -0.00806755188547; -0.0429296950115
23864.10580569477; -0.00831458507121; -0.0434121760718
23867.21419974778; -0.00857174627284; -0.0439067980904
23870.32259380078; -0.0088407597965; -0.0444168062007
23873.43098785379; -0.00912161100376; -0.044938786101
23876.53938190679; -0.009417559415; -0.0454767670829
23879.6477759598; -0.00972534272241; -0.0460262315949
23882.7561700128; -0.0100501992692; -0.0465946595799
23885.86456406581; -0.0103907575412; -0.0471764275085
23888.97295811881; -0.0107468649937; -0.0477745374216
23892.08135217182; -0.0111214092162; -0.0483900313476
23895.18974622482; -0.011515883764; -0.0490242427694
23898.29814027782; -0.0119313334364; -0.0496741426706
23901.40653433083; -0.012367854452; -0.0503429086849
23904.51492838384; -0.0128279501408; -0.0510314043446
23907.62332243684; -0.0133140472156; -0.0517414360974
23910.73171648984; -0.0138263502758; -0.0524709060917
23913.84011054285; -0.0143690367617; -0.0532222255128
23916.94850459585; -0.0149409841684; -0.0539921929681
23920.05689864886; -0.0155462014514; -0.0547856964793
23923.16529270186; -0.0161883721672; -0.0556048822726
23926.27368675487; -0.016866998964; -0.0564471496422
23929.38208080787; -0.0175888609939; -0.0573132512949
23932.49047486088; -0.0183547489256; -0.0582043826837
23935.59886891388; -0.0191697926087; -0.059123621812
23938.70726296689; -0.0200350548767; -0.0600623047686
23941.81565701989; -0.0209567620808; -0.061029295519
23944.9240510729; -0.0219399414058; -0.0620222302259
23948.0324451259; -0.0229884796371; -0.0630448419982
23951.14083917891; -0.0241101700763; -0.0640935682266
23954.24923323191; -0.0253095912765; -0.0651686020932
23957.35762728492; -0.0265934547354; -0.0662710174627
23960.46602133792; -0.0279695485372; -0.067396479455
23963.57441539093; -0.0294442726269; -0.0685410021264
23966.68280944393; -0.0310282528758; -0.0697091745531
23969.79120349694; -0.0327307044461; -0.0708915302601
23972.89959754994; -0.0345619361447; -0.072088008749
23976.00799160295; -0.0365311120664; -0.0732884723746
23979.11638565595; -0.038653734992; -0.0744936428752
23982.22477970895; -0.0409434147453; -0.0756923297052
23985.33317376196; -0.0434081848291; -0.0768724901997
23988.44156781496; -0.0460715172508; -0.0780268715743
23991.54996186797; -0.0489427261198; -0.0791326337524
23994.65835592098; -0.0520384830778; -0.0801753546815
23997.76674997398; -0.0553787204395; -0.0811342810578
24000.87514402698; -0.0589771635858; -0.0819793551858
24003.98353807999; -0.0628501851719; -0.0826843294435
24007.09193213299; -0.0670044772053; -0.0831994074604
24010.200326186; -0.071461139633; -0.0834916673669
24013.308720239; -0.076220623001; -0.0835044208301
24016.41711429201; -0.0812856951076; -0.0831846778114
24019.52550834501; -0.0866488817204; -0.0824642801696
24022.63390239802; -0.0922805500215; -0.0812651802539
24025.74229645102; -0.0981535706275; -0.0795169829699
24028.85069050403; -0.104205908786; -0.0771331760582
24031.95908455703; -0.110368013809; -0.0740384348762
24035.06747861004; -0.116533602287; -0.0701572861779
24038.17587266304; -0.122588198504; -0.0654366141973
24041.28426671605; -0.128377034203; -0.0598371954842
24044.39266076905; -0.133723695856; -0.0533552794642
24047.50105482206; -0.138464326639; -0.0460344645015
24050.60944887506; -0.142419956437; -0.0379538751376
24053.71784292806; -0.145421010518; -0.0292427432077
24056.82623698107; -0.147337162263; -0.0200736918604
24059.93463103408; -0.148083136644; -0.0106576023211
24063.04302508708; -0.147623484557; -0.00122154213091
24066.15141914009; -0.145982310014; 0.00800698568859
24069.25981319309; -0.143239674369; 0.0168194326436
24072.36820724609; -0.139523428034; 0.0250316901591
24075.4766012991; -0.134984137954; 0.032510802325
24078.5849953521; -0.129806755428; 0.0391652969428
24081.69338940511; -0.124161739925; 0.0449486918635
24084.80178345812; -0.118221533056; 0.0498569665516
24087.91017751112; -0.112137029133; 0.0539250797085
24091.01857156412; -0.10603481815; 0.0572033657957
24094.12696561713; -0.100017162391; 0.059760616042
24097.23535967013; -0.0941638645345; 0.0616720670602
24100.34375372314; -0.0885393215112; 0.063025435966
24103.45214777614; -0.0831711658163; 0.0638892988962
24106.56054182915; -0.0780885582925; 0.0643382114223
24109.66893588215; -0.0733063089018; 0.0644449491052
24112.77732993516; -0.068818891119; 0.0642583571166
24115.88572398816; -0.0646261428755; 0.0638381044189
24118.99411804117; -0.060718388269; 0.0632256257667
24122.10251209417; -0.0570833956559; 0.062462261598
24125.21090614718; -0.0537079186528; 0.061579987261
24128.31930020018; -0.0505736164461; 0.0606062084991
24131.42769425319; -0.0476623630004; 0.0595580703295
24134.53608830619; -0.0449638299316; 0.0584657685378
24137.6444823592; -0.0424599787328; 0.057338281383
24140.7528764122; -0.0401347516364; 0.0561857584903
24143.8612704652; -0.0379769613777; 0.0550239623445
24146.96966451821; -0.0359719035319; 0.053860461607
24150.07805857122; -0.0341067493922; 0.0527011854311
24153.18645262422; -0.0323709589672; 0.0515503003613
24156.29484667722; -0.0307572141002; 0.0504163550127
24159.40324073023; -0.0292511979072; 0.0492988029934
24162.51163478323; -0.0278454068323; 0.048199833849
24165.62002883624; -0.0265327607555; 0.047122864563
24168.72842288925; -0.0253051858102; 0.0460685198201
24171.83681694225; -0.0241564331668; 0.0450397240352
24174.94521099525; -0.0230812055238; 0.0440348585923
24178.05360504826; -0.0220731573275; 0.043056173137
24181.16199910126; -0.0211267606156; 0.0421015359324
24184.27039315427; -0.0202372760128; 0.0411734554443
24187.37878720727; -0.0194017963832; 0.0402723458964
24190.48718126028; -0.0186135747582; 0.039392316578
24193.59557531328; -0.0178721832752; 0.0385398341942
24196.70396936629; -0.0171737288161; 0.0377088510586
24199.81236341929; -0.0165138456656; 0.0369048778493
24202.9207574723; -0.0158905060665; 0.0361202260968
24206.0291515253; -0.015301179721; 0.0353593099397
24209.13754557831; -0.0147413525455; 0.0346170425452
24212.24593963131; -0.0142134684703; 0.0338971261824
24215.35433368432; -0.0137118821877; 0.0331966264324
24218.46272773732; -0.0132361338846; 0.0325164451317
24221.57112179033; -0.0127848655024; 0.0318559679114
24224.67951584333; -0.0123550681953; 0.0312113202188
24227.78790989633; -0.0119473496796; 0.030586730933
24230.89630394934; -0.0115585141651; 0.0299778558068
24234.00469800234; -0.0111880571684; 0.029386876325
24237.11309205535; -0.0108356501014; 0.0288112181969
24240.22148610836; -0.0104995965708; 0.0282491948092
24243.32988016136; -0.0101784398741; 0.0277043586914
24246.43827421436; -0.00987268108992; 0.027173052
24249.54666826737; -0.00957914537362; 0.0266558927461
24252.65506232037; -0.00929896237793; 0.0261527399289
24255.76345637338; -0.0090318183728; 0.0256629502075
24258.87185042639; -0.0087752916528; 0.0251839610361
24261.98024447939; -0.00853011714391; 0.0247176885019
24265.08863853239; -0.00829413850417; 0.0242645714322
24268.1970325854; -0.00806975990986; 0.0238211279352
24271.3054266384; -0.00785216447007; 0.023388713388
24274.41382069141; -0.00764440340896; 0.0229668701735
24277.52221474441; -0.00744378466444; 0.0225545356639
24280.63060879742; -0.00725239326791; 0.0221525323199
24283.73900285042; -0.00706805967661; 0.0217606919804
24286.84739690343; -0.00689137647178; 0.0213781490205
24289.95579095643; -0.00671979199074; 0.0210041085115
24293.06418500944; -0.00655625997248; 0.0206389780523
24296.17257906244; -0.00639640320078; 0.0202818847587
24299.28097311544; -0.00624462067178; 0.0199325659411
24302.38936716845; -0.00609785908014; 0.0195917682499
24305.49776122146; -0.00595604928841; 0.0192585735862
24308.60615527446; -0.00581933277948; 0.0189324226229
24311.71454932747; -0.00568778456363; 0.0186140838609
24314.82294338047; -0.00555980711037; 0.0183005448108
24317.93133743347; -0.00543591121088; 0.0179954353524
24321.03973148648; -0.00531719380831; 0.0176952964363
24324.14812553948; -0.00520196727074; 0.0174022256587
24327.25651959249; -0.00509046337532; 0.0171151882323
24330.3649136455; -0.00498168759767; 0.0168347134301
24333.4733076985; -0.00487812610183; 0.0165594626376
24336.5817017515; -0.00477657266899; 0.0162884507897
24339.69009580451; -0.00467841641579; 0.0160239132497
24342.79848985751; -0.00458349264812; 0.015765508637
24345.90688391052; -0.00449235176462; 0.0155110568104
24349.01527796352; -0.00440366967564; 0.0152624692029
24352.12367201653; -0.00431701140534; 0.0150177091483
24355.23206606953; -0.00423427599459; 0.0147797429096
24358.34046012254; -0.00415192872225; 0.0145452287443
24361.44885417554; -0.00407413972011; 0.0143138726756
24364.55724822855; -0.00399723170582; 0.0140888702409
24367.66564228155; -0.00392236158664; 0.0138671546847
24370.77403633456; -0.00385065630954; 0.0136496767716
24373.88243038756; -0.0037801325576; 0.0134354695099
24376.99082444057; -0.00371210957724; 0.0132259348086
24380.09921849357; -0.00364637630959; 0.0130196068831
24383.20761254658; -0.00358238199239; 0.0128180456925
24386.31600659958; -0.00351953584516; 0.0126194060837
24389.42440065258; -0.00345778345068; 0.0124247778442
24392.53279470559; -0.00339887767965; 0.0122323592136
24395.6411887586; -0.00334131369592; 0.0120447504543
24398.7495828116; -0.00328453086498; 0.0118585913042
24401.85797686461; -0.00322998760843; 0.0116764574427
24404.96637091761; -0.00317690404693; 0.0114961958161
24408.07476497061; -0.0031253510352; 0.0113211738603
24411.18315902362; -0.00307484069071; 0.0111468780899
24414.29155307663; -0.00302414634412; 0.0109769604019
24417.39994712963; -0.00297754561916; 0.0108093400413
24420.50834118263; -0.00292981010202; 0.0106442659046
24423.61673523564; -0.00288436840542; 0.0104816965252
24426.72512928864; -0.0028389170086; 0.0103212539926
24429.83352334165; -0.00279629541862; 0.010163872412
24432.94191739465; -0.0027540678142; 0.0100093456335
24436.05031144766; -0.00271203403349; 0.00985661222627
24439.15870550066; -0.00267138151493; 0.00970677820502
24442.26709955367; -0.00263102262928; 0.00955949342135
24445.37549360667; -0.00259302773786; 0.00941312748699
24448.48388765968; -0.00255431472724; 0.00927014257536
24451.59228171268; -0.00251776394773; 0.00912889862182
24454.70067576569; -0.00248147921519; 0.00898908759172
24457.80906981869; -0.00244620341071; 0.00885164248496
24460.9174638717; -0.00241242865965; 0.00871639070523
24464.0258579247; -0.00237754501102; 0.00858334207759
24467.13425197771; -0.00234526338927; 0.00845264014116
24470.24264603071; -0.00231277186058; 0.00832267325342
24473.35104008371; -0.00228165380649; 0.00819535541569
24476.45943413672; -0.00225125270451; 0.00806925618218
24479.56782818973; -0.00222140191234; 0.00794530486197
24482.67622224273; -0.00219104727872; 0.00782339129979
24485.78461629574; -0.00216163143147; 0.00770361641031
24488.89301034874; -0.00213422814019; 0.0075839560014
24492.00140440174; -0.00210582396289; 0.00746716045228
24495.10979845475; -0.00207878387035; 0.00735187787351
24498.21819250775; -0.00205268689439; 0.00723698259853
24501.32658656076; -0.00202602909295; 0.00712471531364
24504.43498061377; -0.00200083904721; 0.00701374692997
24507.54337466677; -0.00197601704044; 0.00690423942822
24510.65176871977; -0.00195002913489; 0.00679530083938
24513.76016277278; -0.00192697648399; 0.00669026224294
24516.86855682578; -0.00190403826497; 0.00658336147398
24519.97695087879; -0.00187971423763; 0.00648022328951
24523.08534493179; -0.00185732429907; 0.00637703450041
24526.1937389848; -0.0018360067591; 0.00627697554796
24529.3021330378; -0.00181400860838; 0.00617606472855
24532.41052709081; -0.001792447701; 0.00607740919667
24535.51892114381; -0.00177164557002; 0.00598014481509
24538.62731519682; -0.00175100607899; 0.00588315389797
24541.73570924982; -0.00173119232294; 0.005788160841
24544.84410330282; -0.00171059450274; 0.0056937896257
24547.95249735583; -0.00169157372458; 0.00560056052053
24551.06089140884; -0.00167235094253; 0.00550929569387
24554.16928546184; -0.00165394484248; 0.00541797117097
24557.27767951485; -0.00163560834435; 0.00532863122649
24560.38607356785; -0.00161741563967; 0.00524046641969
24563.49446762085; -0.00159881556715; 0.00515242671783
24566.60286167386; -0.00158195122364; 0.00506654351793
24569.71125572687; -0.00156428393379; 0.00498135478159
24572.81964977987; -0.00154819912014; 0.00489786328917
24575.92804383288; -0.00153168428702; 0.00481367210497
24579.03643788588; -0.00151582174678; 0.00472993936071
24582.14483193888; -0.00150000177984; 0.00464881276685
24585.25322599189; -0.00148367745684; 0.00456803125201
24588.36162004489; -0.00146842601797; 0.00448956675689
24591.4700140979; -0.00145285412882; 0.00441053856632
24594.5784081509; -0.00143891774916; 0.00433247676119
24597.68680220391; -0.00142497852701; 0.00425452993018
24600.79519625691; -0.00140962070261; 0.00417919861501
24603.90359030992; -0.00139602864604; 0.00410319567521
24607.01198436292; -0.00138220298459; 0.0040291026
24610.12037841593; -0.00136806125892; 0.00395521399572
24613.22877246893; -0.00135638866322; 0.00388171973416
24616.33716652194; -0.00134277075374; 0.0038091926853
24619.44556057494; -0.00132971052186; 0.00373840546435
24622.55395462795; -0.00131682598897; 0.00366785336485
24625.66234868095; -0.00130491464239; 0.00359717705026
24628.77074273396; -0.00129256149133; 0.00352770360175
24631.87913678696; -0.00128032447717; 0.0034601896966
24634.98753083996; -0.00126819051163; 0.00339218970918
24638.09592489297; -0.00125731772769; 0.00332465990689
24641.20431894598; -0.00124554839884; 0.00325924662397
24644.31271299898; -0.00123543973777; 0.00319416999058
24647.42110705199; -0.00122465885546; 0.00312843306365
24650.52950110499; -0.00121404547201; 0.00306445973974
24653.63789515799; -0.00120314349812; 0.00300211422992
24656.746289211; -0.00119353454382; 0.00294074927606
24659.85468326401; -0.00118242986087; 0.00287850921836
24662.96307731701; -0.00117222060375; 0.00281754816343
24666.07147137001; -0.00116159187861; 0.00275793065075
24669.17986542302; -0.00115080566769; 0.00269653326751
24672.28825947602; -0.00114053447737; 0.00263796509308
24675.39665352903; -0.00113001282007; 0.00257839911998
24678.50504758203; -0.00111983876814; 0.00251881067803
24681.61344163504; -0.00110996605968; 0.00246218193376
24684.72183568804; -0.00109975357782; 0.00240384077313
24687.83022974105; -0.00109118951518; 0.00234754777983
24690.93862379405; -0.00108085107028; 0.00229175440037
24694.04701784706; -0.00107139930846; 0.00223472225994
24697.15541190006; -0.00106156127519; 0.00217930866716
24700.26380595307; -0.00105292417035; 0.00212308326444
24703.37220000607; -0.00104435261152; 0.00206955500819
24706.48059405908; -0.00103506960205; 0.00201443241657
24709.58898811208; -0.0010267795061; 0.00196154651283
24712.69738216509; -0.00101821867542; 0.0019087389169
24715.80577621809; -0.00100999199361; 0.00185623369884
24718.91417027109; -0.00100160588129; 0.00180425509878
24722.0225643241; -0.000994372774089; 0.00175173656776
24725.13095837711; -0.000986513431154; 0.00170069097037
24728.23935243011; -0.000978549378566; 0.00165039272746
24731.34774648312; -0.000970477571972; 0.00160028530443
24734.45614053612; -0.0009628702178; 0.00155154825064
24737.56453458912; -0.000956258722581; 0.00150165968028
24740.67292864213; -0.00094813167235; 0.00145341807828
24743.78132269513; -0.00094083810021; 0.00140429610867
24746.88971674814; -0.000932931396673; 0.0013570338373
24749.99811080115; -0.000926815984482; 0.0013086254603
24753.10650485415; -0.000920099608222; 0.00126208008989
24756.21489890715; -0.000912278526912; 0.00121438655651
24759.32329296016; -0.000907042693316; 0.00116829050862
24762.43168701316; -0.000899275945092; 0.00112191319516
24765.54008106617; -0.000892939814278; 0.00107567471038
24768.64847511917; -0.000886165090798; 0.00103089426087
24771.75686917218; -0.000879837910112; 0.000986886211415
24774.86526322518; -0.000873933086859; 0.000942310208522
24777.97365727819; -0.000867358264396; 0.000898138467956
24781.08205133119; -0.000861464327761; 0.000854485215662
24784.1904453842; -0.000855127082931; 0.000811047650995
24787.2988394372; -0.000849629965747; 0.000767027259442
24790.40723349021; -0.000843878782464; 0.000724494040649
24793.51562754321; -0.000837305112556; 0.000682999754349
24796.62402159622; -0.000831624015583; 0.000640732600443
24799.73241564922; -0.000825053162023; 0.00059982695588
24802.84080970223; -0.00081966322199; 0.000558340389229
24805.94920375523; -0.000814712074625; 0.000516982668655
24809.05759780823; -0.000808996102692; 0.000476874593283
24812.16599186124; -0.000803785290532; 0.000436219640003
24815.27438591425; -0.000799108717099; 0.000396037334645
24818.38277996725; -0.000792371385001; 0.000356698494443
24821.49117402026; -0.000787672180782; 0.000317597090411
24824.59956807326; -0.000782450627237; 0.000278244236778
24827.70796212626; -0.000776852417298; 0.000239696495212
24830.81635617927; -0.000772135080743; 0.000200622897271
24833.92475023228; -0.000766652788311; 0.00016239472759
24837.03314428528; -0.000762480685948; 0.000124651336389
24840.14153833828; -0.00075699509393; 8.69569201212e-05
24843.24993239129; -0.000752515473394; 5.04417551253e-05
24846.35832644429; -0.000748164002771; 1.28264372207e-05
24849.4667204973; -0.000743695966401; -2.37149664586e-05
24852.5751145503; -0.000738572391182; -6.04021873031e-05
24855.68350860331; -0.000734718640302; -9.60954286824e-05
24858.79190265631; -0.000730191700628; -0.000131821479916
24861.90029670932; -0.00072541849158; -0.000167157697413
24865.00869076232; -0.000720436814162; -0.000202504659757
24868.11708481533; -0.00071625712823; -0.000238803451731
24871.22547886833; -0.000712433949326; -0.000272660326274
24874.33387292134; -0.000708148660112; -0.000307333323735
24877.44226697434; -0.000703923554452; -0.000341866044188
24880.55066102735; -0.000699390683692; -0.000376122843304
24883.65905508035; -0.000695257161883; -0.000409200019835
24886.76744913336; -0.000690960079577; -0.000442799249304
24889.87584318636; -0.000686935922564; -0.000476492846124
24892.98423723937; -0.000682563365946; -0.000509189863903
24896.09263129237; -0.000679319089871; -0.000542658207651
24899.20102534538; -0.000674660041073; -0.000575055119287
24902.30941939838; -0.000670761839249; -0.000608077910808
24905.41781345139; -0.000667198339448; -0.000639649368623
24908.52620750439; -0.000662554741487; -0.000671255412548
24911.63460155739; -0.000659852605484; -0.000703343720379
24914.7429956104; -0.000656416697664; -0.000734281546043
24917.8513896634; -0.000651652133125; -0.000765645396884
24920.95978371641; -0.00064850069784; -0.000797591944532
24924.06817776941; -0.000644255128964; -0.000827837812055
24927.17657182242; -0.000640991965003; -0.000859025432219
24930.28496587542; -0.000637912211976; -0.000889000449633
24933.39335992843; -0.000634545042295; -0.000919274932566
24936.50175398143; -0.000630536587891; -0.000949273035619
24939.61014803444; -0.00062715198473; -0.000979187244085
24942.71854208744; -0.000623745625102; -0.00100877690521
24945.82693614045; -0.00062032616998; -0.0010383026185
24948.93533019345; -0.000616678981211; -0.00106733476803
24952.04372424646; -0.000613488220826; -0.00109616334056
24955.15211829946; -0.000610315658162; -0.001125259386
24958.26051235247; -0.000607039641401; -0.0011536056784
24961.36890640547; -0.000604118738264; -0.00118298611391
24964.47730045847; -0.000601195781483; -0.00121105497265
24967.58569451148; -0.000597407029302; -0.0012379057877
24970.69408856449; -0.000594119093448; -0.00126617042239
24973.80248261749; -0.000590327245608; -0.001294724473
24976.9108766705; -0.000586615891844; -0.001322221133
24980.0192707235; -0.000583327519752; -0.00134899337124
24983.1276647765; -0.000580686612318; -0.00137730542184
24986.23605882951; -0.000577344424225; -0.00140374279728
24989.34445288251; -0.000574225204094; -0.00143052765001
24992.45284693552; -0.000571004171121; -0.00145736466079
24995.56124098853; -0.000568449674385; -0.00148352306855
24998.66963504153; -0.000567124219788; -0.00151054592246
25001.77802909453; -0.000562367460592; -0.00153595239053
25004.88642314754; -0.000560494707081; -0.00156199568687
25007.99481720054; -0.00055752290683; -0.00158818679448
25011.10321125355; -0.000555411454055; -0.00161390541178
25014.21160530655; -0.000552150115273; -0.00163888518989
25017.31999935956; -0.000550149368468; -0.00166490423981
25020.42839341256; -0.000547507101244; -0.00169031269583
25023.53678746557; -0.000544812171497; -0.00171488277453
25026.64518151857; -0.000541135904159; -0.00173990321876
25029.75357557158; -0.000538998777784; -0.00176541150067
25032.86196962458; -0.000536903336777; -0.00178954443711
25035.97036367759; -0.000534190167845; -0.00181433850195
25039.07875773059; -0.000531327534235; -0.00183791426665
25042.1871517836; -0.000529623706374; -0.00186175133047
25045.2955458366; -0.000527433681165; -0.0018859905872
25048.40393988961; -0.000524784245378; -0.00191011168856
25051.51233394261; -0.000523338973527; -0.00193458462864
25054.62072799561; -0.000518400325418; -0.00195743305384
25057.72912204862; -0.000516692932736; -0.00198084985095
25060.83751610163; -0.000514739773996; -0.00200480708557
25063.94591015463; -0.000511663927256; -0.00202766237057
25067.05430420764; -0.000509605343238; -0.0020501380762
25070.16269826064; -0.000507732306799; -0.00207365075692
25073.27109231364; -0.000506226794547; -0.00209686095961
25076.37948636665; -0.000502987153077; -0.00211883716171
25079.48788041966; -0.000501205001478; -0.00214169102968
25082.59627447266; -0.000498339302901; -0.00216475840048
25085.70466852566; -0.000495826188989; -0.00218673413849
25088.81306257867; -0.000494584950137; -0.00220910477501
25091.92145663167; -0.000492478266275; -0.00223072130518
25095.02985068468; -0.000490030950228; -0.00225291343807
25098.13824473768; -0.000487345422924; -0.00227395163335
25101.24663879069; -0.000485073579928; -0.00229629313237
25104.35503284369; -0.000483150019382; -0.002317834429
25107.4634268967; -0.000481708375736; -0.00233933184909
25110.5718209497; -0.000479913886577; -0.00236108675102
25113.68021500271; -0.000477792901741; -0.00238189417361
25116.78860905571; -0.000476064032137; -0.00240349131551
25119.89700310872; -0.000474020776568; -0.00242336930756
25123.00539716172; -0.000472030978919; -0.00244542286438
25126.11379121473; -0.00046907320587; -0.00246465897224
25129.22218526773; -0.000466866886813; -0.00248641743129
25132.33057932074; -0.000465618257162; -0.0025069392651
25135.43897337374; -0.000463893310845; -0.00252669801944
25138.54736742675; -0.000461342565624; -0.00254693468332
25141.65576147975; -0.00045947026835; -0.00256759457649
25144.76415553276; -0.000458048425604; -0.00258770763898
25147.87254958576; -0.000455963061125; -0.00260768096663
25150.98094363877; -0.000453998122678; -0.002627205498
25154.08933769177; -0.000453397687464; -0.00264659125392
25157.19773174477; -0.000450067787317; -0.00266645971076
25160.30612579778; -0.000449586677811; -0.00268537594496
25163.41451985078; -0.000447057701749; -0.00270455243711
25166.52291390379; -0.00044429891478; -0.00272479349621
25169.6313079568; -0.00044356000566; -0.00274369865402
25172.7397020098; -0.000441703220839; -0.0027627454564
25175.8480960628; -0.00043969107187; -0.00278222323264
25178.95649011581; -0.000437599723074; -0.00279951356755
25182.06488416881; -0.000434870865457; -0.00281788736952
25185.17327822182; -0.000433546109793; -0.00283646210975
25188.28167227482; -0.000432231295041; -0.00285447863345
25191.39006632783; -0.000429972500848; -0.00287299834659
25194.49846038083; -0.000428419193988; -0.00289275857195
25197.60685443384; -0.000427047309111; -0.00291062557367
25200.71524848684; -0.000425385459543; -0.00292871031719
25203.82364253985; -0.000423933650368; -0.00294719463413
25206.93203659285; -0.000421615685942; -0.00296463719961
25210.04043064586; -0.000419952160274; -0.00298253124371
25213.14882469886; -0.000419495069343; -0.0030007716803
25216.25721875187; -0.000417150463305; -0.00301824908828
25219.36561280487; -0.000415238879546; -0.0030358510472
25222.47400685788; -0.000413887518655; -0.00305498665816
25225.58240091088; -0.000412167831643; -0.00307172099619
25228.69079496388; -0.000411092831172; -0.0030893880935
25231.79918901689; -0.000408888404449; -0.00310664381092
25234.9075830699; -0.000407527604808; -0.00312378421192
25238.0159771229; -0.000406416764054; -0.00314078407652
25241.12437117591; -0.000405867333647; -0.00315785055669
25244.23276522891; -0.000403764032834; -0.00317437443986
25247.34115928191; -0.000402361504596; -0.0031916635016
25250.44955333492; -0.000401634270335; -0.0032093012898
25253.55794738792; -0.000399682230996; -0.00322607068403
25256.66634144093; -0.000398515623443; -0.00324310816094
25259.77473549393; -0.00039713686816; -0.00325932954024
25262.88312954694; -0.000395884632689; -0.00327571312401
25265.99152359994; -0.000394128960701; -0.00329229581087
25269.09991765295; -0.000392180234871; -0.00330858702348
25272.20831170595; -0.000391567114629; -0.00332467154482
25275.31670575896; -0.000390546529706; -0.00334106614229
25278.42509981196; -0.000388270374264; -0.00335694054678
25281.53349386497; -0.000387645072155; -0.00337314513792
25284.64188791797; -0.000386651195538; -0.0033893210951
25287.75028197098; -0.000384685455772; -0.00340442411446
25290.85867602398; -0.000383536920247; -0.00342148771636
25293.96707007699; -0.000382635805804; -0.00343609515009
25297.07546412999; -0.000380737758777; -0.00345244303974
25300.18385818299; -0.000380720033831; -0.00346803283576
25303.292252236; -0.000377851632215; -0.00348399382033
25306.40064628901; -0.000376852281288; -0.003499526222
25309.50904034201; -0.00037622273435; -0.0035149926681
25312.61743439502; -0.000375101527986; -0.00353056920755
25315.72582844802; -0.000372573090162; -0.00354603312801
25318.83422250102; -0.000372364981335; -0.00355981850465
25321.94261655403; -0.00037178431625; -0.00357577624225
25325.05101060704; -0.000370245948528; -0.00359132321089
25328.15940466004; -0.000368431420235; -0.00360626805291
25331.26779871304; -0.000367858743957; -0.00362093012173
25334.37619276605; -0.000365953673983; -0.00363528725556
25337.48458681905; -0.000365476103144; -0.003650368433
25340.59298087206; -0.000363177955464; -0.00366580466421
25343.70137492506; -0.000362785675538; -0.00367936407261
25346.80976897807; -0.000362125830858; -0.00369505794151
25349.91816303107; -0.00036044474263; -0.00370917276649
25353.02655708408; -0.000359640045106; -0.00372353468932
25356.13495113708; -0.000358560626572; -0.00373851032578
25359.24334519009; -0.00035706420868; -0.00375229451941
25362.35173924309; -0.000355954100475; -0.00376688487396
25365.4601332961; -0.000355571309532; -0.00378134839917
25368.5685273491; -0.000353881821568; -0.00379512986299
25371.67692140211; -0.000353079163689; -0.00381012987795
25374.78531545511; -0.00035223561084; -0.00382374515608
25377.89370950812; -0.0003510091772; -0.00383862063811
25381.00210356112; -0.000349159321939; -0.00385135538902
25384.11049761413; -0.000348268558798; -0.00386546756273
25387.21889166713; -0.000347361528271; -0.00387905183634
25390.32728572014; -0.000346590457844; -0.00389258357889
25393.43567977314; -0.000344384765488; -0.00390612268416
25396.54407382615; -0.000344072761097; -0.00391917841136
25399.65246787915; -0.000343245030628; -0.00393418574658
25402.76086193215; -0.000342083975924; -0.00394724376058
25405.86925598516; -0.000341424952179; -0.00396005468804
25408.97765003816; -0.000340215156161; -0.00397364662669
25412.08604409117; -0.000339357683266; -0.00398755250129
25415.19443814418; -0.000337983067427; -0.00400084327793
25418.30283219718; -0.000337241947275; -0.0040132955501
25421.41122625018; -0.000336342418624; -0.00402726845535
25424.51962030319; -0.000336000973504; -0.00404046531334
25427.62801435619; -0.000334715560404; -0.00405300325612
25430.7364084092; -0.000333146820861; -0.00406593532778
25433.8448024622; -0.000332748028151; -0.00407961345873
25436.95319651521; -0.000331928897728; -0.00409255094608
25440.06159056821; -0.000330690592071; -0.00410460812913
25443.16998462122; -0.00032968127454; -0.00411805158757
25446.27837867422; -0.000328783730226; -0.00413072223887
25449.38677272723; -0.000327611733288; -0.00414286563362
25452.49516678023; -0.000327076996015; -0.00415606423655
25455.60356083324; -0.00032600844579; -0.00416850036418
25458.71195488624; -0.000325485468608; -0.004180906521
25461.82034893925; -0.000324187743639; -0.00419352507863
25464.92874299225; -0.000323281654433; -0.0042060456497
25468.03713704526; -0.000322622563994; -0.00421910956871
25471.14553109826; -0.000321433185808; -0.00423031033111
25474.25392515126; -0.000321084405582; -0.00424308190316
25477.36231920427; -0.000320202374105; -0.00425596033305
25480.47071325728; -0.000319105708707; -0.00426737518936
25483.57910731028; -0.000318353405626; -0.00428013132319
25486.68750136329; -0.000316796608101; -0.00429235435846
25489.79589541629; -0.000317010539242; -0.00430496003352
25492.90428946929; -0.000316064081611; -0.00431621084595
25496.0126835223; -0.000314744498637; -0.00432870967302
25499.12107757531; -0.000314576619233; -0.00433991794783
25502.22947162831; -0.000313215548741; -0.00435230214303
25505.33786568131; -0.000312111019462; -0.00436419166068
25508.44625973432; -0.00031204127231; -0.00437572346344
25511.55465378732; -0.000310816823852; -0.00438760202977
25514.66304784033; -0.000310576290638; -0.00439917076645
25517.77144189333; -0.000310045347265; -0.00441088690754
25520.87983594634; -0.000308654872584; -0.00442266771671
25523.98822999934; -0.000307501545452; -0.00443471729288
25527.09662405235; -0.000307277182624; -0.00444522834925
25530.20501810535; -0.000307326223018; -0.0044570908582
25533.31341215836; -0.000305645954879; -0.00446818805528
25536.42180621136; -0.000305108663338; -0.00448082735797
25539.53020026437; -0.000303944204816; -0.00449242761248
25542.63859431737; -0.000303223151952; -0.00450335512335
25545.74698837038; -0.000302651410226; -0.00451512065353
25548.85538242338; -0.000302259760925; -0.00452568064884
25551.96377647639; -0.000300573440391; -0.00453635670726
25555.07217052939; -0.000299768303246; -0.00454823759709
25558.1805645824; -0.0003007330296; -0.00455823910932
25561.2889586354; -0.00029835318498; -0.0045698418524
25564.3973526884; -0.000298536046445; -0.00458082615494
25567.50574674141; -0.000296532360521; -0.00459165178104
25570.61414079442; -0.000296143533722; -0.00460218802124
25573.72253484742; -0.000295664069548; -0.00461342535747
25576.83092890042; -0.000295181854411; -0.00462425198959
25579.93932295343; -0.000294623286951; -0.00463604447716
25583.04771700643; -0.000293415065571; -0.00464651566019
25586.15611105944; -0.000292662190636; -0.00465684218699
25589.26450511244; -0.000291585924069; -0.0046671142444
25592.37289916545; -0.000291014414808; -0.0046776092977
25595.48129321845; -0.00029119423746; -0.00468944512681
25598.58968727146; -0.000290218340638; -0.00469933348572
25601.69808132446; -0.000288361900438; -0.00471006978817
25604.80647537747; -0.000288928721478; -0.00472087825464
25607.91486943047; -0.000288447355815; -0.00473110388823
25611.02326348348; -0.000286857326891; -0.00474186315939
25614.13165753648; -0.000285998155203; -0.0047518018968
25617.24005158949; -0.000286104284338; -0.0047626803292
25620.34844564249; -0.000285765771106; -0.0047726036703
25623.4568396955; -0.000285357748878; -0.00478227589743
25626.5652337485; -0.000283671523192; -0.00479347341079
25629.67362780151; -0.000283805719344; -0.00480424570651
25632.78202185451; -0.000283083036764; -0.00481331284959
25635.89041590752; -0.000281939103844; -0.00482349349123
25638.99880996052; -0.000281198294851; -0.00483396886024
25642.10720401353; -0.000281515615933; -0.00484442590277
25645.21559806653; -0.000280527461705; -0.00485294070947
25648.32399211953; -0.000280175655744; -0.00486375023781
25651.43238617254; -0.000279147754947; -0.00487465441427
25654.54078022554; -0.000278653812028; -0.00488402160734
25657.64917427855; -0.000278623413438; -0.00489390963202
25660.75756833156; -0.000277037486958; -0.00490336633883
25663.86596238456; -0.000277256774021; -0.00491345860759
25666.97435643756; -0.000276324119588; -0.00492262736896
25670.08275049057; -0.000276039543513; -0.0049325793521
25673.19114454357; -0.000274846713354; -0.00494185337352
25676.29953859658; -0.000274944823836; -0.00495249130256
25679.40793264958; -0.000272894116007; -0.00496204866135
25682.51632670259; -0.000273101894982; -0.0049711819676
25685.62472075559; -0.000273608081616; -0.00498066003826
25688.7331148086; -0.00027282217713; -0.00499072577333
25691.8415088616; -0.000271797963463; -0.00499999740541
25694.94990291461; -0.000270776947611; -0.0050093249866
25698.05829696761; -0.000270585590409; -0.00501852161707
25701.16669102062; -0.000270452820431; -0.00502906710325
25704.27508507362; -0.000269810278844; -0.00503832143454
25707.38347912663; -0.000268478024227; -0.0050474347782
25710.49187317963; -0.000269159067519; -0.00505660672455
25713.60026723264; -0.000267400205946; -0.0050662194656
25716.70866128564; -0.000266827019122; -0.0050751292635
25719.81705533864; -0.000263795912715; -0.00508403877493
25722.92544939165; -0.000263028058796; -0.00509349464704
25726.03384344466; -0.000262465498432; -0.00510278479385
25729.14223749766; -0.000261604907031; -0.00511196055448
25732.25063155067; -0.000260754076846; -0.00512062716521
25735.35902560367; -0.000261716816095; -0.00513040711888
25738.46741965667; -0.000260459646476; -0.00513917252048
25741.57581370968; -0.00025975008393; -0.00514807405719
25744.68420776269; -0.000259246545642; -0.0051572171232
25747.79260181569; -0.000259493316638; -0.00516641618817
25750.90099586869; -0.000258867136747; -0.00517560815019
25754.0093899217; -0.000257252696628; -0.00518509114622
25757.1177839747; -0.000257233896282; -0.00519288922181
25760.22617802771; -0.000256781382647; -0.00520109624527
25763.33457208071; -0.000255913568835; -0.00521060431366
25766.44296613372; -0.000254711775932; -0.00521968631541
25769.55136018672; -0.000255507888103; -0.00522803843902
25772.65975423973; -0.000255459433024; -0.0052372875827
25775.76814829273; -0.000254263228047; -0.00524622976414
25778.87654234574; -0.000254048792746; -0.00525428566874
25781.98493639874; -0.000253467363804; -0.00526251584106
25785.09333045175; -0.000252501225199; -0.00527194388546
25788.20172450475; -0.000253203707721; -0.00528036951335
25791.31011855776; -0.000251580799941; -0.00528919773232
25794.41851261076; -0.000250711013716; -0.00529791272558
25797.52690666377; -0.000250764688485; -0.00530637131264
25800.63530071677; -0.00024920348982; -0.00531437153113
25803.74369476978; -0.000249512977252; -0.00532293750488
25806.85208882278; -0.000249126320484; -0.00533069617029
25809.96048287579; -0.000248439567111; -0.00534015146285
25813.06887692879; -0.000249338649525; -0.00534839751325
25816.1772709818; -0.0002471254606; -0.00535691670871
25819.2856650348; -0.000247716077288; -0.00536455104927
25822.3940590878; -0.000246853291933; -0.00537401451848
25825.50245314081; -0.000246631259984; -0.00538158380642
25828.61084719381; -0.000246478277101; -0.00538933741599
25831.71924124682; -0.000244402991381; -0.00539753852251
25834.82763529983; -0.000243857492185; -0.00540609475051
25837.93602935283; -0.00024345547212; -0.00541470758477
25841.04442340583; -0.000242497474786; -0.00542304652096
25844.15281745884; -0.000241946788976; -0.00543176312232
25847.26121151184; -0.00024121388325; -0.00543871512573
25850.36960556485; -0.000241479875059; -0.00544707534399
25853.47799961785; -0.000240622456396; -0.00545582178493
25856.58639367086; -0.00024080712504; -0.00546362781641
25859.69478772386; -0.000238885234595; -0.00547270386031
25862.80318177687; -0.000238936955105; -0.00547906424793
25865.91157582987; -0.000238668830188; -0.00548779446857
25869.01996988288; -0.000238301401772; -0.00549523735185
25872.12836393588; -0.000237855250075; -0.00550369025298
25875.23675798889; -0.000237838784301; -0.00551185500306
25878.34515204189; -0.000236336935332; -0.00551956305867
25881.4535460949; -0.000236887701296; -0.00552757138636
25884.5619401479; -0.000236485018838; -0.0055345171409
25887.67033420091; -0.00023635641238; -0.00554278286565
25890.77872825391; -0.000235469750529; -0.005550165798
25893.88712230691; -0.000234979601433; -0.00555865704691
25896.99551635992; -0.000234103713736; -0.0055664982285
25900.10391041293; -0.00023411277025; -0.00557404875263
25903.21230446593; -0.000234240162459; -0.00558242837609
25906.32069851894; -0.000234050943826; -0.00558914780863
25909.42909257194; -0.000233216681725; -0.00559656429537
25912.53748662494; -0.000233122448145; -0.0056048140549
25915.64588067795; -0.000232281539564; -0.00561210755319
25918.75427473095; -0.000231757441751; -0.00562040714174
25921.86266878396; -0.000231865567838; -0.00562744286104
25924.97106283696; -0.00023148776012; -0.00563527330386
25928.07945688997; -0.000231046495878; -0.0056422694539
25931.18785094297; -0.000230855806455; -0.00565045470358
25934.29624499598; -0.000230324794927; -0.00565801996753
25937.40463904898; -0.00022985463281; -0.00566460431744
25940.51303310199; -0.000229057910631; -0.00567246419138
25943.62142715499; -0.00022935562551; -0.00567989541703
25946.729821208; -0.000228606181469; -0.00568735567025
25949.838215261; -0.000228585076321; -0.00569510337167
25952.94660931401; -0.000228766325147; -0.00570272766316
25956.05500336701; -0.000228018267589; -0.00571042262536
25959.16339742002; -0.000227945053771; -0.00571687994044
25962.27179147302; -0.000226994565467; -0.00572489933213
25965.38018552602; -0.000226365976234; -0.00573211333336
25968.48857957903; -0.000225768758682; -0.00573947889915
25971.59697363204; -0.000225911875808; -0.00574623114192
25974.70536768504; -0.000225199913151; -0.00575425915151
25977.81376173805; -0.000224804117714; -0.00576085392156
25980.92215579105; -0.000224876667061; -0.00576827934059
25984.03054984405; -0.000224395086087; -0.00577476989039
25987.13894389706; -0.000224223602093; -0.00578247570997
25990.24733795007; -0.000223581123584; -0.00578888277811
25993.35573200307; -0.000223115768151; -0.0057963353536
25996.46412605607; -0.000223081879204; -0.00580358847832
25999.57252010908; -0.000222467999413; -0.00581204189584
26002.68091416208; -0.000222328368644; -0.00581722387935
26005.78930821509; -0.000222621550997; -0.0058257385729
26008.89770226809; -0.000222164734147; -0.0058314263962
26012.0060963211; -0.000221658735439; -0.00584002125252
26015.1144903741; -0.000220954980361; -0.00584631314231
26018.22288442711; -0.000220887920016; -0.00585262995831
26021.33127848011; -0.000219815155654; -0.00586023442121
26024.43967253312; -0.000219351738709; -0.00586705904356
26027.54806658612; -0.000219732543394; -0.00587481602757
26030.65646063913; -0.000219367475319; -0.00588081313576
26033.76485469213; -0.000218492772716; -0.00588769897244
26036.87324874514; -0.000218308216689; -0.00589413191364
26039.98164279814; -0.000217941661055; -0.00590083188544
26043.09003685115; -0.000217904967606; -0.00590777168813
