% Module: Sweep, ID: c0p1t8p1cfm0
% Devices: DEV646
% Time: 2026/01/16 17:31:49
% Demod 1 Sample X, /dev646/demods/0/sample.X
% Demod 1 Sample Y, /dev646/demods/0/sample.Y
% Frequency (Hz); Demod 1 Sample X  Amplitude (V); Demod 1 Sample Y  Amplitude (V)
21054.79093461518; -2.95036122786e-05; -0.00267538831362
21058.87549311266; -2.98730884159e-05; -0.00267677502686
21062.96005161013; -3.09430915082e-05; -0.00267834376618
21067.04461010761; -3.08182698745e-05; -0.00268002260068
21071.12916860509; -3.09849521846e-05; -0.00268168063688
21075.21372710256; -3.17029871596e-05; -0.00268355473341
21079.29828560004; -3.19690999705e-05; -0.00268487099765
21083.38284409752; -3.24093205824e-05; -0.00268586118475
21087.46740259499; -3.20275170378e-05; -0.00268724360001
21091.55196109247; -3.21540480806e-05; -0.00268931771194
21095.63651958995; -3.31871542599e-05; -0.00269109715473
21099.72107808742; -3.27646231321e-05; -0.00269333973585
21103.8056365849; -3.33359980068e-05; -0.00269431270317
21107.89019508237; -3.42890438857e-05; -0.00269593475386
21111.97475357985; -3.53247586409e-05; -0.00269740658486
21116.05931207733; -3.39526926844e-05; -0.00269906554046
21120.1438705748; -3.43819456008e-05; -0.00270060074199
21124.22842907228; -3.43801073437e-05; -0.00270231719572
21128.31298756976; -3.5426771871e-05; -0.00270336855555
21132.39754606723; -3.55950012032e-05; -0.00270541132211
21136.48210456471; -3.60041551395e-05; -0.00270802305412
21140.56666306219; -3.62997949886e-05; -0.00270862118784
21144.65122155966; -3.68872564014e-05; -0.00271013121577
21148.73578005714; -3.67447858227e-05; -0.00271188218216
21152.82033855461; -3.68292692633e-05; -0.00271343889945
21156.90489705209; -3.69508913127e-05; -0.00271623941856
21160.98945554957; -3.6892286935e-05; -0.00271689269514
21165.07401404704; -3.76477111377e-05; -0.00271849457308
21169.15857254452; -3.79525656573e-05; -0.00271998426857
21173.24313104199; -3.87534235876e-05; -0.00272206001522
21177.32768953947; -3.9481300242e-05; -0.00272288109128
21181.41224803695; -4.03381271276e-05; -0.00272544623994
21185.49680653442; -3.99112863227e-05; -0.00272678510958
21189.5813650319; -4.05713930835e-05; -0.00272877113602
21193.66592352937; -4.14976072705e-05; -0.00273014075809
21197.75048202685; -4.05425626706e-05; -0.00273096955358
21201.83504052433; -4.1531193213e-05; -0.00273381023903
21205.9195990218; -4.14637986325e-05; -0.00273452657659
21210.00415751928; -4.2323489713e-05; -0.0027365182825
21214.08871601675; -4.22070145066e-05; -0.00273853133187
21218.17327451423; -4.2952557414e-05; -0.0027396614672
21222.25783301171; -4.27646811081e-05; -0.00274125390839
21226.34239150918; -4.3577401439e-05; -0.00274446725864
21230.42695000666; -4.3504777399e-05; -0.00274555105493
21234.51150850414; -4.4632964863e-05; -0.00274666998611
21238.59606700161; -4.4229108618e-05; -0.00274878178343
21242.68062549909; -4.44528328988e-05; -0.00275063769077
21246.76518399657; -4.54034080501e-05; -0.00275216552112
21250.84974249404; -4.48057349526e-05; -0.0027536514017
21254.93430099152; -4.57622944972e-05; -0.00275535638827
21259.018859489; -4.66669172981e-05; -0.00275724867953
21263.10341798647; -4.68332930654e-05; -0.00275911434101
21267.18797648395; -4.74664178244e-05; -0.00276159895167
21271.27253498142; -4.71526321769e-05; -0.00276250864762
21275.3570934789; -4.69775662853e-05; -0.00276527876621
21279.44165197638; -4.87000747219e-05; -0.00276653504813
21283.52621047385; -4.96467050474e-05; -0.00276839992614
21287.61076897133; -4.88193486607e-05; -0.00276880642973
21291.69532746881; -5.00482994139e-05; -0.00277140952132
21295.77988596628; -4.99655031512e-05; -0.00277380852375
21299.86444446376; -5.07510897859e-05; -0.00277527195455
21303.94900296123; -5.05605769038e-05; -0.00277585557106
21308.03356145871; -5.09366769052e-05; -0.00277829585093
21312.11811995619; -5.25839135715e-05; -0.00278041686354
21316.20267845366; -5.1708937349e-05; -0.00278296871447
21320.28723695114; -5.2405917484e-05; -0.00278336342873
21324.37179544861; -5.32062114063e-05; -0.00278501771496
21328.45635394609; -5.35005987759e-05; -0.00278883329684
21332.54091244357; -5.39692139483e-05; -0.00279045145155
21336.62547094104; -5.40061388617e-05; -0.00279168495567
21340.71002943852; -5.43027506478e-05; -0.00279303902406
21344.79458793599; -5.5134379788e-05; -0.00279426419961
21348.87914643347; -5.52830069165e-05; -0.00279674168993
21352.96370493095; -5.54163582877e-05; -0.00279913298287
21357.04826342842; -5.57970619703e-05; -0.00280070955476
21361.1328219259; -5.69278342406e-05; -0.00280283650622
21365.21738042338; -5.68209387867e-05; -0.002803879452
21369.30193892085; -5.71319195478e-05; -0.00280654999216
21373.38649741833; -5.77642899884e-05; -0.00280736166425
21377.4710559158; -5.80867030671e-05; -0.00280923566639
21381.55561441328; -5.87195255141e-05; -0.00281166793161
21385.64017291076; -5.9920746947e-05; -0.00281382618475
21389.72473140823; -5.97052114758e-05; -0.00281533101461
21393.80928990571; -5.96649814382e-05; -0.00281802450703
21397.89384840319; -6.04486348913e-05; -0.00281954706275
21401.97840690066; -6.16946768892e-05; -0.00282123000378
21406.06296539814; -6.16305462016e-05; -0.0028230405757
21410.14752389562; -6.18913795523e-05; -0.00282461396324
21414.23208239309; -6.26313153025e-05; -0.00282658130479
21418.31664089057; -6.3182532427e-05; -0.00282953315084
21422.40119938804; -6.31804853208e-05; -0.00283147311092
21426.48575788552; -6.32843052691e-05; -0.00283292818576
21430.570316383; -6.4740922821e-05; -0.00283489414169
21434.65487488047; -6.45745962083e-05; -0.00283649191772
21438.73943337795; -6.50173307793e-05; -0.00283888916959
21442.82399187543; -6.56906471908e-05; -0.00284166802385
21446.9085503729; -6.61462691002e-05; -0.00284282394563
21450.99310887038; -6.69294716239e-05; -0.00284458405707
21455.07766736786; -6.70712198076e-05; -0.00284609299191
21459.16222586533; -6.81321556162e-05; -0.0028485937981
21463.24678436281; -6.85816023603e-05; -0.00284985266128
21467.33134286028; -6.82780143973e-05; -0.00285285275132
21471.41590135776; -7.00252013412e-05; -0.00285388333085
21475.50045985524; -7.02498207117e-05; -0.00285601441276
21479.58501835271; -7.09196079188e-05; -0.00285863060491
21483.66957685019; -7.10334132409e-05; -0.00286074063228
21487.75413534766; -7.0920077464e-05; -0.00286309507877
21491.83869384514; -7.18395867858e-05; -0.00286422249138
21495.92325234262; -7.20679608255e-05; -0.00286654637304
21500.00781084009; -7.26838990307e-05; -0.00286938428437
21504.09236933757; -7.34419850408e-05; -0.00287010470223
21508.17692783504; -7.40908744871e-05; -0.00287350693534
21512.26148633252; -7.48790856979e-05; -0.0028746773191
21516.34604483; -7.53285359035e-05; -0.0028761484727
21520.43060332747; -7.58975195132e-05; -0.00287923848372
21524.51516182495; -7.57269413781e-05; -0.00288190693186
21528.59972032243; -7.66423983342e-05; -0.00288279662129
21532.6842788199; -7.7801687859e-05; -0.00288577729352
21536.76883731738; -7.76175622222e-05; -0.00288787237967
21540.85339581485; -7.7922317048e-05; -0.00288939813098
21544.93795431233; -7.99322245234e-05; -0.00289204718692
21549.02251280981; -7.93766940294e-05; -0.00289396496392
21553.10707130728; -7.98227798022e-05; -0.00289592162771
21557.19162980476; -8.01600995559e-05; -0.0028983981151
21561.27618830224; -8.01529331456e-05; -0.00289953619863
21565.36074679971; -8.219849467e-05; -0.00290264716187
21569.44530529719; -8.24995668277e-05; -0.0029046024921
21573.52986379467; -8.32214459347e-05; -0.00290785914451
21577.61442229214; -8.32763541056e-05; -0.00290788433395
21581.69898078962; -8.43832498801e-05; -0.00291115926392
21585.78353928709; -8.51946738079e-05; -0.00291335595492
21589.86809778457; -8.53488870163e-05; -0.00291528123326
21593.95265628205; -8.61887988905e-05; -0.00291794070319
21598.03721477952; -8.67303202608e-05; -0.0029206798785
21602.121773277; -8.77300299618e-05; -0.00292267950882
21606.20633177448; -8.77207859833e-05; -0.00292431935769
21610.29089027195; -8.86185207625e-05; -0.00292756566103
21614.37544876943; -8.85638645182e-05; -0.00292892435341
21618.46000726691; -8.95181291069e-05; -0.00293069260512
21622.54456576438; -9.03509368794e-05; -0.00293419722576
21626.62912426186; -9.08449226459e-05; -0.00293615749991
21630.71368275933; -9.28861843395e-05; -0.00293826321376
21634.79824125681; -9.20316201016e-05; -0.00294011008413
21638.88279975428; -9.30962647326e-05; -0.00294277284419
21642.96735825176; -9.37037208933e-05; -0.0029447782556
21647.05191674924; -9.45127441713e-05; -0.00294729389232
21651.13647524671; -9.44668648219e-05; -0.00294901867863
21655.22103374419; -9.51389802163e-05; -0.00295123001861
21659.30559224167; -9.61749689753e-05; -0.00295539201421
21663.39015073914; -9.76277927037e-05; -0.00295684663727
21667.47470923662; -9.80835409226e-05; -0.00295850462363
21671.55926773409; -9.84182081768e-05; -0.00296113048547
21675.64382623157; -9.88178757464e-05; -0.00296373356367
21679.72838472905; -9.95641035867e-05; -0.00296541032099
21683.81294322652; -0.000101133705603; -0.00296796072636
21687.897501724; -0.000101289947686; -0.00297029954839
21691.98206022147; -0.000102918671703; -0.00297352750846
21696.06661871895; -0.000102523179424; -0.00297516237295
21700.15117721643; -0.000103354935951; -0.00297879934526
21704.2357357139; -0.000104441492818; -0.00297967723099
21708.32029421138; -0.000105353548418; -0.00298296232411
21712.40485270886; -0.000105854977214; -0.00298563857759
21716.48941120633; -0.000106785548771; -0.00298698508341
21720.57396970381; -0.00010716766409; -0.00298924460177
21724.65852820129; -0.00010811812647; -0.0029931038628
21728.74308669876; -0.000108722560741; -0.00299489608578
21732.82764519624; -0.000109731415266; -0.00299659242415
21736.91220369372; -0.000110240071627; -0.00300043196875
21740.99676219119; -0.000110413681882; -0.00300278552214
21745.08132068867; -0.000111281609696; -0.00300529188788
21749.16587918614; -0.000112354807603; -0.00300705492021
21753.25043768362; -0.000112536681977; -0.00301036631078
21757.3349961811; -0.000114478317859; -0.00301273639134
21761.41955467857; -0.000115283524006; -0.00301494969457
21765.50411317605; -0.000116507211914; -0.00301716581046
21769.58867167353; -0.000117352687484; -0.00302084255119
21773.673230171; -0.000117166452432; -0.00302308749742
21777.75778866848; -0.000117910861554; -0.0030259683259
21781.84234716595; -0.000118613598156; -0.00302789002973
21785.92690566343; -0.000119888685493; -0.00303046707933
21790.01146416091; -0.000121118481566; -0.00303265948419
21794.09602265838; -0.000121372296124; -0.00303520730167
21798.18058115586; -0.00012161862419; -0.00303860790837
21802.26513965333; -0.000123390529565; -0.00304094211634
21806.34969815081; -0.000124160574746; -0.00304349582629
21810.43425664829; -0.000125169992278; -0.00304583784768
21814.51881514576; -0.000125480823499; -0.00304967565372
21818.60337364324; -0.00012769249394; -0.00305147470909
21822.68793214071; -0.000127385616007; -0.00305433230809
21826.77249063819; -0.000129203871584; -0.00305726667289
21830.85704913567; -0.000129521072665; -0.00306003433721
21834.94160763314; -0.00013060996449; -0.00306241271843
21839.02616613062; -0.000131675953909; -0.00306484821277
21843.1107246281; -0.000131935297623; -0.00306791874651
21847.19528312557; -0.000133372063506; -0.00307060856149
21851.27984162305; -0.000134653692475; -0.00307251277568
21855.36440012052; -0.000134741779583; -0.00307588930911
21859.448958618; -0.000135581799459; -0.00307897685033
21863.53351711548; -0.000136537504376; -0.00308093162778
21867.61807561295; -0.000138265268426; -0.0030841234988
21871.70263411043; -0.00013872050456; -0.00308710379163
21875.78719260791; -0.00013985803262; -0.00308895057631
21879.87175110538; -0.000140279401885; -0.00309254742982
21883.95630960286; -0.000141378728166; -0.00309584798985
21888.04086810034; -0.000143335084875; -0.00309816620867
21892.12542659781; -0.000145136745599; -0.00310195310682
21896.20998509529; -0.000144731405948; -0.00310336932364
21900.29454359276; -0.000146136325221; -0.00310736426808
21904.37910209024; -0.000146824509769; -0.00310949655839
21908.46366058772; -0.000147542673899; -0.00311193975053
21912.54821908519; -0.00014893149648; -0.00311623096252
21916.63277758267; -0.000149224063901; -0.00311859092724
21920.71733608015; -0.000151455929862; -0.00312254764675
21924.80189457762; -0.000151677107107; -0.00312451678149
21928.8864530751; -0.000153248217375; -0.00312794772554
21932.97101157258; -0.000154228406258; -0.00313142216976
21937.05557007005; -0.000155704329317; -0.00313343063629
21941.14012856753; -0.000156665606084; -0.00313554967887
21945.224687065; -0.000156635245341; -0.00313897549247
21949.30924556248; -0.000159833860916; -0.00314221841144
21953.39380405996; -0.000158886197653; -0.00314529946334
21957.47836255743; -0.000161120295339; -0.00314829782674
21961.56292105491; -0.000161857300047; -0.00315091960228
21965.64747955238; -0.000163320150688; -0.00315395006799
21969.73203804986; -0.000164842015021; -0.00315812787889
21973.81659654734; -0.000165259326689; -0.00315996068699
21977.90115504481; -0.000167124750557; -0.00316500508038
21981.98571354229; -0.000168491923905; -0.00316677404979
21986.07027203976; -0.000168908968108; -0.00316940977038
21990.15483053724; -0.000170329349295; -0.00317287175296
21994.23938903472; -0.000170881908593; -0.0031764348016
21998.32394753219; -0.000172564776; -0.00317922638096
22002.40850602967; -0.000173397256306; -0.003182709628
22006.49306452715; -0.0001749985937; -0.00318613740178
22010.57762302462; -0.000176577243461; -0.00318899220327
22014.6621815221; -0.000177807974239; -0.0031923394179
22018.74674001957; -0.000179223770438; -0.00319626616321
22022.83129851705; -0.000180600811312; -0.00319921289526
22026.91585701453; -0.000182158814469; -0.00320133343893
22031.000415512; -0.000182392019809; -0.00320538629566
22035.08497400948; -0.000184737226163; -0.00320764602202
22039.16953250696; -0.000185540473974; -0.00321262340776
22043.25409100443; -0.000186925979046; -0.00321469742523
22047.33864950191; -0.000189230971285; -0.00321904868885
22051.42320799939; -0.000189351788246; -0.00322200364594
22055.50776649686; -0.000190790323462; -0.00322449054571
22059.59232499434; -0.000193806108342; -0.00322913615177
22063.67688349181; -0.000194255711473; -0.00323273301113
22067.76144198929; -0.000195682846757; -0.00323571821457
22071.84600048677; -0.000197553971091; -0.00323957500288
22075.93055898424; -0.000199352276536; -0.00324253881286
22080.01511748172; -0.000198940586102; -0.00324624665842
22084.0996759792; -0.000201042219968; -0.00324868394633
22088.18423447667; -0.000203154058134; -0.00325270852358
22092.26879297415; -0.000204500736573; -0.00325617790318
22096.35335147162; -0.000205555954992; -0.00326093846274
22100.4379099691; -0.000206720851212; -0.00326340120547
22104.52246846658; -0.000208722579494; -0.00326702603184
22108.60702696405; -0.000209965171519; -0.00326990692048
22112.69158546153; -0.000211789042023; -0.00327384884601
22116.776143959; -0.00021365767609; -0.00327836517476
22120.86070245648; -0.000215027672171; -0.00328090112393
22124.94526095396; -0.000216811031171; -0.00328476412063
22129.02981945143; -0.000218001324986; -0.00328849664454
22133.11437794891; -0.000218730546737; -0.00329145007169
22137.19893644638; -0.000221609734507; -0.00329590358562
22141.28349494386; -0.000223125911219; -0.00329843957993
22145.36805344134; -0.000224497586555; -0.00330256038248
22149.45261193881; -0.00022540272744; -0.00330675928477
22153.53717043629; -0.000228323911735; -0.00331090455798
22157.62172893377; -0.000229192746408; -0.00331537561485
22161.70628743124; -0.000231096941215; -0.00331718398021
22165.79084592872; -0.000232542098142; -0.00332227452503
22169.8754044262; -0.000234703405939; -0.00332589792569
22173.95996292367; -0.0002366966931; -0.00332967487801
22178.04452142115; -0.000238470474193; -0.00333316598193
22182.12907991862; -0.000240091703257; -0.00333670864797
22186.2136384161; -0.000241892468737; -0.00334045229658
22190.29819691358; -0.000244374212969; -0.00334483281562
22194.38275541105; -0.000244916616275; -0.00334793523705
22198.46731390853; -0.000247241153718; -0.00335229994286
22202.55187240601; -0.000250274811546; -0.00335684840677
22206.63643090348; -0.000250955682605; -0.00336140038803
22210.72098940096; -0.000252593412596; -0.00336509412085
22214.80554789844; -0.000255071046924; -0.00336892638065
22218.89010639591; -0.00025680104516; -0.00337350735649
22222.97466489339; -0.000258632922701; -0.00337700523327
22227.05922339086; -0.000260045250311; -0.00338040555312
22231.14378188834; -0.00026251837842; -0.00338549115718
22235.22834038582; -0.000265021812271; -0.00338867870075
22239.31289888329; -0.000266534612012; -0.00339263463594
22243.39745738077; -0.000268674435578; -0.00339668931693
22247.48201587825; -0.000270631388911; -0.00340129141829
22251.56657437572; -0.00027277744249; -0.00340675899921
22255.6511328732; -0.000275174340507; -0.00340996467927
22259.73569137067; -0.000276949274002; -0.00341374913493
22263.82024986815; -0.000279404428546; -0.00341909556295
22267.90480836563; -0.000282097672038; -0.00342268332864
22271.9893668631; -0.000283000577045; -0.00342695750731
22276.07392536058; -0.000285485479015; -0.00343158866248
22280.15848385805; -0.000287379910375; -0.00343569379957
22284.24304235553; -0.000290137716099; -0.00343954351378
22288.32760085301; -0.000292805724691; -0.00344412635056
22292.41215935048; -0.000293884926838; -0.00344818740741
22296.49671784796; -0.000297476346424; -0.00345373342676
22300.58127634543; -0.000298751185065; -0.00345744574923
22304.66583484291; -0.000302305510349; -0.00346179712754
22308.75039334039; -0.000303659633741; -0.00346679777238
22312.83495183786; -0.000306452917512; -0.00347073285458
22316.91951033534; -0.000307778533726; -0.00347599568933
22321.00406883282; -0.000310832787388; -0.00347947098687
22325.08862733029; -0.000314198489895; -0.00348421471327
22329.17318582777; -0.000316585630234; -0.00348950523272
22333.25774432524; -0.000318747066418; -0.00349306891522
22337.34230282272; -0.000321783305898; -0.00349851921442
22341.4268613202; -0.000324701352994; -0.00350162599676
22345.51141981767; -0.000325974809; -0.00350738333867
22349.59597831515; -0.000328809107589; -0.00351212696153
22353.68053681263; -0.000331796383061; -0.00351654942601
22357.7650953101; -0.00033511338587; -0.00352155376952
22361.84965380758; -0.000337248010362; -0.00352614414857
22365.93421230506; -0.000339936843406; -0.00353074173048
22370.01877080253; -0.000342848761568; -0.00353530215233
22374.10332930001; -0.000345340237402; -0.00354165714434
22378.18788779749; -0.000348171913645; -0.00354552374625
22382.27244629496; -0.000351060327701; -0.00355025432746
22386.35700479244; -0.000353910596057; -0.00355571459796
22390.44156328991; -0.000356782459338; -0.00356002392644
22394.52612178739; -0.000360204246571; -0.00356486859351
22398.61068028487; -0.00036338956534; -0.00357043336697
22402.69523878234; -0.000365575849418; -0.00357549792004
22406.77979727982; -0.000368213054723; -0.00357949034229
22410.8643557773; -0.000371483352787; -0.0035852385863
22414.94891427477; -0.000373740125336; -0.00359004922496
22419.03347277225; -0.000378032261186; -0.00359571160051
22423.11803126972; -0.00038092111871; -0.00360112595874
22427.2025897672; -0.000384989333431; -0.0036059322298
22431.28714826467; -0.000387727424796; -0.00361178871605
22435.37170676215; -0.000390446501196; -0.00361653841822
22439.45626525963; -0.000393511696784; -0.00362106280086
22443.5408237571; -0.000397229924416; -0.00362698187032
22447.62538225458; -0.000399993481376; -0.00363181300504
22451.70994075206; -0.000404744498645; -0.00363802628656
22455.79449924953; -0.000407599202218; -0.00364333938926
22459.87905774701; -0.000410579621207; -0.00364965116411
22463.96361624448; -0.000413890500928; -0.00365364083909
22468.04817474196; -0.000417975788432; -0.00365929271218
22472.13273323944; -0.000421024657786; -0.00366528473184
22476.21729173691; -0.000425738836219; -0.00366953713266
22480.30185023439; -0.000427890698266; -0.00367540670217
22484.38640873187; -0.000431868090686; -0.00368113735816
22488.47096722934; -0.000436495573724; -0.00368677243309
22492.55552572682; -0.000440023849866; -0.00369275012008
22496.64008422429; -0.000443967798499; -0.00369771887547
22500.72464272177; -0.00044659258655; -0.00370360269219
22504.80920121925; -0.000450812475596; -0.00370995884537
22508.89375971672; -0.000454653085442; -0.00371518736201
22512.9783182142; -0.000459277806825; -0.00372178597012
22517.06287671168; -0.000462897972668; -0.00372652344373
22521.14743520915; -0.000467124917585; -0.00373219725991
22525.23199370663; -0.000470502094025; -0.00373814866852
22529.31655220411; -0.000475754134545; -0.00374391805614
22533.40111070158; -0.000479308958991; -0.00375070424825
22537.48566919906; -0.000483401651293; -0.00375634471164
22541.57022769653; -0.000487196000938; -0.00376311545275
22545.65478619401; -0.00049166732197; -0.00376797941802
22549.73934469149; -0.000496386026314; -0.00377431961905
22553.82390318896; -0.000500561204643; -0.00377993259182
22557.90846168644; -0.000505652643017; -0.00378675804387
22561.99302018392; -0.000509257698259; -0.00379249218068
22566.07757868139; -0.000514863982468; -0.00379913159306
22570.16213717887; -0.000519648020516; -0.0038069150006
22574.24669567634; -0.000523614966325; -0.00381178700307
22578.33125417382; -0.000527643001394; -0.00381754195864
22582.4158126713; -0.000533829140983; -0.0038234178794
22586.50037116877; -0.000537841202823; -0.00383085738763
22590.58492966625; -0.000543111592759; -0.00383719076533
22594.66948816372; -0.00054766437942; -0.00384347736674
22598.7540466612; -0.00055309910071; -0.00384954708443
22602.83860515868; -0.000558690077622; -0.00385671865559
22606.92316365615; -0.000562488315399; -0.00386266956058
22611.00772215363; -0.000568273926714; -0.00386893031801
22615.0922806511; -0.000573621730914; -0.00387529392083
22619.17683914858; -0.000579597904881; -0.00388240122677
22623.26139764606; -0.000583647006097; -0.00388946496485
22627.34595614353; -0.000589719249209; -0.00389665848979
22631.43051464101; -0.000595932490955; -0.00390242407358
22635.51507313849; -0.000601212044639; -0.00390937732539
22639.59963163596; -0.000607232217005; -0.00391576107181
22643.68419013344; -0.000612512113155; -0.00392242526517
22647.76874863092; -0.000617388081905; -0.00392932160185
22651.85330712839; -0.000624875295818; -0.00393672091666
22655.93786562587; -0.000630394579627; -0.00394396568394
22660.02242412334; -0.000636536619277; -0.00395122536545
22664.10698262082; -0.000642085751205; -0.00395793341066
22668.1915411183; -0.000648764430463; -0.00396499486671
22672.27609961577; -0.000655896072593; -0.0039719666294
22676.36065811325; -0.00066177801998; -0.00397911695633
22680.44521661073; -0.000667778243214; -0.00398586412742
22684.5297751082; -0.000675171172931; -0.00399436939122
22688.61433360568; -0.000680787407436; -0.0040014776134
22692.69889210316; -0.000687786015045; -0.00400823820221
22696.78345060063; -0.000693999760645; -0.00401572173992
22700.86800909811; -0.000701233696316; -0.00402196031687
22704.95256759558; -0.00070872497898; -0.00403087015231
22709.03712609306; -0.000715016384385; -0.00403780242244
22713.12168459054; -0.000722655005774; -0.0040451292109
22717.20624308801; -0.000729733021059; -0.0040525701173
22721.29080158549; -0.000736559020427; -0.00405970089073
22725.37536008297; -0.000744431720861; -0.00406678749775
22729.45991858044; -0.000751524550434; -0.00407546076173
22733.54447707792; -0.000759522062425; -0.00408237556567
22737.62903557539; -0.000766606701804; -0.00409069623729
22741.71359407287; -0.000775184188562; -0.00409799817686
22745.79815257034; -0.000782587707893; -0.0041060989621
22749.88271106782; -0.000791001695463; -0.00411431116478
22753.9672695653; -0.000798785448162; -0.00412129210937
22758.05182806277; -0.000807302501208; -0.00412938782969
22762.13638656025; -0.000815789269282; -0.00413819365317
22766.22094505773; -0.000823193986476; -0.00414596448546
22770.3055035552; -0.000832949568643; -0.00415427911845
22774.39006205268; -0.000841127575757; -0.00416130211102
22778.47462055015; -0.00084969429113; -0.00416911934843
22782.55917904763; -0.00085752687922; -0.0041779955097
22786.64373754511; -0.000866905582452; -0.00418541661505
22790.72829604258; -0.000877463510725; -0.00419409458325
22794.81285454006; -0.00088637333955; -0.0042020209286
22798.89741303754; -0.000895833486409; -0.00420988167694
22802.98197153501; -0.000905830253261; -0.00421754401929
22807.06653003249; -0.000914934694565; -0.00422591558764
22811.15108852996; -0.000924126493582; -0.0042343013328
22815.23564702744; -0.000935851758802; -0.00424238301377
22819.32020552492; -0.000944175782007; -0.00425065797642
22823.40476402239; -0.000954691358597; -0.00425877471235
22827.48932251987; -0.000965163223637; -0.00426821280366
22831.57388101735; -0.000975510054041; -0.00427582082
22835.65843951482; -0.000985634832726; -0.0042844493501
22839.7429980123; -0.000997980668833; -0.00429235959531
22843.82755650978; -0.00100839502736; -0.00430022714567
22847.91211500725; -0.00101965417729; -0.00430986543254
22851.99667350473; -0.00103056040701; -0.00431770235915
22856.08123200221; -0.00104322928328; -0.00432666092822
22860.16579049968; -0.00105388489503; -0.00433506357201
22864.25034899716; -0.00106561085757; -0.00434304485669
22868.33490749463; -0.00107786309772; -0.00435224395504
22872.41946599211; -0.00108993125331; -0.00436020760239
22876.50402448959; -0.00110166167438; -0.00436817175121
22880.58858298706; -0.00111388604944; -0.00437782541054
22884.67314148454; -0.00112714407191; -0.00438710402864
22888.75769998201; -0.00114075361797; -0.00439635882533
22892.84225847949; -0.00115264606696; -0.00440440830276
22896.92681697697; -0.00116543500503; -0.00441192285522
22901.01137547444; -0.00117734584183; -0.00442115573144
22905.09593397192; -0.00119246674622; -0.00443085829792
22909.18049246939; -0.00120585572296; -0.00443761517176
22913.26505096687; -0.0012201877082; -0.00444693709841
22917.34960946435; -0.00123444879651; -0.00445573580957
22921.43416796182; -0.00124854120678; -0.00446419563149
22925.5187264593; -0.00126314426775; -0.00447304625662
22929.60328495677; -0.0012781545414; -0.00448215683793
22933.68784345425; -0.0012936833414; -0.00448975509351
22937.77240195173; -0.00130761740563; -0.0044988661116
22941.8569604492; -0.00132434804246; -0.00450733684999
22945.94151894668; -0.00133868290935; -0.0045168270182
22950.02607744416; -0.00135490040552; -0.0045241819956
22954.11063594163; -0.00137151682948; -0.00453360802667
22958.19519443911; -0.00138734210834; -0.0045427079476
22962.27975293659; -0.00140458636836; -0.00455112783302
22966.36431143406; -0.00142099756376; -0.0045595345441
22970.44886993154; -0.00143853758895; -0.00456751157049
22974.53342842901; -0.00145479510046; -0.00457522433833
22978.61798692649; -0.0014729691448; -0.00458478062672
22982.70254542397; -0.00149165858613; -0.00459272318946
22986.78710392144; -0.00150861140329; -0.00460114195956
22990.87166241892; -0.00152810837273; -0.0046097660633
22994.9562209164; -0.00154620751038; -0.00461853490956
22999.04077941387; -0.00156560445854; -0.00462568193261
23003.12533791135; -0.00158499579909; -0.00463460238374
23007.20989640883; -0.00160430168587; -0.00464170030238
23011.2944549063; -0.0016234500437; -0.00465011788593
23015.37901340378; -0.00164396031665; -0.00465769083684
23019.46357190125; -0.0016637529894; -0.00466598832597
23023.54813039873; -0.00168509378847; -0.0046739698992
23027.63268889621; -0.00170637659833; -0.00468162085392
23031.71724739368; -0.00172745963595; -0.00468885442089
23035.80180589116; -0.00174878793046; -0.00469489863206
23039.88636438864; -0.00177120808053; -0.00470359324934
23043.97092288611; -0.0017923123206; -0.00471082525199
23048.05548138359; -0.00181561924129; -0.00471784736439
23052.14003988106; -0.00183814794538; -0.00472444596558
23056.22459837854; -0.00186173123933; -0.00473192532469
23060.30915687602; -0.00188610035193; -0.00473746058127
23064.39371537349; -0.00190910260903; -0.004744591594
23068.47827387097; -0.00193311736009; -0.0047501199314
23072.56283236844; -0.0019582491166; -0.0047570439151
23076.64739086592; -0.00198351572559; -0.00476221511369
23080.7319493634; -0.00200884902253; -0.0047693317246
23084.81650786087; -0.00203436778236; -0.00477405527717
23088.90106635835; -0.00206105455346; -0.00477916325432
23092.98562485582; -0.00208692723804; -0.00478466778715
23097.0701833533; -0.00211419778188; -0.00478954681033
23101.15474185078; -0.00214020438039; -0.00479493174252
23105.23930034825; -0.00216899802496; -0.00479848933631
23109.32385884573; -0.00219663128476; -0.00480298927029
23113.40841734321; -0.00222518512067; -0.00480680415477
23117.49297584068; -0.00225384847953; -0.00481057122841
23121.57753433816; -0.00228315893712; -0.0048140806842
23125.66209283564; -0.00231223614083; -0.00481682781216
23129.74665133311; -0.00234311277631; -0.00482084031708
23133.83120983059; -0.00237278515655; -0.00482271532247
23137.91576832806; -0.00240330819796; -0.00482462820648
23142.00032682554; -0.00243539260682; -0.0048257313642
23146.08488532302; -0.00246733126627; -0.00482710730868
23150.16944382049; -0.00249771341529; -0.00482895612815
23154.25400231797; -0.00253070389842; -0.00483028395371
23158.33856081545; -0.00256454130776; -0.00483012669176
23162.42311931292; -0.00259702168206; -0.00482934379847
23166.5076778104; -0.00263069774993; -0.00482908448622
23170.59223630788; -0.00266436697279; -0.00482742331443
23174.67679480535; -0.00269783619493; -0.00482617299437
23178.76135330283; -0.00273356881426; -0.0048231630745
23182.8459118003; -0.00276881036263; -0.00482118167597
23186.93047029778; -0.00280485683746; -0.00481892069298
23191.01502879526; -0.00284049204824; -0.00481426547
23195.09958729273; -0.00287720436552; -0.00480990346738
23199.18414579021; -0.00291388454026; -0.00480575445081
23203.26870428769; -0.00295054805976; -0.00479929700049
23207.35326278516; -0.00298790740862; -0.0047931844448
23211.43782128264; -0.00302468667547; -0.00478674870479
23215.52237978011; -0.00306364248581; -0.00477963759111
23219.60693827759; -0.00310207147067; -0.00477133907027
23223.69149677506; -0.00314143818881; -0.00476254924555
23227.77605527254; -0.00318010464015; -0.00475340037815
23231.86061377002; -0.00322032019276; -0.00474306393197
23235.94517226749; -0.00325957822149; -0.0047329071316
23240.02973076497; -0.00329955415866; -0.00472043449967
23244.11428926245; -0.00334037795605; -0.00470796584088
23248.19884775992; -0.00338015431906; -0.00469438537956
23252.2834062574; -0.0034211745138; -0.00467955821861
23256.36796475487; -0.00346250686547; -0.00466554584017
23260.45252325235; -0.0035028710169; -0.00464898738766
23264.53708174983; -0.00354557109531; -0.00463209457505
23268.6216402473; -0.00358586470034; -0.00461295201531
23272.70619874478; -0.00362803517586; -0.00459456162687
23276.79075724226; -0.00366899348302; -0.00457539192265
23280.87531573973; -0.00371111119287; -0.00455500313298
23284.95987423721; -0.00375394560182; -0.00453277463635
23289.04443273468; -0.00379496644326; -0.0045099738486
23293.12899123216; -0.00383629076144; -0.00448667770191
23297.21354972964; -0.00387923622213; -0.00446037403768
23301.29810822711; -0.00392170715673; -0.00443468722345
23305.38266672459; -0.00396207918257; -0.00440759823467
23309.46722522207; -0.00400404831952; -0.00437987315171
23313.55178371954; -0.00404530403725; -0.00435202880596
23317.63634221702; -0.0040866517266; -0.00432052695807
23321.7209007145; -0.00412825740142; -0.00428974497425
23325.80545921197; -0.00416861657985; -0.00425685396331
23329.89001770945; -0.00420896662715; -0.00422336145137
23333.97457620693; -0.00424797990384; -0.00418833269904
23338.0591347044; -0.00428832976544; -0.00415164832762
23342.14369320188; -0.00432790525157; -0.00411494691934
23346.22825169935; -0.00436655507483; -0.00407586589114
23350.31281019683; -0.00440467940364; -0.00403684863024
23354.39736869431; -0.00444304718163; -0.00399585862616
23358.48192719178; -0.00447967881314; -0.00395403838835
23362.56648568926; -0.00451627463637; -0.0039113820461
23366.65104418673; -0.00455123476686; -0.00386752208169
23370.73560268421; -0.00458573426538; -0.00382318771402
23374.82016118169; -0.00462020908385; -0.00377562818525
23378.90471967916; -0.00465388102943; -0.00372846039109
23382.98927817664; -0.0046862485398; -0.00368065631604
23387.07383667411; -0.00471704825987; -0.00363054508111
23391.15839517159; -0.0047475230406; -0.00357968481423
23395.24295366907; -0.00477758327446; -0.00352759105044
23399.32751216654; -0.00480598459796; -0.00347542999546
23403.41207066402; -0.00483361964194; -0.00342219636467
23407.49662916149; -0.00486026295818; -0.00336737505782
23411.58118765897; -0.00488404068684; -0.00331223159237
23415.66574615645; -0.00490821015319; -0.00325560834426
23419.75030465392; -0.0049306167793; -0.00319947012848
23423.8348631514; -0.00495220882113; -0.00314201175395
23427.91942164888; -0.00497161195668; -0.00308380570579
23432.00398014635; -0.00499063424609; -0.00302407526333
23436.08853864383; -0.00500754750638; -0.0029643340415
23440.17309714131; -0.00502329093691; -0.0029046934571
23444.25765563878; -0.00503710865348; -0.0028440553938
23448.34221413626; -0.00504941717559; -0.00278209522403
23452.42677263373; -0.00506028750749; -0.002720326043
23456.51133113121; -0.00507033637825; -0.00265841903699
23460.59588962869; -0.00507933050574; -0.00259595746666
23464.68044812616; -0.00508476098712; -0.00253267766653
23468.76500662364; -0.00508926305221; -0.00247102583918
23472.84956512112; -0.0050938901254; -0.00240735093855
23476.93412361859; -0.00509620176473; -0.00234419685538
23481.01868211607; -0.00509711141122; -0.00228153507356
23485.10324061355; -0.00509557814218; -0.00221864305299
23489.18779911102; -0.00509166208495; -0.00215622526443
23493.2723576085; -0.00508837993772; -0.00209222892843
23497.35691610597; -0.00508195762175; -0.00203062971437
23501.44147460345; -0.00507569129462; -0.00196873914244
23505.52603310093; -0.0050660289361; -0.00190571085369
23509.6105915984; -0.00505532240354; -0.00184417809412
23513.69515009588; -0.00504440732931; -0.00178389247879
23517.77970859336; -0.00503076377054; -0.00172306646096
23521.86426709083; -0.00501488598124; -0.00166213937768
23525.94882558831; -0.00499975416893; -0.0016034126489
23530.03338408578; -0.0049813219402; -0.00154505182476
23534.11794258326; -0.00496184142776; -0.00148597574852
23538.20250108073; -0.00494264206528; -0.00142987101938
23542.28705957821; -0.00492116394362; -0.00137225934296
23546.37161807569; -0.00489680125266; -0.00131672890988
23550.45617657316; -0.00487489797653; -0.00126187516119
23554.54073507064; -0.00484920693523; -0.00120602287658
23558.62529356812; -0.00482388528569; -0.00115393449534
23562.70985206559; -0.00479496324258; -0.00110135409759
23566.79441056307; -0.00476703510718; -0.00105023566662
23570.87896906054; -0.00473748650825; -0.000999688063284
23574.96352755802; -0.00470817978856; -0.000949789120163
23579.0480860555; -0.00467599030944; -0.000902476733314
23583.13264455297; -0.00464362040857; -0.000853946069018
23587.21720305045; -0.00461156623469; -0.000809276397014
23591.30176154793; -0.0045775384317; -0.000762279698839
23595.3863200454; -0.00454324583538; -0.00071943302548
23599.47087854288; -0.0045083535537; -0.000676349722655
23603.55543704036; -0.00447316894022; -0.00063486550473
23607.63999553783; -0.00443585747959; -0.00059353339283
23611.72455403531; -0.00439929588893; -0.000554435306845
23615.80911253278; -0.00436140536608; -0.000515766858782
23619.89367103026; -0.0043236992725; -0.000478269905034
23623.97822952774; -0.00428655962048; -0.000442393757189
23628.06278802521; -0.0042468920688; -0.000406504803392
23632.14734652269; -0.00420804000142; -0.000372660663493
23636.23190502017; -0.00416853664324; -0.000340116447132
23640.31646351764; -0.00413013756696; -0.000307133593106
23644.40102201512; -0.00409056626212; -0.000277300628803
23648.4855805126; -0.00404991490774; -0.000247779426811
23652.57013901007; -0.00400977343612; -0.000219163473475
23656.65469750755; -0.00396934235051; -0.000192380528081
23660.73925600502; -0.00392855550503; -0.000165906707652
23664.8238145025; -0.00388907249169; -0.000140631409003
23668.90837299998; -0.00384784860718; -0.000116115401765
23672.99293149745; -0.00380782272468; -9.1779408259e-05
23677.07748999493; -0.00376791735614; -7.08152191162e-05
23681.16204849241; -0.00372596866933; -4.82066518865e-05
23685.24660698988; -0.00368598793724; -2.91431429626e-05
23689.33116548736; -0.00364580145575; -8.95177027162e-06
23693.41572398483; -0.00360582570019; 9.6554518103e-06
23697.50028248231; -0.00356628699344; 2.66668655008e-05
23701.58484097978; -0.00352634238833; 4.41426691494e-05
23705.66939947726; -0.00348751367466; 5.9446008687e-05
23709.75395797474; -0.00344773382984; 7.48445768191e-05
23713.83851647221; -0.00340823778977; 8.92831795115e-05
23717.92307496969; -0.0033692334769; 0.000102297506731
23722.00763346716; -0.00332993057421; 0.000115161458796
23726.09219196464; -0.0032908941308; 0.000127701320682
23730.17675046212; -0.0032529895706; 0.000138572040896
23734.26130895959; -0.00321552459839; 0.000150014627376
23738.34586745707; -0.00317823941206; 0.000158170870563
23742.43042595455; -0.00314084296359; 0.000167451748086
23746.51498445202; -0.00310434881021; 0.000175321679096
23750.5995429495; -0.00306677965481; 0.000183187891668
23754.68410144698; -0.00303121756615; 0.000190613946244
23758.76865994445; -0.00299336195812; 0.000196376083223
23762.85321844193; -0.00295788091662; 0.00020196195837
23766.93777693941; -0.00292340487452; 0.000208988437224
23771.02233543688; -0.00288749917887; 0.000211999171647
23775.10689393436; -0.00285467897902; 0.000217974092442
23779.19145243183; -0.00281988321834; 0.000221230288688
23783.27601092931; -0.00278549810784; 0.000223307776516
23787.36056942679; -0.00275203597572; 0.000226000198304
23791.44512792426; -0.00271920118151; 0.00022919409935
23795.52968642174; -0.00268563773324; 0.00023093130869
23799.61424491922; -0.00265457559995; 0.000232763958319
23803.69880341669; -0.00262172492636; 0.000232883465877
23807.78336191417; -0.00259061326551; 0.000233777007826
23811.86792041165; -0.00255945264181; 0.000234958062201
23815.95247890912; -0.00252775456488; 0.00023276260053
23820.0370374066; -0.00249847202954; 0.000233317256704
23824.12159590407; -0.002467323026; 0.000232975244191
23828.20615440155; -0.00243765132647; 0.000230949343102
23832.29071289903; -0.0024083874787; 0.000229252226413
23836.3752713965; -0.00237984555127; 0.000227432430122
23840.45982989398; -0.00235023949799; 0.000225149920666
23844.54438839145; -0.00232292043584; 0.000223233579838
23848.62894688893; -0.00229485803066; 0.000219565086149
23852.7135053864; -0.00226739200749; 0.000216755115986
23856.79806388388; -0.00224068930724; 0.000214180743119
23860.88262238136; -0.00221362233178; 0.000209661200397
23864.96718087883; -0.00218686473167; 0.000205941094507
23869.05173937631; -0.00216023960631; 0.000202581496627
23873.13629787379; -0.00213486395537; 0.000196781222102
23877.22085637126; -0.00210946026058; 0.000192709675487
23881.30541486874; -0.00208550536568; 0.0001890756726
23885.38997336621; -0.00206007420642; 0.000183563149657
23889.47453186369; -0.00203582129048; 0.000178549354395
23893.55909036117; -0.00201203863583; 0.000173262605532
23897.64364885864; -0.00198837908516; 0.000168919147408
23901.72820735612; -0.0019650546556; 0.000161799738377
23905.8127658536; -0.00194200161047; 0.000156527441028
23909.89732435107; -0.0019190353755; 0.00015045983029
23913.98188284855; -0.00189687155095; 0.000144916452213
23918.06644134603; -0.00187531546356; 0.000138313703504
23922.1509998435; -0.00185397420686; 0.000133145170795
23926.23555834098; -0.00183236188506; 0.000125999050536
23930.32011683845; -0.00181105947476; 0.00011909910134
23934.40467533593; -0.00178951265404; 0.000113989784094
23938.48923383341; -0.00176795547587; 0.000107614321948
23942.57379233088; -0.00174926368365; 0.00010022765132
23946.65835082836; -0.0017291598466; 9.24626034274e-05
23950.74290932584; -0.0017090454624; 8.66843829875e-05
23954.82746782331; -0.00169004124355; 7.85588665484e-05
23958.91202632079; -0.00167082308942; 7.17006830274e-05
23962.99658481827; -0.00165177691551; 6.40425026654e-05
23967.08114331574; -0.00163389848856; 5.7514819185e-05
23971.16570181322; -0.00161555541803; 5.02956310327e-05
23975.25026031069; -0.00159691661742; 4.22058583362e-05
23979.33481880817; -0.00157995120754; 3.52178078785e-05
23983.41937730565; -0.00156225308178; 2.89158028608e-05
23987.50393580312; -0.00154532733409; 1.98399882743e-05
23991.5884943006; -0.00152734082736; 1.28186603401e-05
23995.67305279808; -0.00151053892282; 5.40459562781e-06
23999.75761129555; -0.00149374760413; -2.2928053728e-06
24003.84216979303; -0.00147813791282; -1.08320058131e-05
24007.9267282905; -0.00146208903983; -1.75641062977e-05
24012.01128678798; -0.001446109745; -2.60975085781e-05
24016.09584528545; -0.00143009257601; -3.3002731465e-05
24020.18040378293; -0.00141449192837; -4.02917274631e-05
24024.26496228041; -0.00140074293209; -4.80001731604e-05
24028.34952077788; -0.00138508547225; -5.66324665492e-05
24032.43407927536; -0.00137055344945; -6.46345342975e-05
24036.51863777284; -0.0013552043968; -7.19624970075e-05
24040.60319627031; -0.00134162690236; -8.03220724139e-05
24044.68775476779; -0.00132667323468; -8.84965037074e-05
24048.77231326526; -0.00131215784111; -9.63724279569e-05
24052.85687176274; -0.00129947464271; -0.00010365158243
24056.94143026022; -0.00128632468332; -0.000112125704246
24061.02598875769; -0.00127233610392; -0.000119461851073
24065.11054725517; -0.00125948196053; -0.000127699637658
24069.19510575265; -0.00124579259865; -0.000135501987316
24073.27966425012; -0.00123368454318; -0.000143475156419
24077.3642227476; -0.00122050107969; -0.000149492607823
24081.44878124508; -0.00120761330728; -0.000159092539608
24085.53333974255; -0.00119493967887; -0.000167181694834
24089.61789824003; -0.0011831597074; -0.000174778146697
24093.7024567375; -0.00117136681483; -0.000181736845426
24097.78701523498; -0.00115923936615; -0.000190651952096
24101.87157373246; -0.00114857559544; -0.000198408352326
24105.95613222993; -0.0011360460997; -0.000205941123508
24110.04069072741; -0.00112544804909; -0.00021408136285
24114.12524922489; -0.00111376278067; -0.000221097503941
24118.20980772236; -0.00110230463335; -0.000228629264723
24122.29436621984; -0.00109184073027; -0.000236843411508
24126.37892471732; -0.00108197189818; -0.000244556385809
24130.46348321479; -0.00107088995463; -0.00025247726401
24134.54804171227; -0.00105974479395; -0.00025957047582
24138.63260020974; -0.00105161001791; -0.000267977610061
24142.71715870722; -0.00104009041264; -0.000276267144311
24146.8017172047; -0.00103017833785; -0.000282716141664
24150.88627570217; -0.00101999454855; -0.00029073918579
24154.97083419965; -0.0010107787158; -0.000297491039711
24159.05539269712; -0.00100143386967; -0.000305326884463
24163.1399511946; -0.000990420420797; -0.000313639817433
24167.22450969208; -0.000980086079649; -0.000320943080174
24171.30906818955; -0.00097155807083; -0.000328442164873
24175.39362668703; -0.000962585732187; -0.000335464285511
24179.4781851845; -0.000954169158349; -0.000342157852213
24183.56274368198; -0.000944795323418; -0.000349971944807
24187.64730217946; -0.000935317854849; -0.000357849198691
24191.73186067693; -0.000926850991752; -0.000364348405456
24195.81641917441; -0.000918432448655; -0.00037268887382
24199.90097767188; -0.000909592291982; -0.000380426924018
24203.98553616936; -0.000901794131538; -0.000386824621867
24208.07009466684; -0.000893556324107; -0.000394305545691
24212.15465316431; -0.000885374042393; -0.000401014610307
24216.23921166179; -0.000877613696183; -0.000408454261155
24220.32377015927; -0.000869650325297; -0.000415615410707
24224.40832865674; -0.000861957180126; -0.000423137077499
24228.49288715422; -0.000853943565751; -0.000430091933481
24232.5774456517; -0.000845793307881; -0.000437207178222
24236.66200414917; -0.000838623056199; -0.00044431447231
24240.74656264665; -0.000831072234297; -0.000450191365625
24244.83112114413; -0.000823152366572; -0.0004578907855
24248.9156796416; -0.000817042291457; -0.000465751199143
24253.00023813908; -0.000809382092297; -0.000472512391352
24257.08479663655; -0.000802817783292; -0.000479042888796
24261.16935513403; -0.000794434111848; -0.000486056658776
24265.25391363151; -0.00078810823095; -0.000492421617156
24269.33847212898; -0.000781874981301; -0.000499163246085
24273.42303062646; -0.000774844610699; -0.000505904758474
24277.50758912394; -0.000767656503069; -0.000512353098049
24281.59214762141; -0.000760657711765; -0.000519064051538
24285.67670611889; -0.000754383326989; -0.0005259455217
24289.76126461636; -0.000748608131131; -0.000532492419763
24293.84582311384; -0.000742101065023; -0.00053964708853
24297.93038161132; -0.00073559806805; -0.000545876338121
24302.01494010879; -0.000729561667374; -0.000552818636155
24306.09949860627; -0.000722757498473; -0.000558574814663
24310.18405710375; -0.000717425674041; -0.000565414066529
24314.26861560122; -0.000710107322392; -0.000572252726078
24318.3531740987; -0.000705124690345; -0.000578367056946
24322.43773259617; -0.000698999365396; -0.000584331365359
24326.52229109365; -0.000693211569281; -0.000591636755592
24330.60684959112; -0.000688573666017; -0.000596687966082
24334.6914080886; -0.000682176793179; -0.000603151633953
24338.77596658608; -0.000676131409298; -0.000609739355755
24342.86052508355; -0.000670559481197; -0.00061620311732
24346.94508358103; -0.000665479657374; -0.000622663090677
24351.02964207851; -0.000659853087567; -0.000628834175512
24355.11420057598; -0.000654064090896; -0.000633849930571
24359.19875907346; -0.000649352302805; -0.000641637376323
24363.28331757093; -0.000645130504577; -0.000646891947956
24367.36787606841; -0.000638346966971; -0.000653123405502
24371.45243456589; -0.000633534953061; -0.000658744034685
24375.53699306336; -0.000628121047376; -0.000664634483809
24379.62155156084; -0.000622941107427; -0.000671552194644
24383.70611005832; -0.000619133473284; -0.000676805773955
24387.79066855579; -0.000613454374187; -0.000682046712239
24391.87522705327; -0.000609828543186; -0.000688786828916
24395.95978555075; -0.00060384907648; -0.000693303907449
24400.04434404822; -0.000600241554048; -0.000700204277497
24404.1289025457; -0.000595147191094; -0.000706095651096
24408.21346104317; -0.000591473303482; -0.000711495540887
24412.29801954065; -0.000586640140037; -0.000717156207644
24416.38257803813; -0.000580894695221; -0.000723601567791
24420.4671365356; -0.000577146305541; -0.000728653680987
24424.55169503308; -0.00057273936197; -0.000734883757282
24428.63625353056; -0.000567793699837; -0.000739657687494
24432.72081202803; -0.000563325867317; -0.000746013999212
24436.80537052551; -0.000559504519054; -0.000750393101462
24440.88992902299; -0.000554450671142; -0.000756587947176
24444.97448752046; -0.000551113592507; -0.000761792830252
24449.05904601794; -0.000546519166635; -0.000767915051002
24453.14360451541; -0.000543282179895; -0.000773369327418
24457.22816301289; -0.000539144679951; -0.000779064601824
24461.31272151037; -0.000534329884154; -0.000784012985996
24465.39728000784; -0.000530315579821; -0.000787961574773
24469.48183850532; -0.000527054342733; -0.00079461688885
24473.5663970028; -0.000523179496935; -0.000800097330333
24477.65095550027; -0.000518488604682; -0.00080528902922
24481.73551399775; -0.000515003886856; -0.000810006224927
24485.82007249522; -0.000511585830138; -0.00081439094995
24489.9046309927; -0.000507398153245; -0.000820995405529
24493.98918949017; -0.000503505897044; -0.00082567258474
24498.07374798765; -0.00049977767073; -0.000831161875812
24502.15830648513; -0.000496276927521; -0.000836243495583
24506.2428649826; -0.000492454048467; -0.000842084347997
24510.32742348008; -0.000489219491069; -0.000846270985337
24514.41198197756; -0.000485285676735; -0.00085128801503
24518.49654047503; -0.000482245247194; -0.000855896254946
24522.58109897251; -0.000479147671373; -0.000861633088639
24526.66565746998; -0.000475893305; -0.000866266897844
24530.75021596746; -0.000472681950934; -0.000871338561166
24534.83477446494; -0.00046846504493; -0.000875824987952
24538.91933296241; -0.000465977661309; -0.000880864123347
24543.00389145989; -0.000462672206665; -0.000885720183888
24547.08844995737; -0.000459514165364; -0.000891233895309
24551.17300845484; -0.00045646084833; -0.000896368938846
24555.25756695232; -0.000452769542007; -0.000901012116339
24559.3421254498; -0.000450279422732; -0.000905487733125
24563.42668394727; -0.000446784096754; -0.000910987867198
24567.51124244475; -0.000443249440674; -0.000914849094801
24571.59580094222; -0.000441024991972; -0.000920189121504
24575.6803594397; -0.000437703555023; -0.000923682325221
24579.76491793718; -0.000433424833364; -0.000929116372963
24583.84947643465; -0.000431098087351; -0.00093341264495
24587.93403493213; -0.00042839485987; -0.000938745353394
24592.01859342961; -0.000426025840868; -0.000942496069722
24596.10315192708; -0.000422483291521; -0.000947641771796
24600.18771042456; -0.000419727671905; -0.000951906017709
24604.27226892204; -0.000417039367945; -0.000956587539828
24608.35682741951; -0.000414773651576; -0.000960115329964
24612.44138591699; -0.0004117205587; -0.00096520231212
24616.52594441446; -0.000409381015273; -0.00096954835805
24620.61050291194; -0.000406215626943; -0.000974203068401
24624.69506140942; -0.000403236100351; -0.000978501142029
24628.77961990689; -0.000400084225599; -0.000982145199598
24632.86417840437; -0.000398316590516; -0.000987530451103
24636.94873690184; -0.000395387728958; -0.00099165172743
24641.03329539932; -0.000392849897614; -0.000996150887014
24645.11785389679; -0.000389925290502; -0.00100109115784
24649.20241239427; -0.00038801621247; -0.00100469134316
24653.28697089175; -0.000385216166218; -0.00100943735144
24657.37152938922; -0.000383851264056; -0.00101390139737
24661.4560878867; -0.000379851852013; -0.00101646157541
24665.54064638418; -0.000377792519599; -0.00102101919999
24669.62520488165; -0.000375634670774; -0.00102630573931
24673.70976337913; -0.000372844858438; -0.00102954735127
24677.7943218766; -0.000369971285594; -0.00103372244452
24681.87888037408; -0.000368145444909; -0.00103833626313
24685.96343887156; -0.000365508577609; -0.00104243880896
24690.04799736903; -0.000362730462055; -0.0010457876123
24694.13255586651; -0.000361000530128; -0.00105125816234
24698.21711436399; -0.000357816000831; -0.0010544379341
24702.30167286146; -0.00035684847813; -0.00105899555037
24706.38623135894; -0.000355304367555; -0.00106289137862
24710.47078985642; -0.00035252968582; -0.00106689966356
24714.55534835389; -0.000350275429615; -0.00107084744179
24718.63990685137; -0.000347502055745; -0.00107446888581
24722.72446534885; -0.000345739057651; -0.00107779380111
24726.80902384632; -0.000343082967615; -0.00108268681218
24730.8935823438; -0.000341289614856; -0.00108689006822
24734.97814084127; -0.000339067982271; -0.0010906725307
24739.06269933875; -0.000337500733751; -0.00109423088073
24743.14725783623; -0.000335250968379; -0.00109813800607
24747.2318163337; -0.000332699172682; -0.00110232514711
24751.31637483118; -0.00033081200881; -0.00110524814243
24755.40093332866; -0.000328505351547; -0.00111047430558
24759.48549182613; -0.000327263030371; -0.00111332054242
24763.57005032361; -0.000325836616175; -0.00111700578473
24767.65460882108; -0.000322599082273; -0.00112137373297
24771.73916731856; -0.000322260676735; -0.00112536680023
24775.82372581604; -0.000320458077228; -0.00112923124888
24779.90828431351; -0.0003174443303; -0.00113234265144
24783.99284281099; -0.000315091713071; -0.00113542774393
24788.07740130847; -0.000314466234575; -0.00113907325613
24792.16195980594; -0.000310946322322; -0.00114266965964
24796.24651830342; -0.000309763376997; -0.00114728196207
24800.33107680089; -0.000308729037646; -0.00115075397287
24804.41563529837; -0.000306199176417; -0.00115454365845
24808.50019379584; -0.00030366553821; -0.00115737931906
24812.58475229332; -0.00030346258515; -0.00116141260374
24816.6693107908; -0.000300981792239; -0.00116530656096
24820.75386928827; -0.000299055600193; -0.00116854100559
24824.83842778575; -0.00029766584883; -0.00117164897764
24828.92298628323; -0.000295874433868; -0.00117527185813
24833.0075447807; -0.000293928623157; -0.00117928659632
24837.09210327818; -0.00029252891042; -0.00118228793961
24841.17666177565; -0.000290297260769; -0.00118527598101
24845.26122027313; -0.00028923447301; -0.00118881314805
24849.34577877061; -0.000286942277262; -0.00119180390719
24853.43033726808; -0.000285352635959; -0.00119612878651
24857.51489576556; -0.000283904383834; -0.00119929214635
24861.59945426304; -0.000283040840006; -0.00120304975662
24865.68401276051; -0.000279626186414; -0.00120650773383
24869.76857125799; -0.00027882426693; -0.0012090978057
24873.85312975547; -0.000277904205293; -0.00121238052532
24877.93768825294; -0.000275825309368; -0.00121593824865
24882.02224675042; -0.000274031432755; -0.00121996789805
24886.10680524789; -0.000273055158621; -0.00122314218982
24890.19136374537; -0.000270168702208; -0.00122582608718
24894.27592224285; -0.000269293214517; -0.00122904113614
24898.36048074032; -0.000268133558833; -0.00123232422931
24902.4450392378; -0.000266461668506; -0.00123668087024
24906.52959773528; -0.000264293398762; -0.00123945915472
24910.61415623275; -0.000264317592263; -0.00124259959069
24914.69871473023; -0.000262290110382; -0.00124578837582
24918.78327322771; -0.000260659477338; -0.00124937509903
24922.86783172518; -0.000259008793776; -0.00125189404902
24926.95239022266; -0.00025851056641; -0.00125458362908
24931.03694872013; -0.000256424833157; -0.00125848495464
24935.12150721761; -0.000255189666238; -0.00126165405479
24939.20606571509; -0.000253728033922; -0.0012650374834
24943.29062421256; -0.000252646599743; -0.00126748685778
24947.37518271004; -0.000251420235873; -0.00127130479692
24951.45974120751; -0.000250537571925; -0.00127482305184
24955.54429970499; -0.000247703319106; -0.00127714457809
24959.62885820247; -0.000247390174314; -0.00128052907486
24963.71341669994; -0.000245630656193; -0.00128340387726
24967.79797519742; -0.000244441324007; -0.00128681569443
24971.88253369489; -0.000242792111159; -0.00128942614066
24975.96709219237; -0.00024128174753; -0.00129232472679
24980.05165068985; -0.000239931663042; -0.00129559525885
24984.13620918732; -0.000239129620094; -0.00129854792052
24988.2207676848; -0.000237949553503; -0.00130163383479
24992.30532618228; -0.000235897822044; -0.0013037836405
24996.38988467975; -0.000235149000782; -0.00130813772031
25000.47444317723; -0.000234607812109; -0.0013095270729
25004.5590016747; -0.00023263052387; -0.00131288068077
25008.64356017218; -0.000232139176295; -0.00131597202212
25012.72811866966; -0.00023064400296; -0.00131881376459
25016.81267716713; -0.000229554136429; -0.00132190373122
25020.89723566461; -0.000228956871415; -0.00132480806181
25024.98179416209; -0.000227148436978; -0.00132770316058
25029.06635265956; -0.000224986337708; -0.00133030209641
25033.15091115704; -0.000224498682186; -0.00133434000062
25037.23546965452; -0.000223583678313; -0.00133598268115
25041.32002815199; -0.00022278822146; -0.0013390370892
25045.40458664947; -0.000220883778418; -0.00134146331163
25049.48914514694; -0.00022038786347; -0.00134441502306
25053.57370364442; -0.000219139749904; -0.00134778152911
25057.6582621419; -0.000218909401836; -0.00134980043079
25061.74282063937; -0.0002162345113; -0.00135319253683
25065.82737913685; -0.000215042982313; -0.00135573630834
25069.91193763433; -0.000214290302919; -0.0013582490324
25073.9964961318; -0.000213847242805; -0.00136040546513
25078.08105462928; -0.000211781375451; -0.00136421134978
25082.16561312675; -0.00021194466579; -0.00136699469218
25086.25017162423; -0.000210827775026; -0.00136991903221
25090.33473012171; -0.000208721875714; -0.00137238356251
25094.41928861918; -0.000207224900661; -0.00137546665927
25098.50384711666; -0.000206548598207; -0.0013776625461
25102.58840561414; -0.00020568635109; -0.00137953276427
25106.67296411161; -0.000205465238308; -0.00138256037901
25110.75752260909; -0.000205007690448; -0.00138524060309
25114.84208110656; -0.000202544585867; -0.00138754210512
25118.92663960404; -0.000201710795158; -0.00139088733726
25123.01119810151; -0.00020092997313; -0.00139314652331
25127.09575659899; -0.000200043008043; -0.00139577882593
25131.18031509647; -0.000198915175661; -0.00139924027526
25135.26487359394; -0.000198404652658; -0.0014001731797
25139.34943209142; -0.000196270263784; -0.00140362604015
25143.4339905889; -0.000196146707707; -0.00140562296059
25147.51854908637; -0.000194744186699; -0.00140882930574
25151.60310758385; -0.000194074581802; -0.00141166517158
25155.68766608133; -0.000192986462143; -0.00141431202287
25159.7722245788; -0.000192330097743; -0.00141603316344
25163.85678307628; -0.000190687393142; -0.00141887336704
25167.94134157375; -0.000190248726245; -0.001422345938
25172.02590007123; -0.00018901684568; -0.00142308886918
25176.11045856871; -0.000188018261842; -0.00142664420494
25180.19501706618; -0.000187916081609; -0.00142954121181
25184.27957556366; -0.000186490394654; -0.00143240920772
25188.36413406114; -0.000185407223911; -0.00143361884074
25192.44869255861; -0.000184200373398; -0.00143612246244
25196.53325105609; -0.000182994624515; -0.00143887099142
25200.61780955357; -0.000182618728286; -0.00144180763739
25204.70236805104; -0.000181926966995; -0.0014432098537
25208.78692654852; -0.00018189538162; -0.00144567719711
25212.87148504599; -0.00018066959245; -0.00144892448708
25216.95604354347; -0.000178147263021; -0.00145067293435
25221.04060204095; -0.000178786240941; -0.00145418832531
25225.12516053842; -0.000177726145298; -0.00145668077331
25229.2097190359; -0.000177729008724; -0.00145742454288
25233.29427753338; -0.000176220312888; -0.00146100639256
25237.37883603085; -0.000175551113689; -0.00146311783595
25241.46339452833; -0.000174908373254; -0.00146561208844
25245.5479530258; -0.000173868340283; -0.00146819408149
25249.63251152328; -0.000173880582843; -0.00147052845462
25253.71707002076; -0.000172020604822; -0.00147219037157
25257.80162851823; -0.000171781753094; -0.00147447331018
25261.88618701571; -0.000169970370693; -0.00147696184221
25265.97074551319; -0.000169430285958; -0.001478757869
25270.05530401066; -0.000168965463609; -0.00148184744386
25274.13986250814; -0.000169056490221; -0.00148410594313
25278.22442100561; -0.000167849627322; -0.00148656106583
25282.30897950309; -0.000167162487097; -0.0014892628476
25286.39353800056; -0.000166792237026; -0.00149123642078
25290.47809649804; -0.000165767829048; -0.00149425578864
25294.56265499552; -0.000164634006965; -0.0014962620586
25298.64721349299; -0.000163590551407; -0.00149697353817
25302.73177199047; -0.000162650425636; -0.00150028352142
25306.81633048795; -0.000163237887818; -0.00150289980104
25310.90088898542; -0.000161601691387; -0.00150423038871
25314.9854474829; -0.000160470493803; -0.00150633602763
25319.07000598037; -0.000158306020498; -0.00150839647068
25323.15456447785; -0.000159320049943; -0.00151144614835
25327.23912297533; -0.000157812992899; -0.00151404367886
25331.3236814728; -0.000157620179446; -0.00151581045554
25335.40823997028; -0.00015687063725; -0.00151809553065
25339.49279846776; -0.000156574947708; -0.00151975962379
25343.57735696523; -0.000155446337084; -0.00152190738624
25347.66191546271; -0.000154369682743; -0.00152350912987
25351.74647396019; -0.000154001514086; -0.00152644918843
25355.83103245766; -0.000153743575777; -0.0015281237318
25359.91559095514; -0.000153128531661; -0.00153073301532
25364.00014945262; -0.000152113177736; -0.00153246730931
25368.08470795009; -0.000151380151085; -0.0015347060046
25372.16926644757; -0.000151404441817; -0.00153721034454
25376.25382494504; -0.000150424523323; -0.00153914119019
25380.33838344252; -0.000149377578022; -0.00154188152543
25384.42294194; -0.000148025349735; -0.00154322738525
25388.50750043747; -0.000148286156546; -0.00154547104915
25392.59205893495; -0.000147727160618; -0.0015473052548
25396.67661743242; -0.000146729131864; -0.00154962395316
25400.7611759299; -0.000146161861356; -0.00155215934593
25404.84573442738; -0.000145327297481; -0.00155373642743
25408.93029292485; -0.000143865858553; -0.00155647286901
25413.01485142233; -0.000144418792548; -0.00155916195336
25417.09940991981; -0.00014305419416; -0.00156056537261
25421.18396841728; -0.000141927769106; -0.00156314435362
25425.26852691476; -0.000142758893623; -0.00156485454104
25429.35308541223; -0.000141212057626; -0.00156646769098
25433.43764390971; -0.000141077152309; -0.00156813665565
25437.52220240718; -0.000140336650935; -0.00157104990807
25441.60676090466; -0.000140109858072; -0.00157230213184
25445.69131940214; -0.00013985748692; -0.00157374759777
25449.77587789961; -0.000139162595661; -0.00157712790988
25453.86043639709; -0.000137417877137; -0.00157897399339
25457.94499489457; -0.000137538662405; -0.00158103083961
25462.02955339204; -0.000136437112092; -0.00158228242069
25466.11411188952; -0.000135978976377; -0.00158587460059
25470.198670387; -0.000135615487095; -0.00158664007479
25474.28322888447; -0.000135068637033; -0.0015873649884
25478.36778738195; -0.000134022072199; -0.00159004584356
25482.45234587942; -0.000133812634431; -0.00159235259052
25486.5369043769; -0.000133264512658; -0.00159440437767
25490.62146287438; -0.000133207002296; -0.00159655581309
25494.70602137185; -0.000131908151157; -0.00159802481105
25498.79057986933; -0.000131671990391; -0.0016002000609
25502.87513836681; -0.000130737979938; -0.00160236098584
25506.95969686428; -0.000130480713793; -0.00160432605198
25511.04425536176; -0.000130018766946; -0.00160574760665
25515.12881385924; -0.000129936897543; -0.00160818589464
25519.21337235671; -0.000128832767731; -0.0016104145401
25523.29793085419; -0.00012798039614; -0.0016115451489
25527.38248935166; -0.000127691353693; -0.00161358931141
25531.46704784914; -0.000127348509091; -0.00161596824786
25535.55160634662; -0.00012768980744; -0.00161712370579
25539.63616484409; -0.000126844191177; -0.00161941144055
25543.72072334157; -0.000125407688221; -0.00162071824673
25547.80528183905; -0.000124724351435; -0.00162362720547
25551.88984033652; -0.000125159668823; -0.00162538265799
25555.974398834; -0.000124447908399; -0.00162584489992
25560.05895733147; -0.000123895869417; -0.00162883815978
25564.14351582895; -0.000123731659757; -0.00162983263787
25568.22807432643; -0.000122231267271; -0.00163290020634
25572.3126328239; -0.000122527323588; -0.00163513061428
25576.39719132138; -0.000121479603353; -0.00163570997427
25580.48174981886; -0.000121346241981; -0.00163721553775
25584.56630831633; -0.000120655098776; -0.00163891491839
25588.65086681381; -0.000119292186874; -0.00164101757089
25592.73542531128; -0.000119751906611; -0.00164236740661
25596.81998380876; -0.000120066766889; -0.00164415023129
25600.90454230623; -0.000118412410736; -0.00164734210062
25604.98910080371; -0.000118856890256; -0.00164800938448
25609.07365930119; -0.000118818024699; -0.00165049200388
25613.15821779866; -0.000117274066742; -0.00165229423523
25617.24277629614; -0.000116169130688; -0.00165481299337
25621.32733479362; -0.000116695055758; -0.00165579971973
25625.41189329109; -0.000115708346705; -0.00165721552862
25629.49645178857; -0.000115759730595; -0.00166002088634
25633.58101028605; -0.000114702694688; -0.00166017515001
25637.66556878352; -0.000113986520355; -0.00166250156517
25641.750127281; -0.000114022193943; -0.00166457209197
25645.83468577847; -0.00011322155417; -0.001666448686
25649.91924427595; -0.000112212983188; -0.00166822817402
25654.00380277343; -0.000112372566781; -0.00167053005683
25658.0883612709; -0.00011271804042; -0.00167147209248
25662.17291976838; -0.000111813391158; -0.00167314283371
25666.25747826586; -0.000111573989191; -0.00167519498941
25670.34203676333; -0.000110855602365; -0.00167692565335
25674.42659526081; -0.000109623680723; -0.00167867679689
25678.51115375829; -0.000109651724201; -0.00167994955265
25682.59571225576; -0.000109934739639; -0.00168187747657
25686.68027075324; -0.000109440127171; -0.00168372604566
25690.76482925071; -0.000108341368975; -0.00168511924122
25694.84938774819; -0.000108443223741; -0.00168747064482
25698.93394624567; -0.000107760487195; -0.00168965850438
25703.01850474314; -0.000106190848563; -0.00169058712191
25707.10306324062; -0.000107017480785; -0.0016919665932
25711.18762173809; -0.000107371324468; -0.00169313770274
25715.27218023557; -0.000106879744582; -0.00169585677084
25719.35673873305; -0.000105999800288; -0.00169648908043
25723.44129723052; -0.000105020087489; -0.00169817788008
25727.525855728; -0.000103827376793; -0.00170082738848
25731.61041422548; -0.000105943188708; -0.00170158979286
25735.69497272295; -0.000104304587319; -0.00170345159514
25739.77953122043; -0.000104069897882; -0.00170483977771
25743.86408971791; -0.000104002371915; -0.00170633951603
25747.94864821538; -0.000102962784719; -0.0017084396638
25752.03320671285; -0.000102348384844; -0.00171033161797
25756.11776521033; -0.000102414803026; -0.00171178791521
25760.20232370781; -0.000102450565692; -0.00171368118994
25764.28688220528; -0.000102166043156; -0.001715522218
25768.37144070276; -0.000101367405873; -0.00171699267128
25772.45599920024; -0.000100403342144; -0.00171810388081
25776.54055769771; -9.9690676707e-05; -0.00172013957966
25780.62511619519; -9.97632335153e-05; -0.00172074365454
25784.70967469267; -9.95220020607e-05; -0.00172289149022
25788.79423319014; -9.97063203156e-05; -0.00172449822123
25792.87879168762; -9.82348249352e-05; -0.00172566316645
25796.96335018509; -9.81118518665e-05; -0.00172800899904
25801.04790868257; -9.84806496864e-05; -0.00172878799382
25805.13246718005; -9.73051010056e-05; -0.0017303405242
25809.21702567752; -9.68373011526e-05; -0.00173274392708
25813.301584175; -9.75906140174e-05; -0.00173403442279
25817.38614267248; -9.67023081425e-05; -0.00173563248306
25821.47070116995; -9.4843502831e-05; -0.00173720747362
25825.55525966743; -9.50770073288e-05; -0.00173981845747
25829.63981816491; -9.6239348205e-05; -0.00173970781642
25833.72437666238; -9.51061545923e-05; -0.00174337359992
25837.80893515986; -9.41114348089e-05; -0.00174366617211
25841.89349365734; -9.3556879175e-05; -0.00174547160143
25845.97805215481; -9.42310469064e-05; -0.00174663167866
25850.06261065229; -9.4388435468e-05; -0.0017481304392
25854.14716914976; -9.37520032001e-05; -0.00174966305237
25858.23172764724; -9.38533045739e-05; -0.0017519006228
25862.31628614472; -9.33844101667e-05; -0.00175285342291
25866.40084464219; -9.20571693137e-05; -0.00175401159788
25870.48540313967; -9.19105434447e-05; -0.00175634109593
25874.56996163714; -9.1746099859e-05; -0.00175781686945
25878.65452013462; -9.08036747475e-05; -0.00175959353635
25882.7390786321; -9.08193521258e-05; -0.00176059763427
25886.82363712957; -9.07574723935e-05; -0.0017615640835
25890.90819562705; -8.98834359537e-05; -0.00176265892464
25894.99275412453; -9.01837661008e-05; -0.00176554312525
25899.077312622; -9.02515603024e-05; -0.00176619131291
25903.16187111948; -8.94608997489e-05; -0.00176762872235
25907.24642961695; -8.93924317684e-05; -0.00176923070036
25911.33098811443; -8.88143124894e-05; -0.0017704646988
25915.4155466119; -8.88699692095e-05; -0.00177198826901
25919.50010510938; -8.90244431909e-05; -0.00177477790373
25923.58466360686; -8.79627840642e-05; -0.00177537770701
25927.66922210433; -8.80569794132e-05; -0.00177821430086
25931.75378060181; -8.69736899767e-05; -0.00177854795433
25935.83833909929; -8.71108785567e-05; -0.00177933938513
25939.92289759676; -8.67688699667e-05; -0.00178193448783
25944.00745609424; -8.62619283223e-05; -0.0017831811936
25948.09201459172; -8.6430637046e-05; -0.00178463719476
25952.17657308919; -8.4885647844e-05; -0.00178504759987
