% Module: Sweep, ID: c0p1t8p1cfm0
% Devices: DEV646
% Time: 2026/01/16 10:51:02
% Demod 1 Sample X, /dev646/demods/0/sample.X
% Demod 1 Sample Y, /dev646/demods/0/sample.Y
% Frequency (Hz); Demod 1 Sample X  Amplitude (V); Demod 1 Sample Y  Amplitude (V)
22500; -0.000123675372798; -0.00695867598078
22502.00133422282; -0.000124859958069; -0.00696375193432
22504.00266844563; -0.000126328746488; -0.00696875313532
22506.00400266845; -0.000126715729183; -0.00697279818448
22508.00533689126; -0.000127508928927; -0.00697812439953
22510.00667111408; -0.000128303962697; -0.00698195440291
22512.00800533689; -0.00012906228248; -0.00698633411363
22514.00933955971; -0.00012987062144; -0.00699119567233
22516.01067378252; -0.000130670014119; -0.00699638940686
22518.01200800534; -0.000132382689492; -0.00700046300443
22520.01334222815; -0.000133211942136; -0.00700555846232
22522.01467645097; -0.000134253150585; -0.0070103256362
22524.01601067378; -0.000134746119491; -0.00701467604827
22526.0173448966; -0.000136475818492; -0.0070194135962
22528.01867911941; -0.000137147795577; -0.0070241877858
22530.02001334223; -0.000138448106352; -0.00702924633447
22532.02134756504; -0.000139251631474; -0.00703391108758
22534.02268178786; -0.000140078729857; -0.00703938758562
22536.02401601067; -0.000141534261778; -0.00704339501478
22538.02535023349; -0.000142146899244; -0.00704826305134
22540.0266844563; -0.000142810224435; -0.00705324521038
22542.02801867912; -0.000144356398654; -0.00705794905766
22544.02935290194; -0.000145322977496; -0.0070629066065
22546.03068712475; -0.000145786848216; -0.00706773575481
22548.03202134756; -0.00014766009935; -0.00707348944713
22550.03335557038; -0.00014861431763; -0.00707782618455
22552.0346897932; -0.000149216098018; -0.00708277151352
22554.03602401601; -0.00015098916064; -0.00708774348726
22556.03735823883; -0.000151904230129; -0.00709222848103
22558.03869246164; -0.00015267077049; -0.00709746650358
22560.04002668446; -0.000154317048682; -0.00710321400058
22562.04136090727; -0.000154963754481; -0.00710775022238
22564.04269513009; -0.00015631543153; -0.00711271988509
22566.0440293529; -0.000157630008048; -0.00711767373619
22568.04536357572; -0.000158164946324; -0.00712255890745
22570.04669779853; -0.000159827871061; -0.00712815796533
22572.04803202135; -0.00016067461588; -0.00713227450312
22574.04936624416; -0.000161695664963; -0.00713765563134
22576.05070046698; -0.000162526718557; -0.0071424414028
22578.05203468979; -0.000164222485841; -0.00714737750941
22580.05336891261; -0.000165359495278; -0.0071525243235
22582.05470313543; -0.000166028429242; -0.00715810770399
22584.05603735824; -0.000167057274052; -0.00716345039674
22586.05737158105; -0.000168890744847; -0.00716925624811
22588.05870580387; -0.000169775329746; -0.00717489173535
22590.06004002668; -0.000170999245965; -0.00717936092574
22592.0613742495; -0.00017218053519; -0.00718461756109
22594.06270847232; -0.000172930920089; -0.00718944088101
22596.06404269513; -0.000174440315474; -0.00719569987141
22598.06537691794; -0.000175620981536; -0.00720133135352
22600.06671114076; -0.000176824316614; -0.00720596324516
22602.06804536358; -0.000177972827754; -0.00721108708477
22604.06937958639; -0.000179738699042; -0.00721650764978
22606.07071380921; -0.000179734194132; -0.00722262773627
22608.07204803202; -0.000181754490217; -0.00722718096293
22610.07338225484; -0.000182489924442; -0.00723248566205
22612.07471647765; -0.00018415360819; -0.00723834680676
22614.07605070047; -0.000185649360379; -0.00724346957366
22616.07738492328; -0.000186982905245; -0.00724945419705
22618.0787191461; -0.000187802999913; -0.00725389614066
22620.08005336891; -0.000189105338871; -0.00725990567711
22622.08138759173; -0.000190583051725; -0.0072658937084
22624.08272181454; -0.000191492465748; -0.00727090637934
22626.08405603736; -0.000192537557868; -0.00727655707988
22628.08539026017; -0.000194458936614; -0.00728245878847
22630.08672448299; -0.000195984563924; -0.00728821935727
22632.08805870581; -0.000197095868146; -0.00729319431305
22634.08939292862; -0.000198811594793; -0.00729902807352
22636.09072715143; -0.000199934344179; -0.00730540388906
22638.09206137425; -0.000201126212478; -0.00731012040191
22640.09339559706; -0.000202843529764; -0.00731582814988
22642.09472981988; -0.00020427507611; -0.00732194952146
22644.0960640427; -0.000205073626161; -0.00732759432199
22646.09739826551; -0.000206593097229; -0.00733319640537
22648.09873248832; -0.000207326021186; -0.00733909172164
22650.10006671114; -0.000208922532819; -0.00734465063617
22652.10140093396; -0.000210232715581; -0.00735074409559
22654.10273515677; -0.000212006276903; -0.0073563382827
22656.10406937959; -0.000213580772604; -0.00736245690755
22658.1054036024; -0.00021471786358; -0.00736756819875
22660.10673782522; -0.000215702389833; -0.00737434042881
22662.10807204803; -0.000217815329476; -0.00737938694138
22664.10940627085; -0.000218905435241; -0.00738563531902
22666.11074049366; -0.000221743177726; -0.00739172415883
22668.11207471648; -0.000221970712599; -0.00739785798305
22670.11340893929; -0.000223873637081; -0.00740352964651
22672.11474316211; -0.000224952733688; -0.00740913826336
22674.11607738492; -0.000226128574219; -0.00741574600699
22676.11741160774; -0.000228412874778; -0.00742171820844
22678.11874583055; -0.000229559217964; -0.00742685941537
22680.12008005337; -0.000231380679817; -0.00743330353265
22682.12141427619; -0.000232863878134; -0.00744009507676
22684.122748499; -0.000234126140749; -0.00744517232039
22686.12408272181; -0.000235417113698; -0.00745233886156
22688.12541694463; -0.000236881820366; -0.00745805029966
22690.12675116745; -0.000238313359482; -0.00746417976944
22692.12808539026; -0.000240278343237; -0.00747051214158
22694.12941961308; -0.000241896049327; -0.00747675248664
22696.13075383589; -0.000243249312322; -0.00748289943421
22698.1320880587; -0.000245207456286; -0.00748922159659
22700.13342228152; -0.000246114854358; -0.00749593305393
22702.13475650434; -0.00024792064491; -0.00750199292748
22704.13609072715; -0.000249260350249; -0.00750787616658
22706.13742494997; -0.000251030284288; -0.00751468047833
22708.13875917278; -0.000252536040313; -0.00752048006631
22710.1400933956; -0.000254630024377; -0.00752694918126
22712.14142761841; -0.000256360469697; -0.00753339327169
22714.14276184123; -0.000257100795837; -0.00754087224633
22716.14409606404; -0.000258988544255; -0.00754680882381
22718.14543028686; -0.00026039777659; -0.0075528350358
22720.14676450967; -0.000262738907193; -0.00756038437191
22722.14809873249; -0.000264200075888; -0.00756666798744
22724.1494329553; -0.000266391889122; -0.00757251270921
22726.15076717812; -0.000268000880394; -0.00757921758392
22728.15210140093; -0.000269299203756; -0.00758553640241
22730.15343562375; -0.000271361639984; -0.00759208248723
22732.15476984657; -0.000273518704567; -0.00759894001036
22734.15610406938; -0.000274475581808; -0.00760560003758
22736.15743829219; -0.000276549531662; -0.00761199923538
22738.15877251501; -0.000278314997483; -0.00761891352009
22740.16010673783; -0.000279871015228; -0.00762604559937
22742.16144096064; -0.000282192936171; -0.00763264178261
22744.16277518346; -0.000283482094018; -0.00763920957689
22746.16410940627; -0.000285062896117; -0.00764652140306
22748.16544362908; -0.00028716556869; -0.00765301097677
22750.1667778519; -0.000288691425695; -0.00765984360231
22752.16811207472; -0.000290746430893; -0.00766651690241
22754.16944629753; -0.00029241949793; -0.00767418406075
22756.17078052035; -0.000295173576985; -0.00768159206137
22758.17211474316; -0.000296765731324; -0.00768769958391
22760.17344896598; -0.000298647860816; -0.00769529553784
22762.17478318879; -0.000300316167861; -0.00770176929825
22764.17611741161; -0.000302323317681; -0.00770956950518
22766.17745163442; -0.000304378780271; -0.00771636593528
22768.17878585724; -0.00030621237876; -0.00772298791649
22770.18012008005; -0.000307606834575; -0.00773008758601
22772.18145430287; -0.000310094144272; -0.00773702877664
22774.18278852568; -0.000311652414818; -0.00774469419665
22776.1841227485; -0.000313792084305; -0.00775241630323
22778.18545697131; -0.000316567290817; -0.00775934363944
22780.18679119413; -0.000316682927473; -0.00776680695693
22782.18812541695; -0.000320368682102; -0.00777349236444
22784.18945963976; -0.000322093148489; -0.00778104860188
22786.19079386257; -0.000324026713641; -0.0077886165961
22788.19212808539; -0.000326212277401; -0.00779599092032
22790.19346230821; -0.000327853063744; -0.00780295521629
22792.19479653102; -0.000329845369198; -0.00780968091307
22794.19613075384; -0.000332650401906; -0.00781817387346
22796.19746497665; -0.000334414724019; -0.00782511840391
22798.19879919946; -0.00033663120676; -0.00783293546162
22800.20013342228; -0.000338605590496; -0.00784017822834
22802.2014676451; -0.000340812938568; -0.00784850403934
22804.20280186791; -0.00034279415194; -0.00785582115151
22806.20413609073; -0.000345330771804; -0.0078633505608
22808.20547031354; -0.00034797632646; -0.00787077209354
22810.20680453636; -0.00034925786035; -0.00787862691395
22812.20813875917; -0.000351886006679; -0.00788639274978
22814.20947298199; -0.000354593970536; -0.00789349039334
22816.2108072048; -0.000356238828553; -0.00790184338427
22818.21214142762; -0.000358358859451; -0.00790942291689
22820.21347565043; -0.000360717945235; -0.00791794968115
22822.21480987325; -0.000363099907885; -0.00792477554698
22824.21614409606; -0.000365256793388; -0.00793321125663
22826.21747831888; -0.000367520943043; -0.00794075881756
22828.21881254169; -0.000370127182135; -0.00794909079227
22830.22014676451; -0.000372696450082; -0.00795686661562
22832.22148098733; -0.000375122770674; -0.00796392137388
22834.22281521014; -0.000376534245657; -0.007972416487
22836.22414943295; -0.000379730150116; -0.0079810279697
22838.22548365577; -0.000382083016811; -0.00798903286357
22840.22681787859; -0.000384826243096; -0.0079971423147
22842.2281521014; -0.00038660992487; -0.00800521329105
22844.22948632422; -0.000389549143576; -0.00801348867602
22846.23082054703; -0.000391553038427; -0.00802148288135
22848.23215476984; -0.000394464984128; -0.00803027402563
22850.23348899266; -0.000396939904186; -0.00803850791439
22852.23482321548; -0.000398956888839; -0.00804666960265
22854.23615743829; -0.000401362632676; -0.00805478565765
22856.23749166111; -0.000404323510616; -0.00806412855322
22858.23882588392; -0.000406686967693; -0.00807192255368
22860.24016010674; -0.000409544854619; -0.0080799323263
22862.24149432955; -0.000411811093842; -0.00808917444212
22864.24282855237; -0.000414638708412; -0.00809689649124
22866.24416277518; -0.000417743363104; -0.0081059229192
22868.245496998; -0.000419924239643; -0.0081141086845
22870.24683122081; -0.000422721413777; -0.00812355332068
22872.24816544363; -0.000425516567498; -0.00813200877599
22874.24949966644; -0.00042815287302; -0.00814065550251
22876.25083388926; -0.00043061889372; -0.0081500453269
22878.25216811207; -0.000433245053866; -0.00815815150637
22880.25350233489; -0.000436231527481; -0.00816678640518
22882.25483655771; -0.000438859705272; -0.00817598698825
22884.25617078052; -0.000441931220181; -0.008184795053
22886.25750500333; -0.000444836293475; -0.00819407046183
22888.25883922615; -0.000447616583598; -0.00820288981321
22890.26017344897; -0.000450478658047; -0.00821191875958
22892.26150767178; -0.000453470626047; -0.00822011918686
22894.2628418946; -0.000456132966712; -0.00822975731112
22896.26417611741; -0.00045902541698; -0.00823862063128
22898.26551034023; -0.00046185742769; -0.00824805295489
22900.26684456304; -0.000464734038961; -0.00825754771517
22902.26817878586; -0.00046798533506; -0.00826657547384
22904.26951300867; -0.000471734292978; -0.00827548210569
22906.27084723149; -0.000474538905373; -0.00828546246377
22908.2721814543; -0.000477190249957; -0.00829438768259
22910.27351567712; -0.000480093876385; -0.00830408995138
22912.27484989993; -0.000483075908705; -0.0083121137839
22914.27618412275; -0.000486693447741; -0.00832263163798
22916.27751834556; -0.00048960817902; -0.00833127902905
22918.27885256838; -0.000492291469677; -0.0083412057182
22920.28018679119; -0.000495551089972; -0.0083505147989
22922.28152101401; -0.000499282359714; -0.00836047600724
22924.28285523682; -0.000502160732242; -0.00836987576477
22926.28418945964; -0.000505566725787; -0.0083801620947
22928.28552368245; -0.00050904573607; -0.00838973648865
22930.28685790527; -0.000512456795149; -0.00839972542555
22932.28819212809; -0.000515213963172; -0.00840948984676
22934.2895263509; -0.00051867106968; -0.00841882372466
22936.29086057372; -0.000521536346251; -0.00842907822367
22938.29219479653; -0.000525612760089; -0.0084393908352
22940.29352901935; -0.000529234091641; -0.00844881631387
22942.29486324216; -0.000532325991303; -0.0084590589427
22944.29619746498; -0.00053596949248; -0.0084696184823
22946.29753168779; -0.000538482305696; -0.00847918972568
22948.29886591061; -0.000542628525765; -0.0084890705461
22950.30020013342; -0.00054591363104; -0.00849945965626
22952.30153435624; -0.000549799461072; -0.00850982785413
22954.30286857905; -0.000553169864415; -0.00852063651684
22956.30420280187; -0.000557079383786; -0.00853041920331
22958.30553702468; -0.000560361655175; -0.00854120257235
22960.3068712475; -0.000564277239249; -0.0085514447051
22962.30820547031; -0.000568154408618; -0.00856259790552
22964.30953969313; -0.000571133809054; -0.00857274290572
22966.31087391594; -0.000575206405146; -0.00858384596157
22968.31220813876; -0.000579620144507; -0.00859358934141
22970.31354236157; -0.000583464103785; -0.00860423806429
22972.31487658439; -0.000586722869068; -0.00861536046395
22974.31621080721; -0.000590845607185; -0.00862590997057
22976.31754503002; -0.000594930005292; -0.00863691044633
22978.31887925283; -0.000598879978396; -0.00864828211672
22980.32021347565; -0.000602486624738; -0.00865882675311
22982.32154769847; -0.000606590796973; -0.00867045853668
22984.32288192128; -0.000610547824871; -0.00868002993314
22986.3242161441; -0.000614537223925; -0.00869192771344
22988.32555036691; -0.000618354667131; -0.00870302012299
22990.32688458973; -0.00062271368894; -0.00871405368592
22992.32821881254; -0.000626958276417; -0.00872537437096
22994.32955303536; -0.00063077489715; -0.00873624814422
22996.33088725817; -0.000635501703687; -0.00874731993969
22998.33222148099; -0.000640085137632; -0.00875954491876
23000.3335557038; -0.000644328473938; -0.00877088386807
23002.33488992662; -0.000648419896606; -0.00878239119186
23004.33622414943; -0.000652905978234; -0.00879394758674
23006.33755837225; -0.000657510766178; -0.00880604062784
23008.33889259506; -0.000661257344908; -0.00881757098473
23010.34022681788; -0.000666524263256; -0.00882906112151
23012.3415610407; -0.000670306308956; -0.00884001871981
23014.34289526351; -0.000674701256356; -0.00885200059509
23016.34422948632; -0.000679416942272; -0.00886365175371
23018.34556370914; -0.000683953538162; -0.00887575919356
23020.34689793196; -0.000689078478708; -0.00888828480478
23022.34823215477; -0.000693231308025; -0.00890022409976
23024.34956637759; -0.000698552203069; -0.00891244691633
23026.3509006004; -0.00070288607921; -0.00892360280048
23028.35223482321; -0.000707632869495; -0.00893619034982
23030.35356904603; -0.000712174115605; -0.00894869582867
23032.35490326885; -0.000717666866649; -0.00896149225331
23034.35623749166; -0.000722316833701; -0.0089739185021
23036.35757171448; -0.000727204702006; -0.00898622108229
23038.35890593729; -0.000731894395088; -0.00899773677012
23040.36024016011; -0.000736929065418; -0.00901127279443
23042.36157438292; -0.00074168232718; -0.00902357608462
23044.36290860574; -0.000747000319029; -0.00903615031084
23046.36424282855; -0.000752430639949; -0.00904959942552
23048.36557705137; -0.000757387251315; -0.0090619514384
23050.36691127418; -0.000763160665224; -0.00907504527638
23052.368245497; -0.000768108057843; -0.0090878485775
23054.36957971981; -0.000772926816851; -0.00910098856336
23056.37091394263; -0.000778794893577; -0.00911377735035
23058.37224816544; -0.000784254037602; -0.00912782651239
23060.37358238826; -0.000789495482816; -0.00914121925695
23062.37491661108; -0.000795346001061; -0.00915334980898
23064.37625083389; -0.000800372966127; -0.00916665494521
23066.3775850567; -0.000805622731999; -0.00918004970626
23068.37891927952; -0.000811386497616; -0.00919369540006
23070.38025350234; -0.000817421582427; -0.00920702997655
23072.38158772515; -0.000823301608402; -0.00922042744626
23074.38292194797; -0.000828521532616; -0.00923411636006
23076.38425617078; -0.000833981425651; -0.00924809334507
23078.38559039359; -0.000840032608538; -0.00926214085747
23080.38692461641; -0.000846333888315; -0.00927506326783
23082.38825883923; -0.000853006824106; -0.00928929256122
23084.38959306204; -0.000858126392421; -0.00930336625022
23086.39092728486; -0.000864571156022; -0.00931779506401
23088.39226150767; -0.000870395579354; -0.0093316840216
23090.39359573049; -0.000877454499442; -0.0093459232512
23092.3949299533; -0.000882656723018; -0.00936085442872
23094.39626417612; -0.0008896357655; -0.00937539106912
23096.39759839893; -0.000895453903127; -0.00938975142347
23098.39893262175; -0.000902022647657; -0.00940387019889
23100.40026684456; -0.000908558116787; -0.00941864660326
23102.40160106738; -0.000915016003037; -0.00943332265659
23104.40293529019; -0.000921634879747; -0.00944802210317
23106.40426951301; -0.000928209310281; -0.0094625361934
23108.40560373582; -0.000934872001849; -0.00947734269536
23110.40693795864; -0.000941350300929; -0.00949244575034
23112.40827218146; -0.000948382317863; -0.0095078285474
23114.40960640427; -0.000955596288864; -0.00952259587411
23116.41094062708; -0.00096246825989; -0.00953814103057
23118.4122748499; -0.000968987104243; -0.00955366297401
23120.41360907272; -0.000976050498472; -0.00956852934536
23122.41494329553; -0.00098401318058; -0.00958472589485
23124.41627751835; -0.000990167012937; -0.00959979719298
23126.41761174116; -0.000998005925349; -0.00961608175619
23128.41894596397; -0.00100512032423; -0.00963087187176
23130.42028018679; -0.00101248369945; -0.00964716117188
23132.42161440961; -0.0010203637913; -0.00966292366445
23134.42294863242; -0.00102815251145; -0.0096789383781
23136.42428285524; -0.00103552395271; -0.0096951235615
23138.42561707805; -0.00104259738223; -0.00971066703894
23140.42695130087; -0.00105085419817; -0.00972697648381
23142.42828552368; -0.00105859265368; -0.00974370383912
23144.4296197465; -0.0010661827136; -0.0097600410447
23146.43095396931; -0.00107392090627; -0.00977610210162
23148.43228819213; -0.001081851829; -0.00979310951526
23150.43362241494; -0.00109066411565; -0.00980929448726
23152.43495663776; -0.00109881293973; -0.00982718449708
23154.43629086057; -0.00110714127416; -0.00984385450649
23156.43762508339; -0.00111543302621; -0.00986013728644
23158.4389593062; -0.00112359020264; -0.00987768508835
23160.44029352902; -0.0011321895904; -0.00989512848677
23162.44162775184; -0.00114050947085; -0.00991222179101
23164.44296197465; -0.00114946184513; -0.00992897263382
23166.44429619746; -0.00115815298444; -0.00994609701682
23168.44563042028; -0.00116649171663; -0.00996386231246
23170.4469646431; -0.00117579105241; -0.00998170323726
23172.44829886591; -0.00118430088197; -0.00999934912196
23174.44963308873; -0.00119355433695; -0.0100163857309
23176.45096731154; -0.00120265591637; -0.0100351386004
23178.45230153435; -0.00121184131098; -0.0100528683319
23180.45363575717; -0.00122117322362; -0.0100704359384
23182.45496997999; -0.00123035368517; -0.0100887164511
23184.4563042028; -0.00124074642369; -0.0101078424424
23186.45763842562; -0.00124961295959; -0.0101263946386
23188.45897264843; -0.00126053258158; -0.0101443059639
23190.46030687125; -0.00126959694239; -0.0101640752815
23192.46164109406; -0.0012794702097; -0.0101821583478
23194.46297531688; -0.00128912193607; -0.01020114846
23196.46430953969; -0.00129963305314; -0.0102195232259
23198.46564376251; -0.00130994744369; -0.0102382986925
23200.46697798532; -0.00132011604447; -0.0102574599189
23202.46831220814; -0.0013308902773; -0.010276867207
23204.46964643095; -0.0013412768505; -0.0102960627408
23206.47098065377; -0.00135175887623; -0.01031607915
23208.47231487658; -0.00136276979745; -0.0103347483563
23210.4736490994; -0.00137362446889; -0.0103553354396
23212.47498332222; -0.00138493855969; -0.0103746536071
23214.47631754503; -0.00139592799468; -0.0103950991022
23216.47765176784; -0.00140658115062; -0.0104141044426
23218.47898599066; -0.00141769465831; -0.0104346742608
23220.48032021348; -0.00142924319723; -0.0104549539783
23222.48165443629; -0.00144093826033; -0.0104755233014
23224.48298865911; -0.00145324765914; -0.0104961458276
23226.48432288192; -0.00146455927706; -0.01051689319
23228.48565710473; -0.00147668286975; -0.0105368061272
23230.48699132755; -0.00148808167668; -0.0105577235278
23232.48832555037; -0.0015012887592; -0.0105784433068
23234.48965977318; -0.00151348155396; -0.0105997758239
23236.490993996; -0.00152531119429; -0.010620611233
23238.49232821881; -0.00153874377935; -0.0106426784455
23240.49366244163; -0.00155057436123; -0.0106631835645
23242.49499666444; -0.00156372963631; -0.0106845725364
23244.49633088726; -0.00157653386021; -0.010706347133
23246.49766511007; -0.00159000416266; -0.0107290029553
23248.49899933289; -0.00160346369371; -0.0107501167203
23250.5003335557; -0.00161632690061; -0.0107718706054
23252.50166777852; -0.00163050231638; -0.0107950492727
23254.50300200133; -0.00164367544688; -0.0108170964429
23256.50433622415; -0.00165770931046; -0.0108392967067
23258.50567044696; -0.00167169058584; -0.0108622114982
23260.50700466978; -0.00168659136938; -0.0108848573535
23262.5083388926; -0.00169898591588; -0.0109082491376
23264.50967311541; -0.00171446370353; -0.0109304696486
23266.51100733822; -0.00172903477035; -0.0109537600572
23268.51234156104; -0.00174397734803; -0.0109770025272
23270.51367578386; -0.00175885931292; -0.011000167556
23272.51501000667; -0.00177453138835; -0.0110256026495
23274.51634422949; -0.00178928330876; -0.0110480902619
23276.5176784523; -0.00180524650121; -0.0110721225586
23278.51901267512; -0.00181997688262; -0.0110958671138
23280.52034689793; -0.00183732602707; -0.0111195032309
23282.52168112075; -0.00185286843249; -0.0111445331528
23284.52301534356; -0.00186904159233; -0.0111687499575
23286.52434956638; -0.0018856885168; -0.0111941606076
23288.52568378919; -0.00190161310616; -0.0112190150182
23290.52701801201; -0.0019184398459; -0.0112435080548
23292.52835223482; -0.00193551305378; -0.0112682050287
23294.52968645764; -0.00195320070808; -0.0112946166547
23296.53102068045; -0.00196995434962; -0.0113186750258
23298.53235490327; -0.00198744768559; -0.0113449288519
23300.53368912608; -0.00200548104761; -0.0113705037709
23302.5350233489; -0.00202284487335; -0.011396680695
23304.53635757171; -0.00204164762115; -0.0114222242313
23306.53769179453; -0.002059846222; -0.011448060015
23308.53902601734; -0.00207850778632; -0.0114743595192
23310.54036024016; -0.0020974369307; -0.0115006183448
23312.54169446298; -0.00211625499634; -0.0115272628325
23314.54302868579; -0.00213626124284; -0.0115546594657
23316.54436290861; -0.00215565041505; -0.0115824498344
23318.54569713142; -0.00217512939954; -0.0116094021598
23320.54703135424; -0.00219557645027; -0.0116359488076
23322.54836557705; -0.00221644495866; -0.0116638587541
23324.54969979987; -0.00223665935753; -0.0116914018751
23326.55103402268; -0.00225793069807; -0.0117190321805
23328.5523682455; -0.0022785189316; -0.0117474016206
23330.55370246831; -0.00229961872638; -0.0117749445412
23332.55503669113; -0.00232146699672; -0.0118025390297
23334.55637091394; -0.00234340347986; -0.0118318615817
23336.55770513676; -0.00236517480633; -0.0118611056987
23338.55903935957; -0.00238803564525; -0.0118897904721
23340.56037358239; -0.00241119644608; -0.011918994437
23342.5617078052; -0.0024334674284; -0.0119476216798
23344.56304202802; -0.00245587741432; -0.0119775621711
23346.56437625083; -0.00247985827744; -0.0120073451436
23348.56571047365; -0.00250390692183; -0.0120360275751
23350.56704469647; -0.00252801177225; -0.0120660508277
23352.56837891928; -0.00255169285307; -0.0120963256805
23354.5697131421; -0.00257704275518; -0.0121267017933
23356.57104736491; -0.00260232650202; -0.0121574839377
23358.57238158772; -0.00262774584443; -0.0121879582729
23360.57371581054; -0.00265410537884; -0.0122184776488
23362.57505003336; -0.00267964514781; -0.0122494807151
23364.57638425617; -0.00270617303501; -0.0122804797817
23366.57771847899; -0.00273323671389; -0.0123120571795
23368.5790527018; -0.00276040971833; -0.0123435028992
23370.58038692462; -0.00278835257695; -0.0123761048431
23372.58172114743; -0.00281583357388; -0.0124072123448
23374.58305537025; -0.00284324021198; -0.0124394422112
23376.58438959306; -0.00287271884974; -0.0124712671033
23378.58572381588; -0.00290171393358; -0.0125044484388
23380.58705803869; -0.00293160310054; -0.0125371440339
23382.58839226151; -0.00296131345685; -0.0125702913171
23384.58972648432; -0.00299139125105; -0.0126029231172
23386.59106070714; -0.00302218490457; -0.0126364733272
23388.59239492995; -0.00305276330316; -0.0126692551216
23390.59372915277; -0.00308494923162; -0.0127031178166
23392.59506337559; -0.0031162233618; -0.0127375105995
23394.5963975984; -0.00314911470113; -0.0127716953239
23396.59773182121; -0.00318096843568; -0.0128061101818
23398.59906604403; -0.00321504918412; -0.0128402836978
23400.60040026685; -0.00324855743544; -0.0128751619157
23402.60173448966; -0.0032825609787; -0.0129096604091
23404.60306871248; -0.00331810449085; -0.0129451699507
23406.60440293529; -0.00335313812117; -0.0129794309871
23408.6057371581; -0.0033878826825; -0.0130154369602
23410.60707138092; -0.00342435400241; -0.0130512885198
23412.60840560374; -0.00346071971619; -0.0130870499521
23414.60973982655; -0.00349816870302; -0.0131234733851
23416.61107404937; -0.00353616233888; -0.0131584565645
23418.61240827218; -0.00357333239718; -0.0131946046532
23420.613742495; -0.00361260210939; -0.0132323838959
23422.61507671781; -0.00365292118963; -0.0132688783702
23424.61641094063; -0.00369137263489; -0.0133055899988
23426.61774516344; -0.00373239687946; -0.0133430061247
23428.61907938626; -0.00377348087704; -0.013380633563
23430.62041360907; -0.00381549879415; -0.0134168050019
23432.62174783189; -0.00385832623461; -0.0134552376023
23434.6230820547; -0.00390114524004; -0.0134934037264
23436.62441627752; -0.00394450800217; -0.0135310072518
23438.62575050033; -0.003988622611; -0.0135692137108
23440.62708472315; -0.0040337490247; -0.013607789422
23442.62841894597; -0.00407878583011; -0.0136462732575
23444.62975316878; -0.00412523822057; -0.0136846609651
23446.63108739159; -0.00417225025965; -0.0137229107335
23448.63242161441; -0.00421972177686; -0.0137622581791
23450.63375583723; -0.00426905411241; -0.0138024673759
23452.63509006004; -0.00431767574585; -0.0138427365489
23454.63642428286; -0.00436769959745; -0.0138817162884
23456.63775850567; -0.00441719682105; -0.0139211859179
23458.63909272848; -0.00446908009482; -0.0139618247716
23460.6404269513; -0.00452148727355; -0.0140017374307
23462.64176117412; -0.00457421960256; -0.0140423100379
23464.64309539693; -0.00462835329363; -0.0140817372844
23466.64442961975; -0.00468305240342; -0.0141229186349
23468.64576384256; -0.00473819487517; -0.0141633669532
23470.64709806538; -0.00479476600938; -0.0142038675396
23472.64843228819; -0.00485211506003; -0.0142455631603
23474.64976651101; -0.00490943355633; -0.0142858744707
23476.65110073382; -0.0049693489402; -0.0143271246321
23478.65243495664; -0.0050290513741; -0.0143687162334
23480.65376917945; -0.00509041557472; -0.0144104376705
23482.65510340227; -0.00515077975363; -0.0144515919807
23484.65643762508; -0.00521404342637; -0.0144931631179
23486.6577718479; -0.00527840440644; -0.0145343930645
23488.65910607071; -0.00534291897256; -0.0145757302023
23490.66044029353; -0.00540874609148; -0.014617254107
23492.66177451635; -0.00547573602112; -0.0146594414394
23494.66310873916; -0.00554406587634; -0.0147009023376
23496.66444296197; -0.00561248892681; -0.0147418534295
23498.66577718479; -0.00568293730975; -0.0147838396556
23500.66711140761; -0.00575511607501; -0.0148261921025
23502.66844563042; -0.00582723979871; -0.0148675776588
23504.66977985324; -0.00590073358518; -0.0149094816601
23506.67111407605; -0.00597515168251; -0.0149511814788
23508.67244829886; -0.00605095515814; -0.0149924175123
23510.67378252168; -0.00612875026683; -0.0150350494104
23512.6751167445; -0.00620700072334; -0.015075904015
23514.67645096731; -0.00628683761173; -0.0151171575313
23516.67778519013; -0.00636804766717; -0.015158394617
23518.67911941294; -0.00645075341941; -0.015199872125
23520.68045363576; -0.006534460684; -0.0152420983558
23522.68178785857; -0.00661937105296; -0.015281717353
23524.68312208139; -0.00670526589564; -0.0153228433282
23526.6844563042; -0.00679294693083; -0.0153620139761
23528.68579052702; -0.00688232668841; -0.0154024289731
23530.68712474983; -0.00697313222165; -0.0154436623273
23532.68845897265; -0.00706576920504; -0.0154820165272
23534.68979319546; -0.00715944047946; -0.0155218090684
23536.69112741828; -0.00725414403075; -0.0155608387395
23538.69246164109; -0.00735184358033; -0.0155995036456
23540.69379586391; -0.00744992640563; -0.0156375078748
23542.69513008673; -0.00754996690773; -0.0156754345922
23544.69646430954; -0.00765168084895; -0.015713566112
23546.69779853235; -0.00775513718435; -0.0157500981071
23548.69913275517; -0.00786108189947; -0.0157860651719
23550.70046697799; -0.00796702420185; -0.0158223915169
23552.7018012008; -0.00807576578218; -0.0158577077841
23554.70313542362; -0.00818587166496; -0.0158924862694
23556.70446964643; -0.00829866593332; -0.0159279533523
23558.70580386924; -0.00841196781756; -0.0159601854408
23560.70713809206; -0.0085278841967; -0.0159928421644
23562.70847231488; -0.00864508305968; -0.0160245496434
23564.70980653769; -0.00876452907168; -0.0160548746487
23566.71114076051; -0.00888648542193; -0.0160851682859
23568.71247498332; -0.00900918221941; -0.0161148910785
23570.71380920614; -0.00913511958791; -0.0161442253083
23572.71514342895; -0.00926245372964; -0.0161710067331
23574.71647765177; -0.00939160607833; -0.0161974443295
23576.71781187458; -0.00952262031277; -0.0162221491409
23578.7191460974; -0.00965634374092; -0.0162459354278
23580.72048032021; -0.00979096153365; -0.0162683581149
23582.72181454303; -0.00992835521544; -0.0162890429232
23584.72314876584; -0.0100684164465; -0.0163092565251
23586.72448298866; -0.0102106942309; -0.0163279048657
23588.72581721147; -0.0103538324962; -0.0163454007784
23590.72715143429; -0.0105005720801; -0.0163613063979
23592.72848565711; -0.0106477743743; -0.0163743541835
23594.72981987992; -0.0107993497468; -0.0163867777409
23596.73115410273; -0.0109518055323; -0.0163974964011
23598.73248832555; -0.0111060590999; -0.0164056037862
23600.73382254837; -0.0112629774526; -0.0164118248351
23602.73515677118; -0.0114221340982; -0.0164164131828
23604.736490994; -0.0115844492191; -0.0164182757954
23606.73782521681; -0.0117470771515; -0.0164184502027
23608.73915943962; -0.0119125790345; -0.0164150222873
23610.74049366244; -0.012081766136; -0.0164106854721
23612.74182788526; -0.012251687261; -0.0164027393298
23614.74316210807; -0.0124237838427; -0.0163933414093
23616.74449633089; -0.0125996091549; -0.0163808373344
23618.7458305537; -0.0127755064764; -0.0163649552846
23620.74716477652; -0.0129552026855; -0.0163470431869
23622.74849899933; -0.0131353712929; -0.0163254854839
23624.74983322215; -0.013318557313; -0.0163001360955
23626.75116744496; -0.0135031472826; -0.0162721070405
23628.75250166778; -0.0136909357107; -0.0162412228271
23630.75383589059; -0.0138797330093; -0.0162060992459
23632.75517011341; -0.0140704721799; -0.0161673552032
23634.75650433622; -0.0142631302672; -0.0161260766114
23636.75783855904; -0.0144584178034; -0.0160794848896
23638.75917278185; -0.0146552139953; -0.0160291025403
23640.76050700467; -0.0148530813432; -0.0159751738206
23642.76184122749; -0.015052360498; -0.0159170798989
23644.7631754503; -0.0152533052986; -0.015853434157
23646.76450967311; -0.0154559936171; -0.0157866112701
23648.76584389593; -0.0156594114106; -0.0157146296142
23650.76717811875; -0.0158657429268; -0.0156392038072
23652.76851234156; -0.0160719784221; -0.0155574118547
23654.76984656438; -0.016278330595; -0.0154704938464
23656.77118078719; -0.0164866880186; -0.0153796333322
23658.77251501001; -0.0166957502753; -0.0152834550827
23660.77384923282; -0.0169047944758; -0.0151814721065
23662.77518345564; -0.0171150820307; -0.0150733470424
23664.77651767845; -0.0173255586928; -0.0149609101793
23666.77785190127; -0.0175354392568; -0.014842492338
23668.77918612408; -0.0177452300809; -0.0147177447434
23670.7805203469; -0.0179559801091; -0.0145876720866
23672.78185456971; -0.0181651613987; -0.0144511813375
23674.78318879253; -0.01837310217; -0.0143092328356
23676.78452301534; -0.0185805762304; -0.014160826047
23678.78585723816; -0.0187877755602; -0.0140064950425
23680.78719146098; -0.018992662954; -0.0138452480065
23682.78852568379; -0.019196429566; -0.0136784561934
23684.7898599066; -0.0193988769573; -0.0135056218969
23686.79119412942; -0.0195999410203; -0.0133257652359
23688.79252835223; -0.0197980735352; -0.0131403814306
23690.79386257505; -0.0199930487985; -0.0129480341658
23692.79519679787; -0.0201868658911; -0.0127497231002
23694.79653102068; -0.0203758412968; -0.0125443822065
23696.79786524349; -0.0205620385658; -0.0123324746848
23698.79919946631; -0.0207454276223; -0.0121146409501
23700.80053368913; -0.0209243671496; -0.0118908564898
23702.80186791194; -0.0210991202552; -0.0116612947122
23704.80320213476; -0.0212697164472; -0.0114249480881
23706.80453635757; -0.0214350452791; -0.0111826127012
23708.80587058039; -0.0215964312308; -0.0109342407706
23710.8072048032; -0.0217520964609; -0.010680942376
23712.80853902602; -0.0219026590783; -0.0104206726257
23714.80987324883; -0.0220473046717; -0.0101562980682
23716.81120747165; -0.0221849876499; -0.0098864619255
23718.81254169446; -0.0223173783495; -0.0096108559252
23720.81387591728; -0.0224430381382; -0.0093313589724
23722.81521014009; -0.0225606312669; -0.00904578450019
23724.81654436291; -0.022672523959; -0.00875703685954
23726.81787858572; -0.022777737942; -0.00846260598942
23728.81921280854; -0.0228748993737; -0.00816676847323
23730.82054703136; -0.0229636357891; -0.00786494701743
23732.82188125417; -0.0230458545317; -0.0075611735736
23734.82321547698; -0.0231191309311; -0.00725379492783
23736.8245496998; -0.0231847992056; -0.00694387993528
23738.82588392261; -0.0232423131528; -0.00663222724507
23740.82721814543; -0.023290843919; -0.00631744180116
23742.82855236825; -0.0233308816903; -0.00600076283166
23744.82988659106; -0.02336326296; -0.00568345812813
23746.83122081387; -0.0233865781018; -0.00536593048995
23748.83255503669; -0.0234019562047; -0.00504667836622
23750.83388925951; -0.0234076356009; -0.0047272692087
23752.83522348232; -0.0234046391283; -0.0044070554729
23754.83655770514; -0.0233940016139; -0.0040882391741
23756.83789192795; -0.0233740314164; -0.0037701274094
23758.83922615077; -0.0233454702491; -0.00345218469181
23760.84056037358; -0.0233076709028; -0.00313660579045
23762.8418945964; -0.0232621348302; -0.0028220111795
23764.84322881921; -0.0232072224698; -0.00251054861294
23766.84456304203; -0.0231453061116; -0.00220107343599
23768.84589726484; -0.0230760037215; -0.00189459179084
23770.84723148766; -0.0229985199479; -0.00159057493752
23772.84856571047; -0.0229126699822; -0.00129003469514
23774.84989993329; -0.0228192554691; -0.00099371587822
23776.8512341561; -0.0227178055676; -0.000700614444294
23778.85256837892; -0.0226099298752; -0.00041164712734
23780.85390260174; -0.022495713128; -0.000127360148335
23782.85523682455; -0.0223732434482; 0.000152867220073
23784.85657104736; -0.0222453434456; 0.000427197930883
23786.85790527018; -0.0221115802156; 0.000697698609384
23788.85923949299; -0.0219715457135; 0.000961897106403
23790.86057371581; -0.0218255685864; 0.00122140420816
23792.86190793863; -0.0216747309158; 0.00147469093761
23794.86324216144; -0.0215181593541; 0.0017230871121
23796.86457638426; -0.0213578779928; 0.00196539558525
23798.86591060707; -0.0211902002626; 0.00220223652157
23800.86724482989; -0.0210207342534; 0.00243191525709
23802.8685790527; -0.0208470665377; 0.00265571700238
23804.86991327552; -0.0206682695284; 0.00287403153331
23806.87124749833; -0.020486405197; 0.00308633117741
23808.87258172115; -0.0203024212101; 0.00329168864241
23810.87391594396; -0.0201136864805; 0.00349124138243
23812.87525016678; -0.0199225785411; 0.00368447474626
23814.87658438959; -0.0197306152882; 0.00387093172052
23816.87791861241; -0.0195350401063; 0.00405132746212
23818.87925283522; -0.0193374186368; 0.00422554924885
23820.88058705804; -0.0191383490124; 0.00439408979014
23822.88192128085; -0.0189373055393; 0.00455559163526
23824.88325550367; -0.0187351307836; 0.00471168346758
23826.88458972648; -0.0185317865043; 0.00486109823483
23828.8859239493; -0.0183284726332; 0.00500515945326
23830.88725817212; -0.0181233513478; 0.00514277766842
23832.88859239493; -0.0179185689277; 0.005274237501
23834.88992661775; -0.0177130825299; 0.00540100620733
23836.89126084056; -0.0175059347691; 0.00552054086837
23838.89259506337; -0.017302594465; 0.00563627805548
23840.89392928619; -0.0170961354997; 0.00574591419877
23842.89526350901; -0.016890907396; 0.00585001885592
23844.89659773182; -0.0166874839958; 0.00594933630982
23846.89793195464; -0.0164836871561; 0.00604362697927
23848.89926617745; -0.0162808406547; 0.00613241918844
23850.90060040027; -0.0160782842663; 0.00621543628907
23852.90193462308; -0.0158773695052; 0.00629488403127
23854.9032688459; -0.0156777986334; 0.00637001255946
23856.90460306871; -0.0154796922887; 0.00643979483448
23858.90593729153; -0.0152820190344; 0.00650602085649
23860.90727151434; -0.015086637239; 0.00656670170078
23862.90860573716; -0.0148925314532; 0.00662461350342
23864.90993995997; -0.0146998550936; 0.00667790283617
23866.91127418279; -0.0145092798388; 0.00672673872592
23868.9126084056; -0.0143202765658; 0.00677325521398
23870.91394262842; -0.0141323332048; 0.006815154311
23872.91527685124; -0.013946949886; 0.0068529224201
23874.91661107405; -0.0137636265977; 0.00688822460426
23876.91794529686; -0.0135825628; 0.00692078305413
23878.91927951968; -0.0134023970105; 0.0069486457766
23880.9206137425; -0.0132252009335; 0.00697371750788
23882.92194796531; -0.0130488039433; 0.00699528424296
23884.92328218813; -0.0128747920703; 0.0070155945992
23886.92461641094; -0.0127038156838; 0.00703153913823
23888.92595063375; -0.0125333328834; 0.00704560196392
23890.92728485657; -0.0123665772069; 0.0070565905149
23892.92861907939; -0.0122007389408; 0.00706599079013
23894.9299533022; -0.0120380191919; 0.00707254084339
23896.93128752502; -0.0118783404329; 0.007077122006
23898.93262174783; -0.0117191662625; 0.00707822463556
23900.93395597065; -0.0115622592365; 0.00707782125447
23902.93529019346; -0.0114069396904; 0.0070769075077
23904.93662441628; -0.011255324961; 0.00707164663897
23906.93795863909; -0.0111047298955; 0.00706565404893
23908.93929286191; -0.0109567244891; 0.00705862207499
23910.94062708472; -0.0108098397804; 0.00704858927078
23912.94196130754; -0.0106662005559; 0.00703679265684
23914.94329553035; -0.010524079799; 0.00702442611406
23916.94462975317; -0.0103844569875; 0.00701025710322
23918.94596397598; -0.0102462865656; 0.00699405385411
23920.9472981988; -0.0101109776711; 0.00697646372767
23922.94863242162; -0.0099768642992; 0.006957799408
23924.94996664443; -0.00984479780046; 0.00693760050112
23926.95130086724; -0.00971488734514; 0.00691691156715
23928.95263509006; -0.00958756990427; 0.00689405640193
23930.95396931288; -0.00945992317144; 0.00687125937431
23932.95530353569; -0.00933658813821; 0.00684727242642
23934.95663775851; -0.00921463023616; 0.00682153953583
23936.95797198132; -0.00909453394316; 0.00679621015471
23938.95930620413; -0.00897571203317; 0.00676889024694
23940.96064042695; -0.00885873032293; 0.00674056740118
23942.96197464977; -0.00874399981115; 0.00671120432476
23944.96330887258; -0.00863108450806; 0.00668184425454
23946.9646430954; -0.00852050603158; 0.00665181753431
23948.96597731821; -0.0084103676858; 0.00662053997647
23950.96731154103; -0.00830283428578; 0.00658921288639
23952.96864576384; -0.00819707402669; 0.00655624535197
23954.96997998666; -0.00809143965579; 0.00652348176546
23956.97131420947; -0.00798877855739; 0.00649047272206
23958.97264843229; -0.00788694355382; 0.00645627793076
23960.9739826551; -0.00778747463344; 0.00642163230938
23962.97531687792; -0.00768937838734; 0.00638704397898
23964.97665110073; -0.00759240481693; 0.00635155593838
23966.97798532355; -0.00749713551723; 0.00631642008591
23968.97931954636; -0.00740384662543; 0.00627960617387
23970.98065376918; -0.00731139316559; 0.00624384184147
23972.981987992; -0.00722153664095; 0.00620711714709
23974.98332221481; -0.00713163323671; 0.00617016404467
23976.98465643762; -0.00704370989306; 0.00613295953911
23978.98599066044; -0.0069574499873; 0.00609480900523
23980.98732488326; -0.00687232621559; 0.00605780739642
23982.98865910607; -0.00678832252983; 0.00601870887089
23984.98999332889; -0.00670544001214; 0.0059819879081
23986.9913275517; -0.00662402627594; 0.00594334131043
23988.99266177451; -0.00654483424932; 0.0059045414061
23990.99399599733; -0.0064659735986; 0.0058662484258
23992.99533022015; -0.00638897568333; 0.00582787834455
23994.99666444296; -0.00631261670429; 0.00578931409567
23996.99799866578; -0.00623735436572; 0.00575078900581
23998.99933288859; -0.00616276657035; 0.00571168103092
24001.00066711141; -0.00609022884202; 0.00567261737781
24003.00200133422; -0.00601825012748; 0.00563336930706
24005.00333555704; -0.00594810383117; 0.00559403946983
24007.00466977985; -0.0058785878592; 0.00555503435464
24009.00600400267; -0.00581005913444; 0.00551553463098
24011.00733822549; -0.00574280283252; 0.00547682888162
24013.0086724483; -0.00567641147922; 0.00543727118659
24015.01000667111; -0.00561158977178; 0.00539878343427
24017.01134089393; -0.00554657061628; 0.0053592004558
24019.01267511674; -0.0054834260424; 0.00532042501466
24021.01400933956; -0.00542109010071; 0.00528152523652
24023.01534356238; -0.00535928721335; 0.00524208483325
24025.01667778519; -0.0052996007236; 0.0052034511363
24027.018012008; -0.00523905201235; 0.00516529660483
24029.01934623082; -0.00518115168188; 0.00512625634344
24031.02068045364; -0.00512320949311; 0.00508789023732
24033.02201467645; -0.00506656493016; 0.00504955603312
24035.02334889927; -0.00501082568686; 0.00501112627378
24037.02468312208; -0.00495516145987; 0.0049725218931
24039.0260173449; -0.00490133555259; 0.00493507910374
24041.02735156771; -0.00484762598675; 0.00489635354525
24043.02868579053; -0.00479456623936; 0.0048579773206
24045.03002001334; -0.00474223040896; 0.00482107625369
24047.03135423616; -0.004691827512; 0.00478320861056
24049.03268845897; -0.00464051625897; 0.00474599254029
24051.03402268179; -0.00459107043595; 0.00470852884818
24053.0353569046; -0.00454238498128; 0.00467185125562
24055.03669112742; -0.00449380293025; 0.00463447144478
24057.03802535023; -0.00444612855729; 0.00459745984506
24059.03935957305; -0.00439926654605; 0.00456118428788
24061.04069379587; -0.0043530949343; 0.00452434674104
24063.04202801868; -0.00430683597893; 0.0044880389464
24065.04336224149; -0.00426181058452; 0.00445133185027
24067.04469646431; -0.00421722093089; 0.00441562783681
24069.04603068712; -0.0041743178828; 0.0043796434595
24071.04736490994; -0.00412959714814; 0.00434284044992
24073.04869913276; -0.00408768654127; 0.00430778258502
24075.05003335557; -0.00404569757934; 0.00427181090704
24077.05136757838; -0.00400421424166; 0.00423695946833
24079.0527018012; -0.00396314179348; 0.00420159658276
24081.05403602402; -0.0039233028635; 0.00416627990785
24083.05537024683; -0.00388331455; 0.00413145160262
24085.05670446965; -0.00384424798631; 0.0040964411751
24087.05803869246; -0.00380613087822; 0.00406198748124
24089.05937291528; -0.00376744893258; 0.00402760605719
24091.06070713809; -0.00372999388774; 0.00399315802849
24093.06204136091; -0.00369314256393; 0.00395938608277
24095.06337558372; -0.00365692788716; 0.00392524054556
24097.06470980654; -0.00361999937117; 0.00389218024465
24099.06604402935; -0.00358508908446; 0.00385891301056
24101.06737825217; -0.00355007149361; 0.00382500924957
24103.06871247498; -0.00351547333614; 0.0037915674409
24105.0700466978; -0.00348130226248; 0.0037590850045
24107.07138092061; -0.00344720441226; 0.00372669640052
24109.07271514343; -0.00341478652524; 0.00369337507672
24111.07404936625; -0.00338117801234; 0.00366143975985
24113.07538358906; -0.00334951509329; 0.00362859119206
24115.07671781187; -0.00331693357501; 0.00359664148667
24117.07805203469; -0.00328556199252; 0.00356445381111
24119.0793862575; -0.00325495388858; 0.00353302481426
24121.08072048032; -0.00322424954964; 0.00350084676599
24123.08205470314; -0.0031938712713; 0.0034702256844
24125.08338892595; -0.00316384807466; 0.00343885063363
24127.08472314876; -0.00313429573953; 0.00340745728067
24129.08605737158; -0.00310475848161; 0.00337666407585
24131.0873915944; -0.00307579463922; 0.00334599559827
24133.08872581721; -0.00304779131919; 0.00331560106131
24135.09006004003; -0.00301982947276; 0.00328529477261
24137.09139426284; -0.00299122434597; 0.00325526848308
24139.09272848566; -0.00296526349842; 0.00322475606413
24141.09406270847; -0.00293696322099; 0.00319558715579
24143.09539693129; -0.00291214203723; 0.00316529354397
24145.0967311541; -0.00288534406; 0.00313726046591
24147.09806537692; -0.00285917507817; 0.00310688176679
24149.09939959973; -0.00283299560611; 0.00307804066153
24151.10073382255; -0.00280796189992; 0.00304820108983
24153.10206804536; -0.00278337149254; 0.00302002276876
24155.10340226818; -0.00275860606281; 0.00299112652933
24157.10473649099; -0.00273351325908; 0.00296327029888
24159.10607071381; -0.00270915252714; 0.0029342360974
24161.10740493663; -0.00268602239421; 0.00290744365541
24163.10873915944; -0.00266252013742; 0.0028779357063
24165.11007338225; -0.00263869610263; 0.00285086248982
24167.11140760507; -0.00261685727711; 0.0028229706707
24169.11274182788; -0.00259333755253; 0.00279546547858
24171.1140760507; -0.00257163914272; 0.00276843732614
24173.11541027352; -0.00254878098584; 0.00274110635843
24175.11674449633; -0.00252790652844; 0.00271467258481
24177.11807871915; -0.0025058296419; 0.00268753231391
24179.11941294196; -0.00248420840089; 0.00266129297569
24181.12074716478; -0.00246256505563; 0.00263453756069
24183.12208138759; -0.00244260662012; 0.00260819950367
24185.12341561041; -0.00242103005375; 0.00258177737959
24187.12474983322; -0.0024013651736; 0.0025559631363
24189.12608405604; -0.00238106510727; 0.00252996994053
24191.12741827885; -0.00236119509534; 0.00250412461356
24193.12875250167; -0.00234162475131; 0.00247901995397
24195.13008672448; -0.00232277104178; 0.00245331444262
24197.1314209473; -0.00230352096518; 0.00242822950331
24199.13275517011; -0.00228363331776; 0.00240342800445
24201.13408939293; -0.00226552117946; 0.00237816607499
24203.13542361574; -0.00224633875914; 0.00235436030446
24205.13675783856; -0.00222847724043; 0.00232883649071
24207.13809206137; -0.00221011980847; 0.00230431898184
24209.13942628419; -0.00219240975985; 0.00227997246911
24211.14076050701; -0.00217419167126; 0.00225606665176
24213.14209472982; -0.00215624414355; 0.00223110446529
24215.14342895264; -0.0021396172459; 0.00220805137477
24217.14476317545; -0.00212115452474; 0.00218360312904
24219.14609739826; -0.00210518784386; 0.00216035917017
24221.14743162108; -0.00208839017261; 0.00213681038709
24223.1487658439; -0.00207222365625; 0.00211316994278
24225.15010006671; -0.00205637142831; 0.00209011557993
24227.15143428953; -0.00203933481557; 0.0020668367268
24229.15276851234; -0.00202353464076; 0.00204370339344
24231.15410273516; -0.00200756298735; 0.00202101583754
24233.15543695797; -0.00199192057711; 0.0019985267471
24235.15677118079; -0.00197667635642; 0.00197618113609
24237.1581054036; -0.00196105492417; 0.00195339014979
24239.15943962642; -0.00194541689684; 0.00193183145567
24241.16077384923; -0.00193084140465; 0.00190862822739
24243.16210807205; -0.00191568818288; 0.00188632230395
24245.16344229486; -0.00190136766111; 0.00186513344644
24247.16477651768; -0.00188604178748; 0.0018428780155
24249.16611074049; -0.00187242794421; 0.00182180210876
24251.16744496331; -0.00185751533711; 0.00180008347866
24253.16877918613; -0.00184304274778; 0.00177838351421
24255.17011340894; -0.00182967762285; 0.00175762382976
24257.17144763175; -0.00181603198836; 0.00173570994894
24259.17278185457; -0.00180208137157; 0.00171545118198
24261.17411607739; -0.001788376174; 0.0016940054724
24263.1754503002; -0.00177505172119; 0.00167385460129
24265.17678452302; -0.00176216459333; 0.00165281314058
24267.17811874583; -0.00174884800547; 0.00163210144236
24269.17945296864; -0.00173542001194; 0.00161194397785
24271.18078719146; -0.00172285622556; 0.00159182436972
24273.18212141428; -0.00171070554471; 0.00157140748088
24275.18345563709; -0.00169747669573; 0.00155117724917
24277.18478985991; -0.00168508246462; 0.00153040179973
24279.18612408272; -0.00167352593735; 0.00151177387304
24281.18745830554; -0.00166084475152; 0.00149130196272
24283.18879252835; -0.00164844944217; 0.00147140861868
24285.19012675117; -0.00163648439766; 0.00145266992702
24287.19146097398; -0.00162538735767; 0.00143273674472
24289.1927951968; -0.00161321993104; 0.00141418480128
24291.19412941961; -0.00160166438356; 0.00139499219543
24293.19546364243; -0.00159037203369; 0.00137573907387
24295.19679786524; -0.00157899197619; 0.00135634509083
24297.19813208806; -0.00156753140029; 0.00133754373319
24299.19946631087; -0.00155678900499; 0.00131852146655
24301.20080053369; -0.00154502835681; 0.00130110306142
24303.20213475651; -0.0015343222748; 0.00128189547528
24305.20346897932; -0.0015238669463; 0.0012633408038
24307.20480320213; -0.00151345177869; 0.00124485133763
24309.20613742495; -0.00150189167414; 0.00122647983915
24311.20747164777; -0.00149169524012; 0.0012084027702
24313.20880587058; -0.00148156841048; 0.00119106440029
24315.2101400934; -0.00147133575256; 0.00117221279702
24317.21147431621; -0.0014605134805; 0.00115484435529
24319.21280853902; -0.00145031267065; 0.0011368445366
24321.21414276184; -0.00144027148878; 0.0011187076381
24323.21547698466; -0.00143091820091; 0.00110208016629
24325.21681120747; -0.00142100864539; 0.00108388253754
24327.21814543029; -0.00141091523623; 0.00106673010967
24329.2194796531; -0.00140172733903; 0.00104877551702
24331.22081387592; -0.00139140176324; 0.00103241102967
24333.22214809873; -0.001382145522; 0.00101521103243
24335.22348232155; -0.00137259630355; 0.00099805819402
24337.22481654436; -0.00136398367752; 0.000981412367488
24339.22615076718; -0.00135482569684; 0.000964938155106
24341.22748498999; -0.0013458081857; 0.000947558605759
24343.22881921281; -0.00133680575063; 0.000931113515717
24345.23015343562; -0.00132741938067; 0.000914572344915
24347.23148765844; -0.00131863909093; 0.000898264162218
24349.23282188125; -0.00130894509518; 0.000881721901707
24351.23415610407; -0.0013013526063; 0.000865626145053
24353.23549032689; -0.00129249377644; 0.000849222032059
24355.2368245497; -0.00128414611843; 0.000833288126568
24357.23815877251; -0.001275532405; 0.000817464363578
24359.23949299533; -0.00126707441549; 0.000801409672896
24361.24082721815; -0.00125806967523; 0.000785932492254
24363.24216144096; -0.00125042387136; 0.000769875371998
24365.24349566378; -0.00124213829132; 0.000754730334266
24367.24482988659; -0.00123419313215; 0.000738645979621
24369.24616410941; -0.0012254788719; 0.000723228279215
24371.24749833222; -0.0012181884288; 0.000707654116722
24373.24883255504; -0.00120966503028; 0.000692192778076
24375.25016677785; -0.00120179472673; 0.000676878116068
24377.25150100067; -0.00119404299379; 0.000661128073672
24379.25283522348; -0.00118665412383; 0.000646709592422
24381.2541694463; -0.00117931157568; 0.000631107943304
24383.25550366911; -0.00117097456198; 0.000616605396235
24385.25683789193; -0.001163917837; 0.000601959613267
24387.25817211474; -0.0011567879142; 0.000586154051999
24389.25950633756; -0.00114853510909; 0.000571686028116
24391.26084056038; -0.00114293551613; 0.000557400597694
24393.26217478319; -0.00113474389467; 0.000542359564605
24395.263509006; -0.00112801326121; 0.000528448620546
24397.26484322882; -0.00112050802673; 0.000514048409711
24399.26617745163; -0.00111363311643; 0.000499098985626
24401.26751167445; -0.0011064522056; 0.000485195209285
24403.26884589727; -0.00109926195432; 0.000470652913723
24405.27018012008; -0.00109266972245; 0.000456746105108
24407.27151434289; -0.00108486235111; 0.000442882059797
24409.27284856571; -0.00107893333812; 0.00042842992168
24411.27418278853; -0.00107209888025; 0.000414512054906
24413.27551701134; -0.00106567849923; 0.000400633344078
24415.27685123416; -0.00105901600551; 0.000386822220371
24417.27818545697; -0.00105218835658; 0.000372734741323
24419.27951967979; -0.00104583493406; 0.00035956927517
24421.2808539026; -0.0010397635115; 0.000345698342838
24423.28218812542; -0.00103366824629; 0.000332391295965
24425.28352234823; -0.00102657139619; 0.000319120710384
24427.28485657105; -0.00102057468632; 0.000305957010872
24429.28619079386; -0.00101459268734; 0.000292653755823
24431.28752501668; -0.00100834139936; 0.000278802269692
24433.28885923949; -0.00100166369827; 0.000265799480407
24435.29019346231; -0.000995482502981; 0.000252305853632
24437.29152768512; -0.000989522652248; 0.000239308188344
24439.29286190794; -0.000984883978665; 0.000226320640585
24441.29419613076; -0.000978195896503; 0.000214308457794
24443.29553035357; -0.000972673882733; 0.00020035645207
24445.29686457638; -0.000966519859757; 0.000188016938361
24447.2981987992; -0.00096058473884; 0.000175075787344
24449.29953302201; -0.000954740257143; 0.000162939187233
24451.30086724483; -0.000948984958185; 0.000149311589077
24453.30220146765; -0.000943437030736; 0.000137501180022
24455.30353569046; -0.000937725700869; 0.00012451422858
24457.30486991327; -0.000932069503638; 0.000111768067278
24459.30620413609; -0.000926708194938; 9.98588734233e-05
24461.30753835891; -0.000921704016506; 8.72648386846e-05
24463.30887258172; -0.000915889307928; 7.52574752705e-05
24465.31020680454; -0.000910674177398; 6.29257592114e-05
24467.31154102735; -0.000904131516319; 5.07243314797e-05
24469.31287525017; -0.00089989147783; 3.83731436033e-05
24471.31420947298; -0.000894855558097; 2.70040584835e-05
24473.3155436958; -0.000888941890871; 1.44340040113e-05
24475.31687791861; -0.000883948077665; 1.9617907094e-06
24477.31821214143; -0.000879034261142; -9.45076126362e-06
24479.31954636424; -0.000873898023126; -2.15422695751e-05
24481.32088058706; -0.000868464275235; -3.2724239246e-05
24483.32221480987; -0.000864352718047; -4.54279927868e-05
24485.32354903269; -0.000859145094009; -5.64639065199e-05
24487.3248832555; -0.000853893922963; -6.89873180935e-05
24489.32621747832; -0.000848823465659; -7.93732884421e-05
24491.32755170114; -0.000844520812119; -9.16280360913e-05
24493.32888592395; -0.00083938943425; -0.000101941905254
24495.33022014676; -0.000834805048138; -0.000113435893393
24497.33155436958; -0.000829701482282; -0.000124517268931
24499.33288859239; -0.000824994733264; -0.000135926499626
24501.33422281521; -0.000819951609274; -0.000147887241526
24503.33555703803; -0.000815811098595; -0.000159272550801
24505.33689126084; -0.000811538846875; -0.000170520238106
24507.33822548365; -0.000806488091699; -0.00018072608249
24509.33955970647; -0.000802082599533; -0.000192192343386
24511.34089392929; -0.000797714345284; -0.000203763940483
24513.3422281521; -0.000792927115805; -0.000214261894666
24515.34356237492; -0.000788296495415; -0.000225402133124
24517.34489659773; -0.000783900889006; -0.000235962208889
24519.34623082055; -0.000779940611292; -0.000246551263915
24521.34756504336; -0.00077498210513; -0.000256906291513
24523.34889926618; -0.000771125526901; -0.000268240594442
24525.35023348899; -0.000766688463821; -0.000279170748584
24527.35156771181; -0.000762559831005; -0.000289492606015
24529.35290193462; -0.000757995076173; -0.000299631894908
24531.35423615744; -0.000754546625558; -0.00031020477401
24533.35557038025; -0.000749797810014; -0.000321350810397
24535.35690460307; -0.000745652755808; -0.000331764141445
24537.35823882588; -0.000741287384986; -0.00034110641854
24539.3595730487; -0.00073791369698; -0.000352127910374
24541.36090727152; -0.000733203990381; -0.000362792497867
24543.36224149433; -0.000729392685339; -0.000372923634028
24545.36357571714; -0.00072566544504; -0.00038334228446
24547.36490993996; -0.000721439827295; -0.000392961462981
24549.36624416277; -0.000717888622979; -0.000403077999087
24551.36757838559; -0.000713911974569; -0.000413417185535
24553.36891260841; -0.000710109294497; -0.000423242441392
24555.37024683122; -0.000705402438246; -0.0004332882091
24557.37158105404; -0.000701760950021; -0.000443195047895
24559.37291527685; -0.000698262984466; -0.000452461503519
24561.37424949967; -0.000694697821872; -0.00046320514799
24563.37558372248; -0.000691213563822; -0.000472776817908
24565.3769179453; -0.000686374127211; -0.000482472697682
24567.37825216811; -0.000683052377564; -0.000492446209893
24569.37958639093; -0.000679579579216; -0.00050221866961
24571.38092061374; -0.000676016370728; -0.000511992342729
24573.38225483656; -0.000671664900027; -0.000521133337864
24575.38358905937; -0.000668672521405; -0.00053093368798
24577.38492328219; -0.000664872293445; -0.000540518090542
24579.386257505; -0.00066193394152; -0.000549657708119
24581.38759172782; -0.000658271390916; -0.000559311331749
24583.38892595063; -0.000653994401591; -0.000568775583283
24585.39026017345; -0.000650341381508; -0.000578567657127
24587.39159439626; -0.000646871901669; -0.000587391574337
24589.39292861908; -0.000643696696121; -0.000596291785024
24591.3942628419; -0.000640511791973; -0.000605695011453
24593.39559706471; -0.000637458694482; -0.000614553534312
24595.39693128753; -0.000634453716987; -0.000624048088741
24597.39826551034; -0.000630587527236; -0.000633942931211
24599.39959973315; -0.000627024770139; -0.00064234925444
24601.40093395597; -0.000623659711872; -0.000651806387565
24603.40226817879; -0.000620541732528; -0.000660200176615
24605.4036024016; -0.00061790359521; -0.000669641223432
24607.40493662441; -0.000614493768687; -0.000678249494169
24609.40627084723; -0.000611238893306; -0.000687304141298
24611.40760507005; -0.00060808994375; -0.00069615118907
24613.40893929286; -0.000604402800871; -0.000705330487908
24615.41027351568; -0.000601495156462; -0.000714155134974
24617.41160773849; -0.000597713301535; -0.000722697679155
24619.41294196131; -0.000595218504346; -0.000731320409945
24621.41427618412; -0.000592190579984; -0.000739912366833
24623.41561040694; -0.000589147280403; -0.000748551590398
24625.41694462975; -0.000586112148553; -0.0007578922117
24627.41827885257; -0.000583376388068; -0.000765887358272
24629.41961307538; -0.000580232097886; -0.000774759528635
24631.4209472982; -0.000577670179659; -0.000783193172409
24633.42228152102; -0.000574663954454; -0.000791758726535
24635.42361574383; -0.000571280917853; -0.000800138210842
24637.42494996664; -0.000568115565831; -0.000808308504845
24639.42628418946; -0.000565641919715; -0.000816946453623
24641.42761841228; -0.00056258169466; -0.000825449826627
24643.42895263509; -0.000559089844654; -0.000833855348461
24645.4302868579; -0.000556701721301; -0.000842015345317
24647.43162108072; -0.000554040215187; -0.000849954389393
24649.43295530353; -0.000551595024709; -0.000858097074155
24651.43428952635; -0.000548191061654; -0.000866655794183
24653.43562374917; -0.000545607908662; -0.000874706023313
24655.43695797198; -0.000542571180482; -0.000882937760196
24657.4382921948; -0.000540404346067; -0.00089155802749
24659.43962641761; -0.000536193892694; -0.00089857376019
24661.44096064043; -0.000534867494314; -0.00090763288423
24663.44229486324; -0.000532192784242; -0.000915436838218
24665.44362908606; -0.000529850932628; -0.000923134542915
24667.44496330887; -0.000526252316401; -0.000930665354453
24669.44629753169; -0.000523965666655; -0.000938977255331
24671.4476317545; -0.000521082246978; -0.000946216811005
24673.44896597732; -0.000518906692438; -0.000954541319987
24675.45030020013; -0.00051625647887; -0.000962257120097
24677.45163442295; -0.000513470303663; -0.000969834493994
24679.45296864576; -0.000511347050949; -0.000978684201881
24681.45430286858; -0.000508088462207; -0.000985696551302
24683.45563709139; -0.000505447128689; -0.000994277853191
24685.45697131421; -0.000503193038486; -0.00100182677253
24687.45830553702; -0.000501370661081; -0.00100914903792
24689.45963975984; -0.000498380113101; -0.00101698330512
24691.46097398266; -0.000496029704826; -0.00102370889543
24693.46230820547; -0.000493406417798; -0.00103210976574
24695.46364242829; -0.000490659810772; -0.00103945799781
24697.4649766511; -0.000488631920193; -0.00104704751812
24699.46631087392; -0.000485787129223; -0.00105450540246
24701.46764509673; -0.000483544012562; -0.00106213693644
24703.46897931955; -0.000481316250275; -0.00106934179869
24705.47031354236; -0.00047908825483; -0.0010761715018
24707.47164776518; -0.000476737472242; -0.00108395546551
24709.47298198799; -0.000474066225604; -0.0010917362267
24711.47431621081; -0.000472134367554; -0.00109895699795
24713.47565043362; -0.000469524011634; -0.00110600587082
24715.47698465644; -0.000467800042022; -0.00111406108456
24717.47831887925; -0.000464840745951; -0.00112030809787
24719.47965310207; -0.000463591856989; -0.00112746384211
24721.48098732488; -0.000460886297552; -0.00113513418003
24723.4823215477; -0.000458469569712; -0.00114213582914
24725.48365577051; -0.00045605339788; -0.00114908948042
24727.48498999333; -0.000454046600065; -0.00115654528627
24729.48632421614; -0.000451946691762; -0.00116317935535
24731.48765843896; -0.000449042443633; -0.00117020544012
24733.48899266178; -0.000446787706575; -0.00117811485854
24735.49032688459; -0.000445459787019; -0.00118512512685
24737.4916611074; -0.000443354910569; -0.00119217653637
24739.49299533022; -0.000440585382446; -0.00119850192388
24741.49432955304; -0.000438412098631; -0.00120540194469
24743.49566377585; -0.000436253392332; -0.00121235656705
24745.49699799867; -0.000434530728586; -0.00121957247039
24747.49833222148; -0.000432304520167; -0.00122614273879
24749.4996664443; -0.000430029083504; -0.00123317839185
24751.50100066711; -0.000428152956098; -0.00124001938513
24753.50233488993; -0.000426537916509; -0.00124707178951
24755.50366911274; -0.000423842563833; -0.00125329676311
24757.50500333556; -0.000422064859452; -0.00126035734199
24759.50633755837; -0.00042014733753; -0.00126686015704
24761.50767178119; -0.000418022579256; -0.00127353134481
24763.509006004; -0.000415323849378; -0.00128089458887
24765.51034022682; -0.000414170425553; -0.00128669620618
24767.51167444963; -0.000412349564554; -0.00129328404845
24769.51300867245; -0.000410255945341; -0.00129945070068
24771.51434289527; -0.000407995030656; -0.00130719166653
24773.51567711808; -0.000406325972831; -0.00131332956282
24775.51701134089; -0.000404515061897; -0.00131945038593
24777.51834556371; -0.000402572168305; -0.00132663496251
24779.51967978652; -0.000399730802999; -0.00133272570151
24781.52101400934; -0.000398379434493; -0.00133923384401
24783.52234823216; -0.000397052387258; -0.0013463114026
24785.52368245497; -0.00039487804912; -0.0013525821164
24787.52501667778; -0.000393075042377; -0.00135876968747
24789.5263509006; -0.000391630611615; -0.0013655279171
24791.52768512342; -0.000389195710977; -0.00137134690935
24793.52901934623; -0.00038709946288; -0.00137751062762
24795.53035356905; -0.000386409682925; -0.00138389599783
24797.53168779186; -0.000383898868584; -0.00139061273817
24799.53302201468; -0.000382181439451; -0.00139657577195
24801.53435623749; -0.000379947884388; -0.00140261064399
24803.53569046031; -0.000378256557706; -0.00140940980936
24805.53702468312; -0.000376261342749; -0.00141540083439
24807.53835890594; -0.000374874767661; -0.00142129368516
24809.53969312875; -0.000372737053971; -0.00142790718118
24811.54102735157; -0.000371022998117; -0.00143388125611
24813.54236157438; -0.000369408095683; -0.00144011442553
24815.5436957972; -0.000367670080794; -0.00144634403251
24817.54503002001; -0.000366179136827; -0.00145214421488
24819.54636424283; -0.000364412402449; -0.00145791667401
24821.54769846565; -0.000362854152211; -0.00146467028511
24823.54903268846; -0.000360590862877; -0.00147101798009
24825.55036691127; -0.000358697174142; -0.00147624484117
24827.55170113409; -0.000357207346192; -0.00148254457285
24829.5530353569; -0.000355787285163; -0.00148845564065
24831.55436957972; -0.000353756060383; -0.00149440951153
24833.55570380254; -0.000353191670762; -0.00149967653019
24835.55703802535; -0.000350383015771; -0.00150615040528
24837.55837224816; -0.00034889156749; -0.00151213715578
24839.55970647098; -0.00034747793863; -0.00151817881961
24841.5610406938; -0.000345940749463; -0.0015239981858
24843.56237491661; -0.000344743972555; -0.00152999900758
24845.56370913943; -0.000342797897994; -0.00153487173813
24847.56504336224; -0.000341450970551; -0.00154114144153
24849.56637758506; -0.000339268814917; -0.00154782871545
24851.56771180787; -0.000338108555993; -0.00155239408036
24853.56904603069; -0.00033646781042; -0.00155836368916
24855.5703802535; -0.000334797859505; -0.0015644744029
24857.57171447632; -0.000333332683215; -0.00157040409897
24859.57304869913; -0.000331622742113; -0.00157573971038
24861.57438292195; -0.000329955631085; -0.00158128283376
24863.57571714476; -0.000328377865875; -0.00158738807735
24865.57705136758; -0.00032714056231; -0.00159298861624
24867.57838559039; -0.000325331329324; -0.00159802470713
24869.57971981321; -0.000324715575275; -0.00160339581136
24871.58105403603; -0.000322614584418; -0.00160966401658
24873.58238825884; -0.000321094855962; -0.00161586850528
24875.58372248165; -0.000319629996908; -0.00162079489283
24877.58505670447; -0.0003183521183; -0.00162650861627
24879.58639092728; -0.000317036371073; -0.00163136199054
24881.5877251501; -0.000315451727996; -0.00163751957072
24883.58905937292; -0.000313904793689; -0.0016427433326
24885.59039359573; -0.000312104979145; -0.00164820616807
24887.59172781854; -0.000311038096482; -0.00165411980637
24889.59306204136; -0.000309267672667; -0.00165883304979
24891.59439626418; -0.000307995839454; -0.00166433689291
24893.59573048699; -0.000307575432279; -0.00166972823135
24895.59706470981; -0.000304625077875; -0.00167501018161
24897.59839893262; -0.000303809902201; -0.00168069559518
24899.59973315544; -0.000303468063459; -0.00168527508245
24901.60106737825; -0.00030115856754; -0.00169117385431
24903.60240160107; -0.000300169449606; -0.00169696152389
24905.60373582388; -0.000297970929276; -0.00170258225938
24907.6050700467; -0.000297330016867; -0.0017069511561
24909.60640426951; -0.000295801310667; -0.0017125943603
24911.60773849233; -0.000294639839419; -0.00171758263758
24913.60907271514; -0.000292552772992; -0.00172271152257
24915.61040693796; -0.000291461123051; -0.00172817742284
24917.61174116077; -0.00029019876805; -0.00173342548792
24919.61307538359; -0.000289460618864; -0.00173854745996
24921.61440960641; -0.000287871073178; -0.00174386704183
24923.61574382922; -0.000286084100126; -0.0017485202737
24925.61707805203; -0.000284963040149; -0.00175376451865
24927.61841227485; -0.000283758337435; -0.00175914269144
24929.61974649766; -0.000282959128221; -0.0017641805782
24931.62108072048; -0.000281242871104; -0.00176998966754
24933.6224149433; -0.000280005061378; -0.00177445339169
24935.62374916611; -0.000278187020266; -0.00177940582992
24937.62508338893; -0.000277412937488; -0.00178426886103
24939.62641761174; -0.000276334576507; -0.00179026946365
24941.62775183456; -0.000274654119596; -0.00179398349292
24943.62908605737; -0.000274029768655; -0.00179964400167
24945.63042028019; -0.000272414297674; -0.00180425497439
24947.631754503; -0.000270555774443; -0.00180938169997
24949.63308872582; -0.00027004158208; -0.00181477455612
24951.63442294863; -0.000268145379848; -0.00181923266211
24953.63575717145; -0.00026751795994; -0.00182471813621
24955.63709139426; -0.00026604414368; -0.0018290691229
24957.63842561708; -0.000265082625988; -0.00183432087565
24959.63975983989; -0.000263762089; -0.00183844466678
24961.64109406271; -0.000263285233863; -0.00184415733751
24963.64242828552; -0.000262053231836; -0.00184892772613
24965.64376250834; -0.000260227340765; -0.00185360147007
24967.64509673115; -0.000259754548379; -0.00185863007369
24969.64643095397; -0.000257269188633; -0.00186347732757
24971.64776517679; -0.000256486402039; -0.00186788088648
24973.6490993996; -0.000255772846743; -0.00187280847212
24975.65043362242; -0.000254850302839; -0.00187770224336
24977.65176784523; -0.000253338177031; -0.00188242595377
24979.65310206804; -0.00025217508099; -0.00188747948791
24981.65443629086; -0.000250449062734; -0.00189172726366
24983.65577051368; -0.000250328669933; -0.00189685414285
24985.65710473649; -0.000248323560449; -0.00190148792206
24987.6584389593; -0.000247775115288; -0.00190537682644
24989.65977318212; -0.000246260276594; -0.00191085365349
24991.66110740494; -0.000245490319414; -0.00191509186903
24993.66244162775; -0.000244519827824; -0.00192014902222
24995.66377585057; -0.000242863509643; -0.00192519038265
24997.66511007338; -0.000242514254103; -0.00192971876588
24999.6664442962; -0.000240799052232; -0.00193406701538
25001.66777851901; -0.000240321476932; -0.00193888816211
25003.66911274183; -0.000238400223726; -0.00194315850619
25005.67044696464; -0.000237515823522; -0.0019479234462
25007.67178118746; -0.000236438227321; -0.00195220005006
25009.67311541027; -0.000235839866752; -0.00195694599925
25011.67444963309; -0.000234697245928; -0.00196100497746
25013.67578385591; -0.000233139285232; -0.0019663269489
25015.67711807872; -0.000231949831122; -0.00197035238847
25017.67845230153; -0.000231875093974; -0.0019746178834
25019.67978652435; -0.000229791173362; -0.00197991136498
25021.68112074717; -0.000229072479224; -0.00198416504827
25023.68245496998; -0.0002286024238; -0.00198866278545
25025.68378919279; -0.000226930572781; -0.00199272768782
25027.68512341561; -0.000226512694489; -0.00199659336603
25029.68645763843; -0.000225406341723; -0.00200199715633
25031.68779186124; -0.000223882236743; -0.00200660754782
25033.68912608406; -0.000223673303905; -0.00201070706568
25035.69046030687; -0.000222008859453; -0.00201499030402
25037.69179452969; -0.000220427785042; -0.00201941913767
25039.6931287525; -0.000220255049953; -0.00202463544353
25041.69446297532; -0.000219719212741; -0.00202863612574
25043.69579719813; -0.000217925722365; -0.00203235869774
25045.69713142095; -0.000217170885709; -0.00203699931959
25047.69846564376; -0.000215921211044; -0.00204002314543
25049.69979986658; -0.000215130827956; -0.00204371489137
25051.7011340894; -0.000214691722437; -0.00204776973021
25053.70246831221; -0.000213625113624; -0.0020525170095
25055.70380253502; -0.000212513319856; -0.00205663117196
25057.70513675784; -0.000211639544035; -0.00206073624836
25059.70647098065; -0.000210485815667; -0.00206579402902
25061.70780520347; -0.000209937093578; -0.00206973791935
25063.70913942628; -0.000209246681153; -0.00207334652095
25065.7104736491; -0.000207432486403; -0.00207794196699
25067.71180787191; -0.000206880914274; -0.00208273623018
25069.71314209473; -0.000205268685724; -0.00208656640611
25071.71447631755; -0.000204376069018; -0.00209027285519
25073.71581054036; -0.000204506774736; -0.00209464315316
25075.71714476318; -0.00020319797207; -0.0020983317699
25077.71847898599; -0.000202288246889; -0.0021027920747
25079.71981320881; -0.000201059468061; -0.00210727706854
25081.72114743162; -0.000200064633199; -0.00211037131647
25083.72248165444; -0.000199337471016; -0.0021152922871
25085.72381587725; -0.000198375811245; -0.00211916650842
25087.72515010007; -0.000197904060412; -0.00212314821975
25089.72648432288; -0.000196794541908; -0.00212735583901
25091.7278185457; -0.000195653245564; -0.00213139631825
25093.72915276851; -0.000194843494891; -0.00213575565799
25095.73048699133; -0.000193494908655; -0.00214001900289
25097.73182121414; -0.000193160832486; -0.0021442683339
25099.73315543696; -0.00019250876284; -0.00214782699132
25101.73448965977; -0.00019110530505; -0.00215245128108
25103.73582388259; -0.0001902649764; -0.00215570889189
25105.7371581054; -0.000190102118376; -0.00215989377335
25107.73849232822; -0.000189594698494; -0.00216381107376
25109.73982655103; -0.000188190803851; -0.00216799502945
25111.74116077385; -0.000186925427422; -0.002172282571
25113.74249499667; -0.000186321409465; -0.00217596049521
25115.74382921948; -0.000185342300289; -0.00218026486654
25117.74516344229; -0.000184407967986; -0.0021836728615
25119.74649766511; -0.000183342192724; -0.00218804866632
25121.74783188793; -0.000182686047404; -0.00219131272829
25123.74916611074; -0.000182095656796; -0.00219500539433
25125.75050033356; -0.000180741188937; -0.00219949798482
25127.75183455637; -0.000180642461754; -0.00220344811046
25129.75316877919; -0.000179243127638; -0.00220715756966
25131.754503002; -0.000179111744756; -0.00221152383934
25133.75583722482; -0.000177961832443; -0.00221481414246
25135.75717144763; -0.00017719085194; -0.00221867993413
25137.75850567045; -0.00017587026526; -0.00222281358102
25139.75983989326; -0.000175011950353; -0.00222657793162
25141.76117411608; -0.000174593449282; -0.00223082438589
25143.76250833889; -0.000174452482187; -0.00223444702931
25145.76384256171; -0.000173677544243; -0.00223755710239
25147.76517678452; -0.000172008206568; -0.00224188688562
25149.76651100734; -0.000171131014775; -0.00224551300132
25151.76784523016; -0.000170226405667; -0.00224920400171
25153.76917945297; -0.000170248901835; -0.00225283115989
25155.77051367578; -0.000168602226177; -0.0022574334341
25157.7718478986; -0.000168182677323; -0.00226097154277
25159.77318212141; -0.000166853734445; -0.00226474674122
25161.77451634423; -0.000166690079409; -0.00226811216064
25163.77585056705; -0.000165533555309; -0.00227154014643
25165.77718478986; -0.000165027572216; -0.00227596577927
25167.77851901267; -0.000164843781046; -0.00227943405017
25169.77985323549; -0.00016361954636; -0.00228314002716
25171.78118745831; -0.000162852024984; -0.00228614035813
25173.78252168112; -0.000161949733371; -0.00229085446056
25175.78385590394; -0.000161224768758; -0.00229403814607
25177.78519012675; -0.000161271237347; -0.00229823607865
25179.78652434957; -0.000160407985907; -0.00230135018086
25181.78785857238; -0.000159100889112; -0.00230531697075
25183.7891927952; -0.000158852957177; -0.00230833093637
25185.79052701801; -0.000158184877302; -0.00231224374856
25187.79186124083; -0.000157413100711; -0.00231551754513
25189.79319546364; -0.000156972185397; -0.00231915047331
25191.79452968646; -0.000155423641759; -0.00232373552243
25193.79586390927; -0.000154985246097; -0.0023267921189
25195.79719813209; -0.000154079731206; -0.00233086073132
25197.7985323549; -0.000153973072986; -0.00233369508775
25199.79986657772; -0.000152772695258; -0.00233797313963
25201.80120080054; -0.000152091783045; -0.00234057539644
25203.80253502335; -0.000151505694729; -0.00234480340575
25205.80386924616; -0.00015073540516; -0.00234780072014
25207.80520346898; -0.00015002743979; -0.00235148964012
25209.80653769179; -0.000149586667324; -0.00235548137321
25211.80787191461; -0.000148528481017; -0.00235892222179
25213.80920613743; -0.000147684327543; -0.00236193481386
25215.81054036024; -0.000147533275226; -0.00236572349442
25217.81187458305; -0.00014602161104; -0.00236886569565
25219.81320880587; -0.000145556844846; -0.00237292009356
25221.81454302869; -0.000144244173047; -0.00237623879231
25223.8158772515; -0.000144918045159; -0.0023794046035
25225.81721147432; -0.000144003553602; -0.00238332487548
25227.81854569713; -0.000143262827071; -0.00238651059918
25229.81987991995; -0.000142399107856; -0.00239003478119
25231.82121414276; -0.000141306344437; -0.00239435050045
25233.82254836558; -0.000140708440414; -0.0023967507939
25235.82388258839; -0.000139751863946; -0.00240061324206
25237.82521681121; -0.000139767736557; -0.00240396430928
25239.82655103402; -0.000138842392691; -0.00240772256472
25241.82788525684; -0.000138533072876; -0.00241072058765
25243.82921947965; -0.000138029985903; -0.00241407774788
25245.83055370247; -0.000137653998518; -0.00241730178397
25247.83188792528; -0.00013649619163; -0.00242067694062
25249.8332221481; -0.000135698841212; -0.00242354810966
25251.83455637092; -0.000135598907396; -0.00242722101856
25253.83589059373; -0.000134661936747; -0.00243129231833
25255.83722481654; -0.000133952037658; -0.00243472559888
25257.83855903936; -0.00013342087059; -0.00243797934163
25259.83989326217; -0.000132719572239; -0.00244066202728
25261.84122748499; -0.000131354224609; -0.00244462451941
25263.84256170781; -0.000131322101303; -0.00244728073352
25265.84389593062; -0.0001305247465; -0.00245089565629
25267.84523015343; -0.000130292383019; -0.00245429773639
25269.84656437625; -0.000129905935484; -0.00245747869956
25271.84789859907; -0.000128636346919; -0.00246125665143
25273.84923282188; -0.000127891996644; -0.00246384149776
25275.8505670447; -0.00012779894885; -0.00246730937858
25277.85190126751; -0.000127346899761; -0.00247050926178
25279.85323549033; -0.000126161577863; -0.00247341435192
25281.85456971314; -0.000126197673841; -0.00247763473321
25283.85590393596; -0.000125637709746; -0.00248084630989
25285.85723815877; -0.000124439336046; -0.00248375855529
25287.85857238159; -0.000123802442233; -0.00248647655237
25289.8599066044; -0.000123604712632; -0.00248933397537
25291.86124082722; -0.000122494775583; -0.00249365440385
25293.86257505003; -0.000122173891911; -0.0024962996185
25295.86390927285; -0.000121352593149; -0.00249919159846
25297.86524349566; -0.000121155955026; -0.00250304729298
25299.86657771848; -0.000120712457828; -0.0025066237705
25301.8679119413; -0.000120297210805; -0.00250924178769
25303.86924616411; -0.000118346452869; -0.00251305922512
25305.87058038692; -0.000119042750302; -0.00251541707174
25307.87191460974; -0.000117257561737; -0.00251961973369
25309.87324883255; -0.0001176514063; -0.00252217084999
25311.87458305537; -0.000117082396151; -0.00252479367555
25313.87591727819; -0.000116278464485; -0.00252849630581
25315.877251501; -0.000115655932108; -0.0025313701525
25317.87858572381; -0.000115525586857; -0.00253507814745
25319.87991994663; -0.000114800874709; -0.00253722528227
25321.88125416945; -0.000114089702294; -0.00254092195052
25323.88258839226; -0.000113865776087; -0.00254411047926
25325.88392261508; -0.000112935228915; -0.00254672359206
25327.88525683789; -0.000112516120375; -0.00254986033591
25329.88659106071; -0.000111287447703; -0.0025530754141
25331.88792528352; -0.000111654955889; -0.00255611734405
25333.88925950634; -0.000110677956359; -0.00255966446923
25335.89059372915; -0.000109693327489; -0.00256309463497
25337.89192795197; -0.000109982720864; -0.0025657442223
25339.89326217478; -0.000108941216642; -0.00256863700857
25341.8945963976; -0.000108029123042; -0.002571970433
25343.89593062041; -0.000107638959762; -0.00257448930684
25345.89726484323; -0.000107554847865; -0.00257836061528
25347.89859906604; -0.000107073491356; -0.002580731446
25349.89993328886; -0.000105869180956; -0.00258364963825
25351.90126751168; -0.000106347137339; -0.00258660981995
25353.90260173449; -0.000104907344028; -0.00258982920575
25355.9039359573; -0.000104581994523; -0.00259249348136
25357.90527018012; -0.000104237214585; -0.00259585981388
25359.90660440294; -0.000103717826378; -0.00259932553582
25361.90793862575; -0.000102787392746; -0.00260183706378
25363.90927284857; -0.000102762568237; -0.00260487752079
25365.91060707138; -0.000102587513884; -0.00260837912486
25367.91194129419; -0.000101781622804; -0.00261122358005
25369.91327551701; -0.000100277836269; -0.00261457677053
25371.91460973983; -0.000100887860698; -0.00261574959156
25373.91594396264; -0.000100532336914; -0.00261988948431
25375.91727818546; -9.99107526278e-05; -0.00262287709171
25377.91861240827; -9.88658916648e-05; -0.00262656994413
25379.91994663109; -9.84112243075e-05; -0.00262897170245
25381.9212808539; -9.79436209958e-05; -0.00263174081025
25383.92261507672; -9.76188901916e-05; -0.00263478286751
25385.92394929953; -9.74709471499e-05; -0.00263709307444
25387.92528352235; -9.65795445383e-05; -0.00264034811667
25389.92661774516; -9.69822624593e-05; -0.00264303531484
25391.92795196798; -9.5474888719e-05; -0.00264606379291
25393.92928619079; -9.46383527393e-05; -0.00264853105924
25395.93062041361; -9.46077519934e-05; -0.00265181512073
25397.93195463642; -9.36104788657e-05; -0.00265374411628
25399.93328885924; -9.35397324679e-05; -0.00265804784076
25401.93462308206; -9.28990108309e-05; -0.00266022943754
25403.93595730487; -9.27692230492e-05; -0.0026635280727
25405.93729152768; -9.26659237237e-05; -0.00266663613651
25407.9386257505; -9.13921771752e-05; -0.00266865620944
25409.93995997332; -9.07173212801e-05; -0.00267156857407
25411.94129419613; -9.0764608265e-05; -0.00267409767398
25413.94262841895; -9.05575400688e-05; -0.00267719123375
25415.94396264176; -8.97695202455e-05; -0.00268072041359
25417.94529686458; -8.92572884485e-05; -0.00268217228485
25419.94663108739; -8.84327474098e-05; -0.00268674909901
25421.94796531021; -8.7998752887e-05; -0.00268852169147
25423.94929953302; -8.77571579657e-05; -0.00269176243488
25425.95063375584; -8.67977356108e-05; -0.00269432705445
25427.95196797865; -8.70131327724e-05; -0.00269703721349
25429.95330220147; -8.66938809697e-05; -0.00270066320373
25431.95463642428; -8.5431644663e-05; -0.00270305087453
25433.9559706471; -8.49574005638e-05; -0.00270552443734
25435.95730486991; -8.52163005791e-05; -0.00270770648528
25437.95863909273; -8.45804144728e-05; -0.00271099661094
25439.95997331554; -8.38467022733e-05; -0.00271390997843
25441.96130753836; -8.39088659328e-05; -0.00271599522937
25443.96264176117; -8.25880891723e-05; -0.00271915568693
25445.96397598399; -8.24312297721e-05; -0.00272195015472
25447.9653102068; -8.17813092341e-05; -0.00272430506437
25449.96664442962; -8.15865922918e-05; -0.00272637259028
25451.96797865244; -8.09574225894e-05; -0.00273006256374
25453.96931287525; -8.024670495e-05; -0.00273243578304
25455.97064709807; -8.01734127466e-05; -0.00273545560297
25457.97198132088; -8.05235198372e-05; -0.00273857180575
25459.9733155437; -7.95760868848e-05; -0.00274120989046
25461.97464976651; -7.93478950016e-05; -0.00274344649987
25463.97598398933; -7.93024494277e-05; -0.00274650414504
25465.97731821214; -7.73562255566e-05; -0.00274920929101
25467.97865243496; -7.72693549279e-05; -0.00275176213019
25469.97998665777; -7.76174078353e-05; -0.00275400884713
25471.98132088059; -7.67637492258e-05; -0.00275653851328
25473.9826551034; -7.63445771461e-05; -0.00276004671236
25475.98398932622; -7.5734074788e-05; -0.00276219424266
25477.98532354903; -7.56902371602e-05; -0.00276499155495
25479.98665777185; -7.5738463697e-05; -0.00276782745263
25481.98799199466; -7.4937872232e-05; -0.00277010510071
25483.98932621748; -7.42531278876e-05; -0.00277289883126
25485.99066044029; -7.38376096294e-05; -0.00277555878366
25487.99199466311; -7.37959972643e-05; -0.00277871998555
25489.99332888592; -7.26537945227e-05; -0.00278111235296
25491.99466310874; -7.23397693333e-05; -0.00278351144762
25493.99599733156; -7.14922488886e-05; -0.00278586828414
25495.99733155437; -7.10088193503e-05; -0.0027886730927
25497.99866577718; -7.16576311801e-05; -0.00279126899518
25500; -7.07965164638e-05; -0.00279376368398
