% Module: Sweep, ID: c0p1t8p1cfm0
% Devices: DEV646
% Time: 2025/12/02 11:55:38
% Demod 1 Sample X, /dev646/demods/0/sample.X
% Demod 1 Sample Y, /dev646/demods/0/sample.Y
% Frequency (Hz); Demod 1 Sample X  Amplitude (V); Demod 1 Sample Y  Amplitude (V)
19720.13089667246; -0.000881618244531; -0.00994517005355
19726.47925471983; -0.000884609959835; -0.00995062601006
19732.8276127672; -0.00088646135681; -0.00995649585858
19739.17597081457; -0.000890215417494; -0.00996279876561
19745.52432886193; -0.000892095283568; -0.00996867821804
19751.8726869093; -0.000895609774513; -0.00997432866773
19758.22104495667; -0.000898605980036; -0.00998100007473
19764.56940300404; -0.000900699652096; -0.00998633027983
19770.9177610514; -0.000902927946314; -0.00999301396655
19777.26611909877; -0.000906317619394; -0.00999882179679
19783.61447714614; -0.000908983493187; -0.0100047246545
19789.96283519351; -0.00091228474754; -0.0100112883682
19796.31119324087; -0.00091575602802; -0.0100164458182
19802.65955128824; -0.000917797092633; -0.0100218745814
19809.00790933561; -0.000919992738461; -0.0100298932766
19815.35626738297; -0.000923343663448; -0.0100340540566
19821.70462543034; -0.000927074445337; -0.010041768024
19828.05298347771; -0.000929822099377; -0.0100468088197
19834.40134152507; -0.000933573168095; -0.0100536852491
19840.74969957244; -0.000935231161684; -0.0100590440197
19847.09805761981; -0.000939226123048; -0.0100652734913
19853.44641566718; -0.000943053840017; -0.0100714131633
19859.79477371454; -0.000943875384552; -0.0100765627952
19866.14313176191; -0.000948853772153; -0.0100826868166
19872.49148980928; -0.000951044030211; -0.0100877321356
19878.83984785665; -0.000954844803871; -0.0100939874959
19885.18820590401; -0.000958404531156; -0.0101014572368
19891.53656395138; -0.000961572797989; -0.0101091221341
19897.88492199875; -0.000965231008992; -0.0101141708153
19904.23328004612; -0.000967472494169; -0.0101207559938
19910.58163809348; -0.000969923493653; -0.0101264457128
19916.92999614085; -0.000974791765062; -0.0101331082033
19923.27835418822; -0.000977038317465; -0.0101382868936
19929.62671223559; -0.000980650456423; -0.0101449897822
19935.97507028295; -0.000983778753223; -0.0101505606411
19942.32342833032; -0.000987352842175; -0.010158287088
19948.67178637769; -0.000990748531342; -0.0101633201321
19955.02014442505; -0.000993953889398; -0.0101694754407
19961.36850247242; -0.000997348932633; -0.0101751747388
19967.71686051979; -0.00100039833061; -0.0101814981837
19974.06521856716; -0.00100261868833; -0.0101877088803
19980.41357661452; -0.00100752110746; -0.0101940936242
19986.76193466189; -0.00101027146138; -0.0102008251372
19993.11029270926; -0.0010144780417; -0.0102063175701
19999.45865075662; -0.00101704695287; -0.0102116829956
20005.80700880399; -0.00102181192942; -0.0102191968834
20012.15536685136; -0.00102494694185; -0.0102256693782
20018.50372489872; -0.00102769173016; -0.0102315525004
20024.85208294609; -0.00103260464444; -0.0102377981794
20031.20044099346; -0.00103565219585; -0.0102451574738
20037.54879904083; -0.0010393323644; -0.0102514243383
20043.89715708819; -0.00104323292418; -0.0102578616396
20050.24551513556; -0.00104721302149; -0.0102641841071
20056.59387318293; -0.00105015203296; -0.0102696010993
20062.9422312303; -0.00105463815536; -0.0102767473235
20069.29058927767; -0.00105841486659; -0.0102827287937
20075.63894732503; -0.00106209727687; -0.0102887733217
20081.9873053724; -0.00106621351212; -0.0102952113008
20088.33566341977; -0.0010701151123; -0.0103014852713
20094.68402146713; -0.00107348034411; -0.0103087047313
20101.0323795145; -0.00107707651076; -0.01031569249
20107.38073756187; -0.00108034479234; -0.0103221810966
20113.72909560924; -0.00108431825555; -0.01032750426
20120.0774536566; -0.0010889116461; -0.0103342890413
20126.42581170397; -0.00109162734199; -0.0103411724965
20132.77416975134; -0.00109745922612; -0.0103478719782
20139.1225277987; -0.00110197259298; -0.0103541380507
20145.47088584607; -0.00110553983314; -0.0103606510152
20151.81924389344; -0.00110927051657; -0.0103668095887
20158.16760194081; -0.00111502233071; -0.0103733973706
20164.51595998817; -0.00111713486381; -0.010379655713
20170.86431803554; -0.00112133488726; -0.0103868141982
20177.21267608291; -0.00112527775542; -0.010394414587
20183.56103413027; -0.0011296146636; -0.0103992273526
20189.90939217764; -0.00113385305853; -0.0104056697256
20196.25775022501; -0.00113814244726; -0.0104125851748
20202.60610827238; -0.00114287643621; -0.0104195232621
20208.95446631974; -0.00114645232488; -0.0104264628925
20215.30282436711; -0.00115034832721; -0.0104316458882
20221.65118241448; -0.00115639943487; -0.0104393209017
20227.99954046185; -0.00116010899645; -0.0104458457886
20234.34789850921; -0.00116511865204; -0.0104521186708
20240.69625655658; -0.00116754275968; -0.0104590973747
20247.04461460395; -0.00117218200904; -0.0104654585782
20253.39297265132; -0.00117725640001; -0.0104730814752
20259.74133069868; -0.00118171177297; -0.0104786759896
20266.08968874605; -0.00118646707869; -0.0104852940244
20272.43804679342; -0.0011915400868; -0.0104920495783
20278.78640484078; -0.00119665553367; -0.0104994241702
20285.13476288815; -0.00119991377394; -0.0105050100715
20291.48312093552; -0.00120540937587; -0.0105130828232
20297.83147898289; -0.00120958955066; -0.0105187333858
20304.17983703025; -0.00121433885329; -0.0105250950579
20310.52819507762; -0.00121833528244; -0.0105316729512
20316.87655312499; -0.00122395005962; -0.0105397396265
20323.22491117235; -0.00122779329566; -0.0105470576735
20329.57326921972; -0.0012335588353; -0.0105529668807
20335.92162726709; -0.00123802236745; -0.0105590036315
20342.26998531446; -0.00124331035764; -0.0105676315272
20348.61834336182; -0.00124808885276; -0.0105736699007
20354.96670140919; -0.00125360414667; -0.0105806505675
20361.31505945656; -0.00125876660083; -0.0105868814707
20367.66341750393; -0.00126121034905; -0.0105933503646
20374.01177555129; -0.00126886296149; -0.0106007491408
20380.36013359866; -0.00127365140037; -0.0106063553991
20386.70849164603; -0.0012783450659; -0.0106142141383
20393.0568496934; -0.00128386406308; -0.0106202615913
20399.40520774076; -0.00128776661713; -0.0106274279155
20405.75356578813; -0.00129409495398; -0.0106344412948
20412.1019238355; -0.00129836881296; -0.0106404316556
20418.45028188286; -0.0013038720573; -0.0106480208236
20424.79863993023; -0.00130974691151; -0.0106554217101
20431.1469979776; -0.00131558200477; -0.0106613906531
20437.49535602497; -0.00132036879378; -0.0106683052277
20443.84371407233; -0.001326529644; -0.010675067125
20450.1920721197; -0.00133128537319; -0.0106827341024
20456.54043016707; -0.0013370642881; -0.0106884028762
20462.88878821443; -0.00134328623151; -0.010695211486
20469.2371462618; -0.00134823073101; -0.0107036554111
20475.58550430917; -0.00135512950342; -0.0107096252725
20481.93386235654; -0.00135856636833; -0.0107182027991
20488.2822204039; -0.00136472259441; -0.0107233985898
20494.63057845127; -0.00136953391785; -0.0107315570217
20500.97893649864; -0.00137637439143; -0.0107382618999
20507.327294546; -0.00138258929974; -0.0107456396038
20513.67565259337; -0.00138765282994; -0.0107519232693
20520.02401064074; -0.00139372673915; -0.0107588589791
20526.37236868811; -0.00139954610572; -0.0107655896434
20532.72072673548; -0.00140510729044; -0.0107744966112
20539.06908478284; -0.00141088452463; -0.0107793328743
20545.41744283021; -0.00141745953771; -0.0107873962196
20551.76580087758; -0.0014232716881; -0.0107951426841
20558.11415892495; -0.00142888530918; -0.010800680303
20564.46251697231; -0.00143550985697; -0.0108078792605
20570.81087501968; -0.00144125362438; -0.0108145936621
20577.15923306705; -0.00144777418976; -0.0108212175074
20583.50759111441; -0.00145505903178; -0.0108284105923
20589.85594916178; -0.00145959414057; -0.0108354865617
20596.20430720915; -0.00147734096071; -0.0108410972714
20602.55266525651; -0.00148289142881; -0.010847539441
20608.90102330388; -0.0014885339867; -0.0108544677592
20615.24938135125; -0.001495538267; -0.0108618445183
20621.59773939862; -0.00150175753545; -0.0108693312457
20627.94609744598; -0.00150749547762; -0.0108755529753
20634.29445549335; -0.00151422890005; -0.0108795158292
20640.64281354072; -0.00152197142969; -0.0108846176235
20646.99117158808; -0.0015271316099; -0.0108926705459
20653.33952963545; -0.00153514702384; -0.0108989284126
20659.68788768282; -0.00154190766989; -0.0109063115227
20666.03624573019; -0.00154760158027; -0.0109131234008
20672.38460377755; -0.00155459969141; -0.0109209030788
20678.73296182492; -0.00156100259503; -0.0109282836908
20685.08131987229; -0.00156929246205; -0.0109340727173
20691.42967791966; -0.00157670329487; -0.0109417472701
20697.77803596703; -0.00158347157903; -0.0109487270837
20704.12639401439; -0.00158952926985; -0.0109563966822
20710.47475206176; -0.00159630365664; -0.0109622251512
20716.82311010913; -0.00160333432801; -0.0109697578124
20723.17146815649; -0.00161120744007; -0.0109777359784
20729.51982620386; -0.00161889587925; -0.0109829663026
20735.86818425123; -0.00162489532893; -0.0109917101636
20742.2165422986; -0.00163210262838; -0.0109986540985
20748.56490034596; -0.00163983371063; -0.0110047147739
20754.91325839333; -0.00164745696926; -0.0110121516773
20761.2616164407; -0.00165402195766; -0.0110184084733
20767.60997448806; -0.00166330084538; -0.0110265916044
20773.95833253543; -0.00166812678157; -0.0110340716382
20780.3066905828; -0.00167827642161; -0.0110407033461
20786.65504863016; -0.0016857726005; -0.0110485210587
20793.00340667753; -0.00169301919212; -0.0110546948021
20799.3517647249; -0.00170089488729; -0.0110623094548
20805.70012277227; -0.0017087407375; -0.011069365976
20812.04848081963; -0.00171631276709; -0.0110767216496
20818.396838867; -0.00172505265955; -0.0110836448841
20824.74519691437; -0.00173336381073; -0.0110900061923
20831.09355496174; -0.00174061056628; -0.0110973169441
20837.4419130091; -0.00174796650031; -0.0111039854042
20843.79027105647; -0.00175702317254; -0.0111115491856
20850.13862910384; -0.00176409604599; -0.0111189033495
20856.48698715121; -0.00177351336323; -0.0111261958966
20862.83534519857; -0.0017806243376; -0.0111329376807
20869.18370324594; -0.00178830321519; -0.0111402655016
20875.53206129331; -0.00179797934391; -0.0111477466207
20881.88041934068; -0.00180676866701; -0.0111552488052
20888.22877738804; -0.00181496742111; -0.0111618312476
20894.57713543541; -0.00182279648184; -0.0111687473034
20900.92549348278; -0.00183170149483; -0.0111751592301
20907.27385153014; -0.00184041515931; -0.0111825492622
20913.62220957751; -0.00184943565095; -0.0111902339227
20919.97056762488; -0.00185896963609; -0.0111976843538
20926.31892567225; -0.00186748914341; -0.0112036340075
20932.66728371961; -0.00187533032539; -0.0112097889624
20939.01564176698; -0.00188586663781; -0.0112166256581
20945.36399981435; -0.00189475364831; -0.0112234302531
20951.71235786171; -0.00190328029803; -0.0112316126247
20958.06071590908; -0.00191209076005; -0.0112384898757
20964.40907395645; -0.00192133266617; -0.0112453069789
20970.75743200381; -0.00193102533136; -0.0112535972005
20977.10579005118; -0.00194053128341; -0.0112598327805
20983.45414809855; -0.00195066097202; -0.0112663521095
20989.80250614592; -0.00195934948498; -0.0112730392823
20996.15086419329; -0.00196862442419; -0.0112807465777
21002.49922224065; -0.00197907637579; -0.0112866194617
21008.84758028802; -0.00198831484439; -0.0112940129512
21015.19593833539; -0.00199703692099; -0.0113011955072
21021.54429638276; -0.00200784732365; -0.011308535525
21027.89265443012; -0.00201890065756; -0.0113148896804
21034.24101247749; -0.00202918314019; -0.011322462077
21040.58937052486; -0.00203923923805; -0.0113293342035
21046.93772857222; -0.00204909776969; -0.0113358097789
21053.28608661959; -0.00205835002988; -0.0113425554008
21059.63444466696; -0.00206896426465; -0.0113505693122
21065.98280271433; -0.0020792010514; -0.0113572042651
21072.33116076169; -0.00208989240728; -0.0113624977805
21078.67951880906; -0.00209903294879; -0.0113707291812
21085.02787685643; -0.00211130119925; -0.0113770674446
21091.37623490379; -0.00212248167844; -0.011383128281
21097.72459295116; -0.00213236321018; -0.0113909249685
21104.07295099853; -0.00214345966285; -0.0113980466189
21110.42130904589; -0.00215407249099; -0.0114046038324
21116.76966709326; -0.00216556562927; -0.0114116378049
21123.11802514063; -0.00217705577074; -0.0114177717256
21129.466383188; -0.00218690923731; -0.0114246931626
21135.81474123536; -0.00219842570962; -0.0114314092672
21142.16309928273; -0.00221070752211; -0.0114365088945
21148.5114573301; -0.00222163453367; -0.0114426874899
21154.85981537747; -0.00223244998633; -0.0114497095441
21161.20817342483; -0.00224408163344; -0.0114569038052
21167.5565314722; -0.00225646595425; -0.0114634683529
21173.90488951957; -0.00226662295893; -0.0114699928549
21180.25324756694; -0.00227954983998; -0.0114766448983
21186.60160561431; -0.00229205048607; -0.0114814568903
21192.94996366167; -0.00230325613193; -0.0114884570148
21199.29832170904; -0.00231611731241; -0.0114941466967
21205.64667975641; -0.0023281760668; -0.0115007978404
21211.99503780377; -0.0023402759453; -0.011506237444
21218.34339585114; -0.00235222568458; -0.0115145015346
21224.69175389851; -0.00236448989791; -0.0115195623728
21231.04011194587; -0.00237770259181; -0.0115262257939
21237.38846999324; -0.00238978062847; -0.0115321522548
21243.73682804061; -0.00240207494138; -0.0115380623671
21250.08518608798; -0.00241466839288; -0.0115432660155
21256.43354413534; -0.0024280827829; -0.0115507571991
21262.78190218271; -0.00243996518376; -0.0115550108924
21269.13026023008; -0.00245301694098; -0.0115604239826
21275.47861827744; -0.00246735111379; -0.0115671002548
21281.82697632481; -0.00247964242396; -0.0115727393949
21288.17533437218; -0.00249289146462; -0.0115802841498
21294.52369241955; -0.00250587762536; -0.0115864804336
21300.87205046691; -0.00252000890834; -0.0115918019911
21307.22040851428; -0.00253323591876; -0.0115954529557
21313.56876656165; -0.00254675376127; -0.0116011254907
21319.91712460902; -0.00256084665401; -0.0116075713253
21326.26548265638; -0.00257329627491; -0.0116128508171
21332.61384070375; -0.00258801254596; -0.0116190620029
21338.96219875112; -0.00260167484808; -0.0116248513815
21345.31055679849; -0.00261616043783; -0.0116289279717
21351.65891484585; -0.00262976398187; -0.011634481064
21358.00727289322; -0.00264444074282; -0.0116415056285
21364.35563094059; -0.00265843328343; -0.0116447882272
21370.70398898795; -0.00267224443306; -0.0116490400767
21377.05234703532; -0.00268677598516; -0.0116547552894
21383.40070508269; -0.00270126352148; -0.0116593156527
21389.74906313006; -0.00271606884481; -0.0116642317337
21396.09742117742; -0.00273036795658; -0.0116692625247
21402.44577922479; -0.00274574459886; -0.0116733114273
21408.79413727216; -0.00276011156714; -0.0116783140204
21415.14249531952; -0.0027766739344; -0.0116837805559
21421.49085336689; -0.00278988691477; -0.0116884775687
21427.83921141426; -0.00280549127093; -0.0116909177054
21434.18756946163; -0.00282115266213; -0.0116969745327
21440.53592750899; -0.00283692723095; -0.0117010726366
21446.88428555636; -0.00285181279389; -0.0117050163424
21453.23264360373; -0.00286735850113; -0.0117097714653
21459.58100165109; -0.0028834441471; -0.011712984786
21465.92935969846; -0.00289751309327; -0.0117178679649
21472.27771774583; -0.00291428607424; -0.0117229919706
21478.6260757932; -0.00293039212335; -0.0117257942801
21484.97443384057; -0.00294725258565; -0.0117299432902
21491.32279188793; -0.00296338286757; -0.0117335970331
21497.6711499353; -0.00297877306773; -0.0117363722956
21504.01950798267; -0.00299416416783; -0.0117401406434
21510.36786603004; -0.00301130646917; -0.0117438276218
21516.7162240774; -0.00302783744044; -0.0117475574248
21523.06458212477; -0.00304387144944; -0.0117499699457
21529.41294017214; -0.00306132527155; -0.0117542599963
21535.7612982195; -0.00307800767783; -0.0117568705722
21542.10965626687; -0.00309415630517; -0.0117603572073
21548.45801431424; -0.00311065388258; -0.0117624369533
21554.8063723616; -0.0031288377986; -0.0117652277317
21561.15473040897; -0.00314569131479; -0.0117683153618
21567.50308845634; -0.00316371511529; -0.0117710198778
21573.85144650371; -0.0031802757883; -0.0117747069007
21580.19980455107; -0.00319787113058; -0.011776150402
21586.54816259844; -0.00321416223918; -0.0117784847328
21592.89652064581; -0.00323258948792; -0.0117802843942
21599.24487869317; -0.00325079741351; -0.0117825149365
21605.59323674054; -0.00326869557429; -0.0117843360489
21611.94159478791; -0.00328594405076; -0.0117866869891
21618.28995283528; -0.0033040832146; -0.011788586396
21624.63831088264; -0.00332222413777; -0.01178990866
21630.98666893001; -0.00334059853529; -0.0117917781194
21637.33502697738; -0.00335881444392; -0.0117929208777
21643.68338502475; -0.00337694722921; -0.0117940180022
21650.03174307212; -0.00339633558155; -0.0117958301619
21656.38010111948; -0.00341346644511; -0.0117974087842
21662.72845916685; -0.00343294143954; -0.0117974305381
21669.07681721422; -0.0034509956227; -0.011799357207
21675.42517526158; -0.00347094431961; -0.0117983928929
21681.77353330895; -0.00348888929675; -0.0117998561538
21688.12189135632; -0.00350778858763; -0.0117985085988
21694.47024940369; -0.00352676905482; -0.0117996411068
21700.81860745105; -0.00354742784067; -0.0117985206906
21707.16696549842; -0.00356546007906; -0.0117988179827
21713.51532354579; -0.00358355745491; -0.0117986847778
21719.86368159315; -0.00360341822964; -0.0117990474679
21726.21203964052; -0.00362395166892; -0.0117986965148
21732.56039768789; -0.00364332890665; -0.0117983324026
21738.90875573525; -0.00366348454659; -0.011796991031
21745.25711378262; -0.00368213839119; -0.0117961328401
21751.60547182999; -0.00370248797315; -0.0117947699398
21757.95382987736; -0.00372354022271; -0.0117934808102
21764.30218792472; -0.00374290958739; -0.0117924353386
21770.65054597209; -0.00376306855847; -0.0117905289453
21776.99890401946; -0.00378221233362; -0.0117886958826
21783.34726206683; -0.00380332082536; -0.011788055609
21789.69562011419; -0.00382365816338; -0.0117848851793
21796.04397816156; -0.00384415550483; -0.0117827231118
21802.39233620893; -0.0038635630633; -0.011780737791
21808.7406942563; -0.00388332951483; -0.0117778228238
21815.08905230366; -0.00390557769713; -0.011775768722
21821.43741035103; -0.00392653490825; -0.0117724727892
21827.7857683984; -0.00394653929411; -0.0117694209498
21834.13412644577; -0.00396772343863; -0.0117664270608
21840.48248449313; -0.00398869480534; -0.0117616921375
21846.8308425405; -0.00400995518603; -0.0117585330822
21853.17920058787; -0.00402922471029; -0.0117541076743
21859.52755863523; -0.00405036682706; -0.0117516371745
21865.8759166826; -0.00407224479906; -0.0117458362385
21872.22427472997; -0.00409240023977; -0.0117418873758
21878.57263277734; -0.00411420207706; -0.0117382140696
21884.9209908247; -0.00413599224119; -0.0117313474884
21891.26934887207; -0.00415705353003; -0.011727363772
21897.61770691944; -0.00417823509705; -0.0117220985046
21903.9660649668; -0.00419916851491; -0.011716031624
21910.31442301417; -0.00422016601299; -0.0117094435245
21916.66278106154; -0.00424241001646; -0.0117053563156
21923.0111391089; -0.00426424764696; -0.0116988045223
21929.35949715627; -0.00428457060523; -0.0116927336225
21935.70785520364; -0.00430691221979; -0.0116852868121
21942.05621325101; -0.00432876871009; -0.0116789213264
21948.40457129838; -0.00434978031353; -0.011670875427
21954.75292934574; -0.00437104392681; -0.011663786139
21961.10128739311; -0.00439326731475; -0.0116572716713
21967.44964544048; -0.004413900425; -0.0116497775125
21973.79800348785; -0.00443537943313; -0.0116423780004
21980.14636153521; -0.00445747369784; -0.0116337636866
21986.49471958258; -0.00447985584044; -0.0116244146082
21992.84307762995; -0.00450083610958; -0.0116156593195
21999.19143567731; -0.00452282273175; -0.0116064306191
22005.53979372468; -0.00454426994089; -0.011597156898
22011.88815177205; -0.00456590069327; -0.0115890178971
22018.23650981942; -0.00458728880687; -0.011579705974
22024.58486786678; -0.00460911363718; -0.0115693900224
22030.93322591415; -0.00463122960574; -0.0115597726421
22037.28158396152; -0.00465177637137; -0.0115498603877
22043.62994200888; -0.00467356144065; -0.0115387536487
22049.97830005625; -0.00469619962915; -0.0115270809264
22056.32665810362; -0.00471728881578; -0.011516318862
22062.67501615098; -0.00473898755606; -0.0115042599368
22069.02337419835; -0.00476064632338; -0.0114935137093
22075.37173224572; -0.00478255031844; -0.0114803745619
22081.72009029309; -0.0048033401697; -0.0114686312232
22088.06844834045; -0.00482391219423; -0.0114563556215
22094.41680638782; -0.00484571568162; -0.0114439180814
22100.76516443519; -0.00486721213339; -0.011431392616
22107.11352248256; -0.00488908511854; -0.0114179515863
22113.46188052993; -0.00490832429175; -0.0114058190931
22119.81023857729; -0.00493098525027; -0.0113907730172
22126.15859662466; -0.00495018725756; -0.0113771070013
22132.50695467203; -0.0049720390018; -0.01136381208
22138.8553127194; -0.00499306947435; -0.0113475173376
22145.20367076676; -0.00501463689683; -0.011332764378
22151.55202881413; -0.00503443611113; -0.0113184291113
22157.9003868615; -0.00505489051059; -0.0113035316959
22164.24874490886; -0.00507549087898; -0.0112880891153
22170.59710295623; -0.00509547938977; -0.0112722287929
22176.9454610036; -0.00511535165097; -0.0112562494406
22183.29381905096; -0.00513581432054; -0.0112401984068
22189.64217709833; -0.00515654604636; -0.0112239011617
22195.9905351457; -0.00517703965599; -0.011206478037
22202.33889319307; -0.00519607816087; -0.0111898356614
22208.68725124043; -0.00521619264053; -0.0111721160278
22215.0356092878; -0.00523603467907; -0.0111541348977
22221.38396733517; -0.0052556280812; -0.0111372810187
22227.73232538253; -0.00527508615092; -0.0111189749926
22234.0806834299; -0.00529351867735; -0.0111015720465
22240.42904147727; -0.00531353694202; -0.0110808781406
22246.77739952464; -0.00533204076255; -0.0110631404615
22253.125757572; -0.0053512758777; -0.0110428991991
22259.47411561937; -0.00536900296425; -0.0110240752907
22265.82247366674; -0.0053883103749; -0.0110046811519
22272.17083171411; -0.00540605196212; -0.0109850961015
22278.51918976147; -0.00542269226504; -0.0109636544667
22284.86754780884; -0.0054426169763; -0.0109449907379
22291.21590585621; -0.00545921344804; -0.0109225003802
22297.56426390358; -0.00547786276804; -0.0109020157911
22303.91262195094; -0.00549450306241; -0.0108820181062
22310.26097999831; -0.00551189881299; -0.0108598893699
22316.60933804568; -0.00552779985417; -0.0108378376955
22322.95769609304; -0.00554561516945; -0.010815867413
22329.30605414041; -0.00556157611217; -0.0107929543813
22335.65441218778; -0.00557821675009; -0.0107720830372
22342.00277023515; -0.00559466650727; -0.0107505722302
22348.35112828251; -0.00560931278017; -0.0107272725848
22354.69948632988; -0.00562610791738; -0.0107033177764
22361.04784437725; -0.0056404595446; -0.0106808364286
22367.39620242461; -0.00565623509282; -0.0106565795887
22373.74456047198; -0.00567179813285; -0.0106342199703
22380.09291851935; -0.00568507475428; -0.010608659571
22386.44127656672; -0.00570010354527; -0.0105852325199
22392.78963461408; -0.00571417147012; -0.0105622724925
22399.13799266145; -0.00572718949339; -0.0105356267335
22405.48635070882; -0.00574209484769; -0.0105117355503
22411.83470875619; -0.00575465912146; -0.0104859564822
22418.18306680355; -0.0057686103551; -0.0104624299984
22424.53142485092; -0.00578104615034; -0.0104370764929
22430.87978289829; -0.00579274499934; -0.0104109773343
22437.22814094566; -0.0058055353885; -0.0103852950485
22443.57649899302; -0.00581879829567; -0.0103595918904
22449.92485704039; -0.00582964691695; -0.0103327670047
22456.27321508776; -0.00584169266699; -0.0103072004356
22462.62157313513; -0.00585243866096; -0.0102806825637
22468.96993118249; -0.00586310426392; -0.0102548070854
22475.31828922986; -0.00587341117383; -0.0102275983049
22481.66664727723; -0.00588329818973; -0.0102004880177
22488.01500532459; -0.00589425537164; -0.0101720717299
22494.36336337196; -0.00590257526387; -0.0101470182924
22500.71172141933; -0.00591317942849; -0.0101196035278
22507.0600794667; -0.00592166589979; -0.0100912561344
22513.40843751406; -0.00593055253498; -0.0100642542412
22519.75679556143; -0.00593778871337; -0.0100379544278
22526.1051536088; -0.00594671830356; -0.0100090369249
22532.45351165616; -0.00595346148443; -0.00998027966887
22538.80186970353; -0.00596147297032; -0.00995248923151
22545.1502277509; -0.00596859944699; -0.00992459198516
22551.49858579826; -0.0059760215562; -0.00989619871448
22557.84694384563; -0.00598223569073; -0.00986780048118
22564.195301893; -0.0059865997283; -0.00983930967048
22570.54365994037; -0.00599381311906; -0.00981192396161
22576.89201798774; -0.00599915260537; -0.0097819694958
22583.2403760351; -0.00600384157467; -0.00975386335538
22589.58873408247; -0.00600887180763; -0.00972506097722
22595.93709212984; -0.00601234533768; -0.00969745231246
22602.28545017721; -0.00601567683947; -0.00966856992316
22608.63380822457; -0.00602020029663; -0.00963954018944
22614.98216627194; -0.00602136673849; -0.00961078232468
22621.33052431931; -0.00602579113462; -0.00958101077934
22627.67888236667; -0.00602812126484; -0.00955125244795
22634.02724041404; -0.00603033677633; -0.00952346966277
22640.37559846141; -0.00603311039944; -0.00949480999189
22646.72395650877; -0.0060352305308; -0.00946507626362
22653.07231455614; -0.00603522401624; -0.0094375774209
22659.42067260351; -0.00603695106513; -0.00940744987607
22665.76903065088; -0.0060365805609; -0.00938029906872
22672.11738869824; -0.00603773070976; -0.009348605813
22678.46574674561; -0.0060370967576; -0.00932192592516
22684.81410479298; -0.0060375345431; -0.00929072599959
22691.16246284034; -0.00603514228838; -0.00926295125076
22697.51082088771; -0.006033632925; -0.00923469310132
22703.85917893508; -0.00603218758176; -0.00920539153855
22710.20753698245; -0.00603010715097; -0.00917584182238
22716.55589502981; -0.00602757389654; -0.00914846872708
22722.90425307718; -0.00602539731675; -0.00911852817946
22729.25261112455; -0.00602192166213; -0.00909122725319
22735.60096917192; -0.00601845718259; -0.00906282661963
22741.94932721928; -0.00601408425043; -0.00903446899338
22748.29768526665; -0.00601025391689; -0.00900578537707
22754.64604331402; -0.00600671059368; -0.0089769201984
22760.99440136139; -0.00600092793818; -0.00894767285048
22767.34275940875; -0.00599644183186; -0.0089212862583
22773.69111745612; -0.00598993070592; -0.00889366143454
22780.03947550349; -0.00598507261258; -0.00886584290794
22786.38783355086; -0.0059798098243; -0.00883693097536
22792.73619159822; -0.00597210112936; -0.00881002018252
22799.08454964559; -0.00596625744183; -0.00878314201761
22805.43290769296; -0.00595847508385; -0.00875586061377
22811.78126574032; -0.00595157418387; -0.0087289200662
22818.12962378769; -0.00594387398852; -0.0087007415382
22824.47798183506; -0.00593620747611; -0.00867415103364
22830.82633988243; -0.00592902095828; -0.00864760227829
22837.17469792979; -0.005919177324; -0.00862067616646
22843.52305597716; -0.00591035363241; -0.00859488977503
22849.87141402453; -0.00590282664793; -0.00856791714077
22856.21977207189; -0.0058934673349; -0.00854241641281
22862.56813011926; -0.00588275571342; -0.00851670825112
22868.91648816663; -0.00587394323338; -0.00848942240999
22875.264846214; -0.00586298377443; -0.00846530855289
22881.61320426136; -0.00585296742053; -0.00843948171234
22887.96156230873; -0.00584212771591; -0.00841399489313
22894.3099203561; -0.00583042600518; -0.00838875632293
22900.65827840347; -0.0058194666157; -0.00836348264314
22907.00663645083; -0.00580962976968; -0.0083397031793
22913.3549944982; -0.00579651237737; -0.00831516757047
22919.70335254557; -0.0057845534878; -0.0082899114251
22926.05171059294; -0.00577146815941; -0.00826644033444
22932.4000686403; -0.00575962518766; -0.0082421775836
22938.74842668767; -0.00574818930597; -0.00821823930679
22945.09678473504; -0.00573404821315; -0.00819509858178
22951.4451427824; -0.00572133325037; -0.0081712172651
22957.79350082977; -0.00570762428413; -0.00814760067074
22964.14185887714; -0.00569405921079; -0.00812553662108
22970.49021692451; -0.00568056562886; -0.00810366896815
22976.83857497187; -0.00566493599727; -0.00808066502157
22983.18693301924; -0.00565282793433; -0.00805807371174
22989.53529106661; -0.00563700329049; -0.00803590423533
22995.88364911397; -0.00562369452774; -0.00801440222595
23002.23200716134; -0.00560850161648; -0.00799327387915
23008.58036520871; -0.00559331853912; -0.00797277327095
23014.92872325607; -0.0055779932465; -0.00795080468804
23021.27708130344; -0.00556396898098; -0.00792976662392
23027.62543935081; -0.00554743852371; -0.00790975142583
23033.97379739818; -0.00553170169489; -0.00788931857999
23040.32215544554; -0.0055167196518; -0.00786926454949
23046.67051349291; -0.00549983075255; -0.00784897209374
23053.01887154028; -0.00548239136358; -0.00782822114019
23059.36722958765; -0.00546740717569; -0.00780998370256
23065.71558763502; -0.00545091114269; -0.00779068883424
23072.06394568238; -0.00543390845297; -0.00777191529432
23078.41230372975; -0.00541667991932; -0.00775322508743
23084.76066177712; -0.00540049646203; -0.00773412948697
23091.10901982449; -0.00538368666292; -0.00771581525362
23097.45737787185; -0.00536627582404; -0.00769748129161
23103.80573591922; -0.00534826707938; -0.00768108422341
23110.15409396659; -0.00533190133263; -0.00766348226426
23116.50245201395; -0.00531474706058; -0.00764494123797
23122.85081006132; -0.0052981884733; -0.00762788672005
23129.19916810869; -0.0052793166502; -0.00761145750654
23135.54752615605; -0.00526124129104; -0.00759471725466
23141.89588420342; -0.00524336270932; -0.00757846598016
23148.24424225079; -0.00522650742179; -0.00756273650852
23154.59260029816; -0.00520781906154; -0.00754664962338
23160.94095834552; -0.00519013432929; -0.00753221833002
23167.28931639289; -0.00517186792716; -0.00751642795289
23173.63767444026; -0.00515251299529; -0.00750051347091
23179.98603248762; -0.00513409189111; -0.0074859067845
23186.33439053499; -0.00511554083952; -0.00747141659269
23192.68274858236; -0.00509729276074; -0.00745762376409
23199.03110662973; -0.00507750948812; -0.00744430285686
23205.37946467709; -0.00505867968501; -0.0074289395137
23211.72782272446; -0.00504119716272; -0.00741561677599
23218.07618077183; -0.00502256609453; -0.00740242730187
23224.4245388192; -0.00500392928126; -0.00738937688514
23230.77289686657; -0.00498515096965; -0.00737524440714
23237.12125491393; -0.00496590122975; -0.0073630434068
23243.4696129613; -0.00494688755515; -0.0073504917242
23249.81797100867; -0.00492700054375; -0.0073391533556
23256.16632905603; -0.00490693722558; -0.00732642807644
23262.5146871034; -0.00488949993571; -0.00731500304375
23268.86304515077; -0.00487102922289; -0.00730394305406
23275.21140319813; -0.00485013538191; -0.00729190219416
23281.5597612455; -0.00483217118458; -0.00728068297465
23287.90811929287; -0.00481181496353; -0.00726937110743
23294.25647734024; -0.00479293284289; -0.00725984356507
23300.6048353876; -0.00477393589269; -0.00725018417551
23306.95319343497; -0.00475330868953; -0.00723969298211
23313.30155148234; -0.00473697917822; -0.00722937926649
23319.6499095297; -0.00471660126955; -0.00721918388826
23325.99826757707; -0.00469669253337; -0.00720845795504
23332.34662562444; -0.00467697521862; -0.00720008607538
23338.69498367181; -0.00465792567428; -0.00719155656146
23345.04334171917; -0.0046396530996; -0.00718247795484
23351.39169976654; -0.00461900556546; -0.00717437158459
23357.74005781391; -0.0046000441473; -0.00716491863061
23364.08841586128; -0.00458083853727; -0.00715650732754
23370.43677390864; -0.0045622170756; -0.00714887583671
23376.78513195601; -0.00454291557973; -0.0071401126986
23383.13349000338; -0.00452362056256; -0.00713318758751
23389.48184805075; -0.00450416037081; -0.00712546399752
23395.83020609811; -0.00448525858651; -0.00711768471373
23402.17856414548; -0.00446560628123; -0.00711160182054
23408.52692219285; -0.00444669194559; -0.00710416614167
23414.87528024022; -0.00442828704087; -0.00709734765534
23421.22363828758; -0.0044083293256; -0.00709170855504
23427.57199633495; -0.00438917158225; -0.00708428172676
23433.92035438232; -0.00437037653371; -0.00707965053436
23440.26871242968; -0.00435054244475; -0.00707303738151
23446.61707047705; -0.00433227558693; -0.00706718488639
23452.96542852442; -0.00431389609134; -0.00706161037779
23459.31378657179; -0.00429548453829; -0.0070554609698
23465.66214461915; -0.00427654769503; -0.00705113565271
23472.01050266652; -0.00425663704274; -0.0070461049582
23478.35886071389; -0.00423681553811; -0.00704199543212
23484.70721876125; -0.00421886608799; -0.00703567812558
23491.05557680862; -0.00420151219801; -0.00703131256298
23497.40393485599; -0.00418284380536; -0.00702735200534
23503.75229290335; -0.00416384867649; -0.00702337763596
23510.10065095072; -0.00414531961876; -0.00702086011368
23516.44900899809; -0.0041275311884; -0.00701602607599
23522.79736704546; -0.00410859828212; -0.00701399470898
23529.14572509283; -0.00409039178993; -0.00700965350958
23535.49408314019; -0.00407340153454; -0.00700536366745
23541.84244118756; -0.00405435919546; -0.00700216426341
23548.19079923493; -0.00403532473303; -0.0069995025146
23554.5391572823; -0.00401819642497; -0.00699689657559
23560.88751532966; -0.00400069490496; -0.0069946707644
23567.23587337703; -0.00398279658764; -0.00699124084175
23573.5842314244; -0.00396403531258; -0.00699005535031
23579.93258947176; -0.00394705128013; -0.0069869903128
23586.28094751913; -0.00392916529869; -0.00698445588704
23592.6293055665; -0.00391152426259; -0.00698375114933
23598.97766361386; -0.00389356906462; -0.0069798745942
23605.32602166123; -0.00387641510343; -0.00697874920178
23611.6743797086; -0.00385832938627; -0.00697774054226
23618.02273775597; -0.00384041148983; -0.00697532687285
23624.37109580333; -0.00382342461442; -0.00697510392481
23630.7194538507; -0.00380797861037; -0.00697399794774
23637.06781189807; -0.00379017115759; -0.00697301572714
23643.41616994543; -0.00377420589381; -0.00697111409113
23649.7645279928; -0.00375497906662; -0.0069708872225
23656.11288604017; -0.00373805534557; -0.0069697148864
23662.46124408754; -0.00372188407368; -0.00697028131367
23668.8096021349; -0.00370552173144; -0.00696980601363
23675.15796018227; -0.00368910657321; -0.0069688867607
23681.50631822964; -0.00367227144174; -0.00696940380087
23687.85467627701; -0.00365537426853; -0.00696902897512
23694.20303432438; -0.00363831221434; -0.00696865231126
23700.55139237174; -0.0036226019409; -0.00696941159929
23706.89975041911; -0.00360582454533; -0.00696900399153
23713.24810846648; -0.00359067638678; -0.00696857722688
23719.59646651384; -0.00357407945449; -0.00697169529123
23725.94482456121; -0.00355784399076; -0.0069709322733
23732.29318260858; -0.00354221479094; -0.00697037331653
23738.64154065595; -0.00352622003958; -0.0069723967475
23744.98989870331; -0.00350973340694; -0.00697355678896
23751.33825675068; -0.00349412429441; -0.00697331926933
23757.68661479805; -0.00347790467083; -0.00697308452451
23764.03497284541; -0.00346306907468; -0.00697449747166
23770.38333089278; -0.00344856834725; -0.00697634918033
23776.73168894015; -0.00343297414724; -0.00697746218166
23783.08004698752; -0.00341676690376; -0.00697886243209
23789.42840503488; -0.00340133849389; -0.00698106454978
23795.77676308225; -0.00338572511353; -0.00698198796085
23802.12512112962; -0.0033718255734; -0.00698465372003
23808.47347917698; -0.00335566571468; -0.0069865239845
23814.82183722435; -0.00334032277765; -0.00698939051194
23821.17019527172; -0.00332540489609; -0.00699017394131
23827.51855331909; -0.00331140886751; -0.00699331857119
23833.86691136645; -0.00329722363844; -0.00699523826207
23840.21526941382; -0.00328193168653; -0.00699715440374
23846.56362746119; -0.00326703247663; -0.00699768201629
23852.91198550856; -0.00325262470568; -0.00700196011164
23859.26034355592; -0.00323863592466; -0.00700294790778
23865.60870160329; -0.00322398810651; -0.00700632994275
23871.95705965066; -0.00320950825469; -0.00700963929307
23878.30541769803; -0.00319547352547; -0.00701159656617
23884.65377574539; -0.00318123345732; -0.00701490173497
23891.00213379276; -0.00316782511561; -0.00701766430222
23897.35049184013; -0.00315446877272; -0.00702090409754
23903.69884988749; -0.00314037326033; -0.00702207880436
23910.04720793486; -0.003126094104; -0.00702648356129
23916.39556598223; -0.00311313393755; -0.00702904884733
23922.74392402959; -0.0030983056092; -0.00703189577826
23929.09228207696; -0.00308539889776; -0.00703561801002
23935.44064012433; -0.00307172972447; -0.0070384265417
23941.7889981717; -0.00305849350653; -0.00704255756455
23948.13735621906; -0.00304448790881; -0.0070450532166
23954.48571426643; -0.0030328958535; -0.00704948574746
23960.8340723138; -0.00301857784784; -0.00705333644576
23967.18243036116; -0.00300515222865; -0.00705644445788
23973.53078840853; -0.0029922284245; -0.00706026740086
23979.8791464559; -0.00298074297964; -0.00706370870222
23986.22750450327; -0.00296651699691; -0.00706716129005
23992.57586255064; -0.00295414273909; -0.00707135593735
23998.924220598; -0.00294116219682; -0.00707474251269
24005.27257864537; -0.00292987202906; -0.00707889263359
24011.62093669274; -0.00291674025608; -0.00708278458263
24017.96929474011; -0.00290281607991; -0.00708586949765
24024.31765278747; -0.00289167566391; -0.00708898887463
24030.66601083484; -0.00287946160623; -0.00709287289287
24037.01436888221; -0.00286655157112; -0.00709809869748
24043.36272692958; -0.00285500067816; -0.00710237591065
24049.71108497694; -0.00284295912664; -0.00710673020947
24056.05944302431; -0.00283225583244; -0.00711104229314
24062.40780107168; -0.0028190694593; -0.00711582335984
24068.75615911904; -0.0028073956782; -0.00711990432613
24075.10451716641; -0.0027955568492; -0.00712276573626
24081.45287521378; -0.00278425108306; -0.00712890073866
24087.80123326114; -0.00277275159154; -0.00713376297613
24094.14959130851; -0.00276065766373; -0.00713727351041
24100.49794935588; -0.00274856337384; -0.00714181810264
24106.84630740325; -0.00273786575618; -0.0071464599155
24113.19466545061; -0.00272656082767; -0.00715167179914
24119.54302349798; -0.0027143255823; -0.00715565826969
24125.89138154535; -0.00270411114941; -0.00716125868119
24132.23973959271; -0.00269239729266; -0.00716609455499
24138.58809764008; -0.00268242908476; -0.00716974455287
24144.93645568745; -0.00267111789939; -0.00717435225263
24151.28481373482; -0.00265979826105; -0.00717930346445
24157.63317178218; -0.00264901921192; -0.00718393233066
24163.98152982955; -0.00263833434714; -0.00718930916782
24170.32988787692; -0.00262644487357; -0.00719430511136
24176.67824592429; -0.00261710311817; -0.00719970518985
24183.02660397165; -0.00260525349232; -0.00720422186899
24189.37496201902; -0.00259557587112; -0.00720958045211
24195.72332006639; -0.00258491069693; -0.00721548407843
24202.07167811376; -0.00257526107243; -0.00721913960524
24208.42003616112; -0.00256531433037; -0.00722412447709
24214.76839420849; -0.00255456390696; -0.0072279023938
24221.11675225586; -0.00254532543673; -0.00723509976941
24227.46511030322; -0.00253293888604; -0.00723972162583
24233.81346835059; -0.00252253673577; -0.00724447017206
24240.16182639796; -0.00251258904531; -0.00724934276046
24246.51018444533; -0.00250314774072; -0.00725411145383
24252.85854249269; -0.00249293012633; -0.00725855361398
24259.20690054006; -0.00248315413733; -0.00726507348788
24265.55525858743; -0.00247440447449; -0.00727037833885
24271.90361663479; -0.0024647216109; -0.00727613584107
24278.25197468216; -0.00245409051173; -0.00728175704373
24284.60033272953; -0.00244508081179; -0.00728650270869
24290.9486907769; -0.00243495658749; -0.00729224090694
24297.29704882426; -0.00242503617989; -0.0072972963488
24303.64540687163; -0.00241645525731; -0.00730345724964
24309.993764919; -0.00240770824228; -0.00730772543107
24316.34212296637; -0.00239706199451; -0.00731401711171
24322.69048101373; -0.00238878403612; -0.0073191249437
24329.0388390611; -0.00238010834073; -0.00732418424123
24335.38719710847; -0.0023705295494; -0.00733048632856
24341.73555515584; -0.00236177271153; -0.00733409117364
24348.0839132032; -0.00235227142778; -0.00734092407888
24354.43227125057; -0.00234394286589; -0.0073462995904
24360.78062929794; -0.00233492011937; -0.00735169696062
24367.12898734531; -0.00232424213115; -0.00735735372985
24373.47734539267; -0.00231688641497; -0.00736258995384
24379.82570344004; -0.00230791381117; -0.00736844565554
24386.17406148741; -0.0023006738391; -0.00737360944911
24392.52241953477; -0.00229059626901; -0.00738057047226
24398.87077758214; -0.00228191040909; -0.00738555922808
24405.21913562951; -0.00227417293467; -0.00739048412684
24411.56749367688; -0.00226533773314; -0.00739640508132
24417.91585172424; -0.00225696926876; -0.00740280581345
24424.26420977161; -0.0022484223349; -0.00740890925678
24430.61256781898; -0.00224167810455; -0.00741372344379
24436.96092586634; -0.00223177341433; -0.0074191842243
24443.30928391371; -0.00222446620068; -0.00742518753351
24449.65764196108; -0.00221421430326; -0.00743166242492
24456.00600000844; -0.00220763155991; -0.0074366826092
24462.35435805581; -0.00219952583914; -0.00744320855935
24468.70271610318; -0.00219151450964; -0.00744821233347
24475.05107415055; -0.00218268479412; -0.00745569137703
24481.39943219792; -0.00217565014215; -0.00745959734851
24487.74779024528; -0.00216776026308; -0.00746572575165
24494.09614829265; -0.00216032889689; -0.00747195957054
24500.44450634002; -0.00215217240716; -0.00747827623569
24506.79286438739; -0.00214528713941; -0.00748328515965
24513.14122243475; -0.00213709884461; -0.00748875944336
24519.48958048212; -0.00212987798989; -0.00749420591989
24525.83793852949; -0.00212190139259; -0.00750133861096
24532.18629657685; -0.00211482972478; -0.00750694814475
24538.53465462422; -0.00210725023824; -0.00751327346849
24544.88301267159; -0.00210084670846; -0.00751877783008
24551.23137071895; -0.00209266899427; -0.00752465879638
24557.57972876632; -0.00208601865834; -0.00753001928476
24563.92808681369; -0.00207831012926; -0.00753743543304
24570.27644486106; -0.00207103225334; -0.00754320409588
24576.62480290842; -0.00206465276814; -0.00754899236123
24582.97316095579; -0.00205803772325; -0.0075540480364
24589.32151900316; -0.0020511909969; -0.00756088681111
24595.66987705052; -0.00204340488293; -0.00756586659481
24602.01823509789; -0.00203715577452; -0.00757320072545
24608.36659314526; -0.00202960768235; -0.00757836126951
24614.71495119263; -0.00202367652033; -0.00758430076095
24621.06330923999; -0.00201605601736; -0.0075898571849
24627.41166728736; -0.00200982352541; -0.00759493614195
24633.76002533473; -0.00200340837485; -0.00760132644084
24640.1083833821; -0.00199603003134; -0.00760722188889
24646.45674142947; -0.00198880702167; -0.00761339405797
24652.80509947683; -0.00198250298378; -0.00761919521227
24659.1534575242; -0.00197794967365; -0.00762539369765
24665.50181557157; -0.00197050649437; -0.00763031686316
24671.85017361894; -0.00196381714957; -0.00763518419186
24678.1985316663; -0.00195695901475; -0.00764522478596
24684.54688971367; -0.00195103572107; -0.00765095546995
24690.89524776104; -0.00194402006784; -0.00765682761173
24697.2436058084; -0.00193834210752; -0.00766271332148
24703.59196385577; -0.00193089815992; -0.00766671656312
24709.94032190314; -0.00192403210506; -0.00767433111531
24716.2886799505; -0.00192042133666; -0.00767872527039
24722.63703799787; -0.00191291292113; -0.00768538647171
24728.98539604524; -0.00190644541967; -0.0076919839895
24735.33375409261; -0.00190000491151; -0.00769775688925
24741.68211213997; -0.00189310306398; -0.00770297802802
24748.03047018734; -0.00188702841684; -0.00771024409638
24754.37882823471; -0.00188030006279; -0.00771550001234
24760.72718628207; -0.00187638140659; -0.00772172347377
24767.07554432944; -0.00187084821997; -0.00772716743427
24773.42390237681; -0.00186216754404; -0.00773281653794
24779.77226042418; -0.00185689863897; -0.00773761161114
24786.12061847154; -0.00185161357475; -0.00774305069611
24792.46897651891; -0.00184612312628; -0.00775093594588
24798.81733456628; -0.00184063543908; -0.00775645285212
24805.16569261365; -0.00183435698809; -0.00776227308154
24811.51405066101; -0.00182858525428; -0.00776767867418
24817.86240870838; -0.00182333987209; -0.00777384123228
24824.21076675575; -0.00181798796967; -0.00777868922771
24830.55912480312; -0.00181171971737; -0.00778490938471
24836.90748285048; -0.00180615863496; -0.00779117270009
24843.25584089785; -0.0017991381995; -0.00779777954725
24849.60419894522; -0.00179516058408; -0.00780350453885
24855.95255699258; -0.00178821234027; -0.00780884572172
24862.30091503995; -0.00178359579593; -0.00781492909115
24868.64927308732; -0.00177811154508; -0.00782103666599
24874.99763113468; -0.00177312480921; -0.00782603874524
24881.34598918205; -0.00176754157817; -0.00783309944682
24887.69434722942; -0.00176187757945; -0.00783837135393
24894.04270527679; -0.00175792072124; -0.00784473214825
24900.39106332415; -0.00175189256938; -0.00785096035475
24906.73942137152; -0.00174691954616; -0.00785718114037
24913.08777941889; -0.001741606465; -0.0078626755846
24919.43613746625; -0.0017364576528; -0.00786848016188
24925.78449551362; -0.00173188288314; -0.00787483874955
24932.13285356099; -0.00172690957038; -0.00788006504409
24938.48121160836; -0.00172104529101; -0.00788541812944
24944.82956965573; -0.00171759813872; -0.00789158687178
24951.17792770309; -0.00171218246063; -0.00789736343273
24957.52628575046; -0.00170684502758; -0.00790483620059
24963.87464379783; -0.00170073132049; -0.00790882139051
24970.2230018452; -0.00169697870621; -0.00791482562842
24976.57135989256; -0.00169046892791; -0.00792049693994
24982.91971793993; -0.00168636353966; -0.00792625297229
24989.2680759873; -0.00168198182445; -0.00793245433856
24995.61643403467; -0.00167785099337; -0.00793795360308
25001.96479208203; -0.00167311393922; -0.00794523514998
25008.3131501294; -0.0016682142219; -0.00795038833931
25014.66150817677; -0.00166354554204; -0.00795438568055
25021.00986622413; -0.00165695653615; -0.00796082718949
25027.3582242715; -0.00165360433676; -0.00796915875188
25033.70658231887; -0.00164892444151; -0.0079731963494
25040.05494036623; -0.00164504353516; -0.00797959764722
25046.4032984136; -0.00163887877395; -0.00798462751464
25052.75165646097; -0.00163508748889; -0.00799087934994
25059.10001450834; -0.00163060870106; -0.00799679754261
25065.4483725557; -0.00162618403747; -0.00800261587893
25071.79673060307; -0.00162124115414; -0.00800859948393
25078.14508865044; -0.00161708153504; -0.00801471940203
25084.4934466978; -0.00161315113544; -0.00802034441043
25090.84180474517; -0.00160909598352; -0.00802496922743
25097.19016279254; -0.00160506265576; -0.008032018731
25103.53852083991; -0.00159984222923; -0.00803776160786
25109.88687888728; -0.00159495335738; -0.00804349721099
25116.23523693464; -0.00159095622975; -0.00804866592086
25122.58359498201; -0.00158758438339; -0.00805424905704
25128.93195302938; -0.00158333590832; -0.00805921401653
25135.28031107674; -0.00157958854104; -0.00806558229542
25141.62866912411; -0.00157465586224; -0.00807160571514
25147.97702717148; -0.00157008751513; -0.00807747180884
25154.32538521885; -0.0015678112633; -0.00808285769612
25160.67374326621; -0.00156294791304; -0.00808818825746
25167.02210131358; -0.00155990705819; -0.00809499785874
25173.37045936095; -0.00155462523078; -0.008099629909
25179.71881740831; -0.00155143078518; -0.00810599474223
25186.06717545568; -0.00154615458101; -0.00811279724626
25192.41553350305; -0.00154274264061; -0.00811683501416
25198.76389155042; -0.00153854761838; -0.00812272992835
25205.11224959778; -0.00153490740587; -0.0081291186656
25211.46060764515; -0.00153133508256; -0.00813423912501
25217.80896569252; -0.00152651715256; -0.00814005700909
25224.15732373988; -0.00152298546552; -0.00814547104947
25230.50568178725; -0.0015195731432; -0.008150884859
25236.85403983462; -0.00151528291668; -0.00815779476073
25243.20239788199; -0.00151176899036; -0.0081624054896
25249.55075592935; -0.00150910190878; -0.00816807593288
25255.89911397672; -0.00150373685818; -0.00817378987802
25262.24747202409; -0.00150148321191; -0.00817997541037
25268.59583007146; -0.00149735134327; -0.00818509256257
25274.94418811882; -0.00149207293084; -0.00819078235828
25281.29254616619; -0.00148921085854; -0.00819721906546
25287.64090421356; -0.00148688312698; -0.00820211205138
25293.98926226093; -0.00148234295911; -0.00820861922102
25300.33762030829; -0.00147862913085; -0.00821271820757
25306.68597835566; -0.00147484982627; -0.00821877073717
25313.03433640303; -0.0014717887682; -0.00822472621869
25319.3826944504; -0.00146820505457; -0.00823071603562
25325.73105249776; -0.00146531042104; -0.00823441420742
25332.07941054513; -0.00146067390295; -0.00824204953838
25338.4277685925; -0.00145699969464; -0.00824662730732
25344.77612663986; -0.00145345197292; -0.0082504121976
25351.12448468723; -0.00144945421636; -0.00825594548138
25357.4728427346; -0.00144700871357; -0.00826266354412
25363.82120078197; -0.00144364551587; -0.00826841902447
25370.16955882933; -0.00144100141608; -0.00827232062703
25376.5179168767; -0.00143770469656; -0.00827989708684
25382.86627492407; -0.00143337664566; -0.0082847268627
25389.21463297143; -0.00143074626853; -0.00829021116331
25395.5629910188; -0.00142546526551; -0.00829575968077
25401.91134906617; -0.00142212766295; -0.00830109058558
25408.25970711354; -0.0014205501252; -0.00830773225469
25414.6080651609; -0.00141828564131; -0.00831254105709
25420.95642320827; -0.00141370251083; -0.00831884826672
25427.30478125564; -0.0014113978896; -0.00832247819001
25433.65313930301; -0.00140779464523; -0.00832865257828
25440.00149735037; -0.00140452210129; -0.00833496409243
25446.34985539774; -0.00140080253225; -0.00834064076373
25452.69821344511; -0.00139825197796; -0.00834522335689
25459.04657149248; -0.00139450314289; -0.00835070243597
25465.39492953984; -0.00139088028616; -0.00835522122076
25471.74328758721; -0.00138768173035; -0.00836169404722
25478.09164563458; -0.00138464478656; -0.00836701926333
25484.44000368194; -0.00138151250585; -0.00837203720811
25490.78836172931; -0.00137882396997; -0.00837782125025
25497.13671977668; -0.00137667362002; -0.00838176022674
25503.48507782404; -0.00137388919653; -0.00838833638476
25509.83343587141; -0.00136982317084; -0.00839394635633
25516.18179391878; -0.00136739679317; -0.00839945461644
25522.53015196615; -0.00136451061791; -0.00840458871204
25528.87851001351; -0.00136055127191; -0.00840930844809
25535.22686806088; -0.00135778940443; -0.00841554907338
25541.57522610825; -0.00135554507168; -0.00842072350702
25547.92358415561; -0.00135239258615; -0.00842532320828
25554.27194220298; -0.00134848431579; -0.00843182845197
25560.62030025035; -0.00134589445378; -0.00843506230029
25566.96865829772; -0.00134398499005; -0.00844145102793
25573.31701634508; -0.00134082617212; -0.00844849578943
25579.66537439245; -0.00133862318427; -0.00845208060015
25586.01373243982; -0.00133564469415; -0.00845662844505
25592.36209048719; -0.00133317750013; -0.00846295167783
25598.71044853456; -0.00133037546131; -0.00846751960417
25605.05880658192; -0.00132704201842; -0.00847193744713
25611.40716462929; -0.00132415556001; -0.00847714121965
25617.75552267666; -0.00132144500057; -0.00848422846791
25624.10388072403; -0.00131791170521; -0.0084891129474
25630.45223877139; -0.00131590056548; -0.00849417422119
25636.80059681876; -0.00131344700865; -0.00849922818079
25643.14895486613; -0.00130976192719; -0.00850539742399
25649.49731291349; -0.00130744760305; -0.00851093806387
25655.84567096086; -0.00130597653113; -0.00851503071502
25662.19402900823; -0.00130291215733; -0.00852044947916
25668.54238705559; -0.00130037856689; -0.00852621023527
25674.89074510296; -0.00129683373282; -0.00853190400981
25681.23910315033; -0.00129406812875; -0.00853664659634
25687.5874611977; -0.00129256445806; -0.00854086035045
25693.93581924506; -0.00128973601956; -0.00854495834491
25700.28417729243; -0.00128732124113; -0.00855170702086
25706.6325353398; -0.00128461580023; -0.00855663639276
25712.98089338716; -0.00128183305423; -0.00856268671871
25719.32925143453; -0.00128049029746; -0.00856775987952
25725.6776094819; -0.00127667264379; -0.00857262793361
25732.02596752927; -0.00127368075179; -0.00857688751608
25738.37432557663; -0.0012717951101; -0.00858246263907
25744.722683624; -0.00126929083031; -0.00858631905791
25751.07104167137; -0.00126636324577; -0.00859303781143
25757.41939971874; -0.0012645886979; -0.00859677007973
25763.7677577661; -0.00126191947452; -0.00860160223131
25770.11611581347; -0.00126070421342; -0.00860737998167
25776.46447386084; -0.0012575562448; -0.00861410601745
25782.81283190821; -0.00125477288448; -0.00861897337762
25789.16118995557; -0.00125275309925; -0.00862308074036
25795.50954800294; -0.00124970359819; -0.00862916595373
25801.85790605031; -0.00124757630796; -0.00863396422483
25808.20626409767; -0.00124494109022; -0.00863839268033
25814.55462214504; -0.00124320263802; -0.00864260615198
25820.90298019241; -0.00123977842052; -0.00864883823291
25827.25133823977; -0.00123800724354; -0.00865323709968
25833.59969628714; -0.00123550552379; -0.00865830731159
25839.94805433451; -0.00123419700782; -0.00866313267362
25846.29641238188; -0.00123074452754; -0.00866840473797
25852.64477042924; -0.00123021542927; -0.00867364452131
25858.99312847661; -0.00122633400422; -0.00867925603336
25865.34148652398; -0.00122486148021; -0.0086839491818
25871.68984457135; -0.00122045832585; -0.00868836550174
25878.03820261871; -0.00122039850076; -0.00869364579351
25884.38656066608; -0.00121776463389; -0.00869864374108
25890.73491871345; -0.00121512010425; -0.00870402129209
25897.08327676082; -0.00121367198243; -0.00870869161497
25903.43163480818; -0.00121171864953; -0.00871473886881
25909.77999285555; -0.00120931132421; -0.00871903393785
25916.12835090292; -0.00120800890341; -0.00872332280204
25922.47670895029; -0.00120545391351; -0.00872761681038
25928.82506699765; -0.00120203072364; -0.00873283824592
25935.17342504502; -0.00120018792933; -0.00873930664971
25941.52178309239; -0.00119839433742; -0.00874403885701
25947.87014113976; -0.0011967017081; -0.00874906851473
25954.21849918712; -0.00119448313748; -0.00875313969219
25960.56685723449; -0.00119265020362; -0.00875885845078
25966.91521528186; -0.00119030440364; -0.00876353866903
25973.26357332922; -0.00118763688998; -0.00876864570809
25979.61193137659; -0.00118702368943; -0.00877340140904
25985.96028942396; -0.00118425793382; -0.00877762673586
25992.30864747132; -0.00118254909012; -0.00878231854266
25998.65700551869; -0.00117952346979; -0.00878799235415
26005.00536356606; -0.00117714983849; -0.00879232591259
26011.35372161343; -0.00117554661815; -0.00879831601299
26017.70207966079; -0.00117489590413; -0.00880262848867
26024.05043770816; -0.00117242122723; -0.00880847652972
26030.39879575553; -0.00117077615468; -0.00881157600365
26036.74715380289; -0.00116773816694; -0.0088170867568
26043.09551185026; -0.00116573733959; -0.00882200177426
26049.44386989763; -0.00116446119924; -0.00882891523757
26055.792227945; -0.00116247929478; -0.00883183358436
26062.14058599237; -0.00116051602459; -0.00883803473648
