% Module: Sweep, ID: c0p1t8p1cfm0
% Devices: DEV646
% Time: 2025/12/08 12:55:22
% Demod 1 Sample X, /dev646/demods/0/sample.X
% Demod 1 Sample Y, /dev646/demods/0/sample.Y
% Frequency (Hz); Demod 1 Sample X  Amplitude (V); Demod 1 Sample Y  Amplitude (V)
23239.21548392183; -0.000329387230253; -0.0166450862348
23241.65255071983; -0.000331430378896; -0.0166728499995
23244.08987308992; -0.000333476273733; -0.0166976943726
23246.52745105888; -0.000334907624154; -0.0167231258454
23248.96528465352; -0.000338108907845; -0.0167487116061
23251.40337390065; -0.000340444187364; -0.0167739194209
23253.84171882713; -0.000341947251966; -0.0167989057915
23256.28031945968; -0.000345557578899; -0.0168244119047
23258.71917582516; -0.000347164735068; -0.0168504777824
23261.15828795038; -0.000349493437801; -0.0168768305699
23263.59765586217; -0.000352213408599; -0.016903059162
23266.03727958735; -0.000354628271796; -0.0169288467482
23268.47715915275; -0.000356706603252; -0.0169548105849
23270.9172945852; -0.000359480957444; -0.0169817116403
23273.35768591154; -0.00036181555303; -0.0170091417972
23275.79833315859; -0.000364752981942; -0.0170359075303
23278.23923635319; -0.000367253929911; -0.0170622295706
23280.68039552223; -0.000369735657297; -0.0170900219802
23283.12181069247; -0.000371941679196; -0.0171174445442
23285.56348189079; -0.00037496710583; -0.0171450015517
23288.00540914405; -0.000377765271824; -0.017172558914
23290.4475924791; -0.00038013473068; -0.017200738694
23292.89003192278; -0.000382766922836; -0.0172276353899
23295.33272750197; -0.000385940025353; -0.0172567619171
23297.77567924352; -0.000388564059777; -0.0172847469644
23300.21888717429; -0.000391509636036; -0.017312494152
23302.66235132115; -0.000394503089366; -0.0173417639937
23305.10607171097; -0.00039836705447; -0.0173695943744
23307.55004837062; -0.000400796137563; -0.0173979585337
23309.99428132703; -0.000404968161924; -0.0174284858047
23312.43877060697; -0.000406663281123; -0.0174574272287
23314.88351623737; -0.000409376929907; -0.0174869610668
23317.32851824512; -0.0004123721248; -0.0175168660781
23319.7737766571; -0.000414927142235; -0.0175466841312
23322.21929150021; -0.000418004747078; -0.0175754277642
23324.66506280133; -0.000421392744134; -0.0176065926272
23327.11109058735; -0.000424607962255; -0.0176382089248
23329.55737488519; -0.000427573372491; -0.0176693498243
23332.00391572172; -0.000431170166153; -0.0177004237284
23334.45071312386; -0.000433556995487; -0.017730832067
23336.89776711856; -0.000437084542696; -0.0177628153125
23339.34507773264; -0.000440190140632; -0.0177936847627
23341.79264499305; -0.000443955290397; -0.0178259982271
23344.24046892671; -0.000447168418565; -0.0178578271385
23346.68854956053; -0.000450545858855; -0.0178898080322
23349.13688692144; -0.000453764184097; -0.0179222896822
23351.58548103636; -0.000457145493366; -0.0179544568794
23354.03433193221; -0.000461707262385; -0.0179879651776
23356.48343963591; -0.000464297545941; -0.0180207861567
23358.93280417441; -0.000467960930019; -0.018053275943
23361.38242557464; -0.00047148835661; -0.0180868377923
23363.83230386357; -0.000474706034228; -0.0181203068634
23366.28243906806; -0.000478267560462; -0.0181541148688
23368.73283121509; -0.000482766842894; -0.0181883053357
23371.18348033162; -0.000485872404829; -0.018222826242
23373.63438644458; -0.00048995705717; -0.0182566696781
23376.08554958093; -0.000494079739286; -0.0182923864857
23378.53696976762; -0.000497602210346; -0.0183265520242
23380.98864703161; -0.000501654709149; -0.0183619006798
23383.44058139986; -0.000506413043445; -0.0183974556769
23385.89277289933; -0.000510439164101; -0.0184331099716
23388.34522155699; -0.000514075310558; -0.0184685835328
23390.79792739979; -0.000517555732169; -0.0185043553491
23393.25089045477; -0.000522543135976; -0.0185414257918
23395.7041107488; -0.000526385289075; -0.018577732814
23398.15758830891; -0.000530869348905; -0.0186151102964
23400.61132316207; -0.000535248827775; -0.0186527505872
23403.06531533525; -0.00053945539217; -0.0186907931801
23405.51956485547; -0.000544182950948; -0.0187278244459
23407.97407174969; -0.000548040271956; -0.0187658249047
23410.4288360449; -0.000552182878512; -0.0188048888554
23412.88385776811; -0.000556825453842; -0.0188432203062
23415.33913694631; -0.000561582766816; -0.0188824161892
23417.79467360649; -0.000566586027466; -0.0189209344561
23420.25046777571; -0.000570949835189; -0.018961279694
23422.70651948087; -0.000575510429422; -0.019000531421
23425.16282874903; -0.000580213223462; -0.0190394039602
23427.61939560721; -0.000585466143148; -0.0190799682322
23430.07622008241; -0.000590230467068; -0.0191202942984
23432.53330220165; -0.000595352104567; -0.0191614640428
23434.99064199194; -0.000600092605915; -0.0192022249799
23437.44823948032; -0.000605602991674; -0.0192440637752
23439.9060946938; -0.000610738472063; -0.0192860276742
23442.36420765941; -0.000615368685447; -0.0193284108499
23444.82257840419; -0.000620954077818; -0.0193702281023
23447.28120695521; -0.000626566818965; -0.01941306194
23449.74009333941; -0.000632639113232; -0.01945619899
23452.19923758387; -0.000636957403995; -0.019499593749
23454.65863971566; -0.000642574013582; -0.0195435712972
23457.11829976179; -0.000647796283214; -0.0195875254697
23459.57821774933; -0.000653526209116; -0.0196309453207
23462.03839370532; -0.000660002871328; -0.0196761474823
23464.49882765682; -0.000665438991945; -0.0197203668324
23466.95951963088; -0.000670924386653; -0.0197659298753
23469.42046965455; -0.000677062218474; -0.0198119574273
23471.88167775491; -0.000682731333274; -0.0198572464382
23474.34314395901; -0.000689635365837; -0.0199034869436
23476.80486829397; -0.000695504263344; -0.0199496943728
23479.26685078677; -0.000701231583671; -0.0199968055971
23481.72909146452; -0.000707964196932; -0.0200438235791
23484.1915903543; -0.000713908557366; -0.0200922275047
23486.65434748319; -0.000720467618757; -0.0201423452458
23489.11736287827; -0.000727602330931; -0.0201894452347
23491.58063656662; -0.000734932282439; -0.0202392354566
23494.04416857533; -0.000740599222131; -0.0202869466197
23496.50795893149; -0.000747456879337; -0.0203374968037
23498.9720076622; -0.000754371146969; -0.0203881441481
23501.43631479454; -0.00076208931542; -0.0204388192336
23503.90088035567; -0.00076935942384; -0.0204902605139
23506.36570437259; -0.000775223805668; -0.0205412862738
23508.83078687244; -0.000783191234305; -0.0205930784529
23511.29612788235; -0.000790551227012; -0.0206447522992
23513.76172742942; -0.000797903411838; -0.0206983281813
23516.22758554075; -0.000805578253746; -0.0207511396113
23518.69370224347; -0.000813265886453; -0.0208051552557
23521.16007756469; -0.000820547844581; -0.0208577419483
23523.62671153154; -0.000828266252114; -0.0209122407119
23526.09360417114; -0.000836459900529; -0.020967972199
23528.56075551061; -0.000845179295165; -0.021022922227
23531.02816557714; -0.000852303417186; -0.0210791365557
23533.49583439775; -0.000861186797402; -0.021134948699
23535.96376199964; -0.000870020653446; -0.0211918810416
23538.43194840994; -0.000878652597753; -0.0212494124781
23540.90039365579; -0.000886990711775; -0.0213074254539
23543.36909776433; -0.000895684916589; -0.0213655810007
23545.83806076272; -0.000905291017231; -0.0214247264441
23548.30728267809; -0.000913683226336; -0.0214843714438
23550.77676353761; -0.000922723137331; -0.0215436589314
23553.24650336843; -0.000932022130191; -0.0216048543353
23555.7165021977; -0.000941265484176; -0.021664958365
23558.18676005259; -0.000950735334252; -0.0217265506836
23560.65727696032; -0.00096056789306; -0.0217882825317
23563.12805294794; -0.00097056660294; -0.0218513348407
23565.59908804268; -0.000980884010999; -0.0219147000754
23568.0703822717; -0.00099043400053; -0.0219777503623
23570.54193566219; -0.00100031896817; -0.0220427495449
23573.01374824133; -0.00101152054035; -0.0221088841916
23575.48582003628; -0.00102157407732; -0.022173814221
23577.95815107425; -0.00103255274562; -0.0222406596844
23580.4307413824; -0.00104348837461; -0.0223070198885
23582.90359098794; -0.00105527865845; -0.0223745725433
23585.37669991806; -0.00106621590839; -0.0224435610879
23587.85006819999; -0.0010774857377; -0.0225112076119
23590.32369586084; -0.00108817530978; -0.0225804217041
23592.79758292785; -0.00110013400119; -0.0226509264721
23595.27172942824; -0.00111220760071; -0.0227217379248
23597.74613538921; -0.00112419730502; -0.0227932755588
23600.22080083797; -0.00113642379242; -0.0228653375106
23602.69572580173; -0.00114905115695; -0.0229381033187
23605.1709103077; -0.00116182315592; -0.0230116393659
23607.6463543831; -0.00117498437217; -0.0230852946708
23610.12205805516; -0.00118758928937; -0.0231604416964
23612.5980213511; -0.00120093097559; -0.0232365037876
23615.07424429818; -0.0012148673917; -0.02331338748
23617.55072692355; -0.00122773125138; -0.0233910736309
23620.02746925448; -0.00124206770077; -0.0234696545112
23622.50447131822; -0.00125631456556; -0.0235488346764
23624.98173314199; -0.00127026879447; -0.023628928879
23627.45925475304; -0.00128499328349; -0.0237090795618
23629.93703617862; -0.00129961581958; -0.0237891120144
23632.41507744596; -0.00131513678254; -0.0238723258557
23634.89337858231; -0.00133038730648; -0.0239562678387
23637.37193961494; -0.00134629910558; -0.0240392599838
23639.85076057109; -0.00136158194951; -0.0241257004815
23642.32984147803; -0.00137729808281; -0.0242114892125
23644.80918236306; -0.00139383094672; -0.0242981280402
23647.28878325335; -0.00141088002303; -0.0243849744636
23649.7686441762; -0.00142762602269; -0.0244740296036
23652.2487651589; -0.00144541786663; -0.0245642781989
23654.72914622872; -0.00146226720523; -0.0246548371948
23657.20978741292; -0.00147969017628; -0.0247473805463
23659.6906887388; -0.00149828291046; -0.0248393566747
23662.17185023362; -0.00151706681907; -0.0249330292045
23664.65327192467; -0.00153608473088; -0.0250280711206
23667.13495383924; -0.00155527288636; -0.0251238175295
23669.61689600462; -0.00157457117842; -0.0252218778484
23672.09909844815; -0.00159394322491; -0.025318961664
23674.58156119702; -0.00161437971781; -0.025417251657
23677.06428427859; -0.00163507284537; -0.0255177964382
23679.54726772015; -0.00165619969946; -0.0256192288559
23682.030511549; -0.00167753083717; -0.0257217445304
23684.51401579247; -0.0016986422468; -0.025825811828
23686.99778047784; -0.00172048652824; -0.0259312802345
23689.48180563243; -0.00174285434025; -0.0260367186444
23691.96609128357; -0.001766046955; -0.0261441779617
23694.45063745857; -0.00178916712494; -0.0262539622973
23696.93544418474; -0.00181366514746; -0.0263641488789
23699.42051148947; -0.00183743429077; -0.0264758852053
23701.90583939998; -0.00186287835622; -0.0265886860409
23704.39142794364; -0.0018873263871; -0.0267040668077
23706.8772771478; -0.0019137883279; -0.0268178419547
23709.36338703978; -0.00193899337247; -0.0269357451105
23711.84975764693; -0.00196659884295; -0.0270547315432
23714.33638899658; -0.00199368827119; -0.0271749012053
23716.82328111608; -0.00202123797995; -0.0272974031758
23719.31043403277; -0.00204961378085; -0.0274202484436
23721.79784777401; -0.00207860230452; -0.0275447491498
23724.28552236715; -0.00210767027379; -0.0276713217266
23726.77345783953; -0.00213809948363; -0.0277997033225
23729.26165421858; -0.00216917241838; -0.0279282993626
23731.75011153155; -0.00220070495379; -0.0280605419974
23734.23882980585; -0.00223251786522; -0.0281933091663
23736.72780906886; -0.00226469838983; -0.02832832664
23739.21704934794; -0.00229848462821; -0.0284638704769
23741.70655067046; -0.0023329303848; -0.0286036662991
23744.1963130638; -0.00236745486037; -0.0287440932755
23746.68633655533; -0.00240346078515; -0.0288861566959
23749.17662117245; -0.00243997895849; -0.0290294942418
23751.66716694252; -0.00247683555569; -0.0291759472705
23754.15797389295; -0.00251528133672; -0.0293244664961
23756.64904205116; -0.0025539480926; -0.0294765242226
23759.14037144446; -0.00259390147737; -0.0296290832523
23761.63196210028; -0.00263385290327; -0.0297822415133
23764.12381404602; -0.00267587223347; -0.0299398847478
23766.6159273091; -0.00271811955648; -0.0300997224359
23769.10830191689; -0.00276203860535; -0.0302613576223
23771.60093789683; -0.0028067124218; -0.0304271143438
23774.09383527632; -0.00285252836499; -0.0305917926591
23776.58699408276; -0.00289881677648; -0.0307604973497
23779.08041434358; -0.00294533696245; -0.0309319850317
23781.57409608619; -0.00299581234251; -0.031106705637
23784.06803933806; -0.00304538994857; -0.0312834253851
23786.56224412653; -0.00309701652759; -0.0314617976442
23789.05671047906; -0.0031488849143; -0.0316442800582
23791.55143842308; -0.00320239432466; -0.0318288193184
23794.04642798603; -0.00325706969711; -0.0320171569398
23796.54167919535; -0.00331408978028; -0.0322067624461
23799.03719207846; -0.00337277070578; -0.0324013255758
23801.53296666282; -0.00343157484436; -0.0325979306394
23804.02900297588; -0.00349230643853; -0.0327979026326
23806.52530104506; -0.003554713143; -0.0329999027446
23809.02186089783; -0.00361931368427; -0.0332070956045
23811.51868256163; -0.00368549294115; -0.0334172285716
23814.01576606399; -0.00375233970536; -0.0336309491221
23816.51311143224; -0.00382131818248; -0.0338484098241
23819.0107186939; -0.00389261049982; -0.0340689131112
23821.50858787645; -0.00396682884305; -0.0342934116453
23824.00671900734; -0.00404156289721; -0.0345209961727
23826.50511211405; -0.00411807581561; -0.0347539128276
23829.00376722404; -0.00419901054395; -0.0349898822001
23831.5026843648; -0.00428005015549; -0.03523069955
23834.00186356381; -0.00436479270621; -0.0354767759351
23836.50130484854; -0.00445046046656; -0.0357245618247
23839.00100824648; -0.00453978963981; -0.0359784256541
23841.50097378516; -0.00463146046897; -0.036237670882
23844.00120149199; -0.00472632142913; -0.0364997469224
23846.50169139449; -0.00482219410285; -0.0367675810755
23849.00244352018; -0.00492240591172; -0.0370404812237
23851.50345789654; -0.00502612822562; -0.0373169935556
23854.00473455108; -0.00513187637154; -0.0376015855241
23856.5062735113; -0.00524109900351; -0.0378888016588
23859.00807480471; -0.00535501470732; -0.0381833039006
23861.51013845882; -0.00547179245611; -0.0384831048224
23864.01246450115; -0.00559103870717; -0.0387874917104
23866.5150529592; -0.00571500296972; -0.039098516883
23869.01790386056; -0.00584411577931; -0.0394171060044
23871.52101723264; -0.00597576445975; -0.0397401220797
23874.02439310302; -0.00611219362388; -0.0400706293696
23876.52803149922; -0.00625364198197; -0.0404082439027
23879.03193244878; -0.00639989907538; -0.0407520734874
23881.53609597922; -0.00655062858345; -0.0411025069509
23884.0405221181; -0.00670663646089; -0.0414610215674
23886.54521089293; -0.00686847527421; -0.0418278407121
23889.05016233128; -0.00703576906542; -0.0422009876223
23891.55537646068; -0.00720977117508; -0.0425817877225
23894.06085330868; -0.00738921078537; -0.0429708062751
23896.56659290283; -0.00757587560491; -0.0433700292119
23899.07259527074; -0.00776944648688; -0.0437788091832
23901.57886043985; -0.00797092703213; -0.0441956812136
23904.08538843779; -0.0081794605383; -0.0446222489143
23906.59217929212; -0.00839518369312; -0.0450571234821
23909.0992330304; -0.00862012739184; -0.0455042755404
23911.60654968019; -0.00885344900991; -0.0459598036936
23914.11412926907; -0.00909630732394; -0.0464260968849
23916.62197182462; -0.00934837452069; -0.0469017263368
23919.13007737441; -0.00961049580535; -0.0473888333663
23921.63844594602; -0.00988478863931; -0.0478889090537
23924.14707756703; -0.0101688476249; -0.0483974094555
23926.65597226508; -0.01046509072; -0.048921238747
23929.16513006766; -0.0107744524217; -0.0494551182064
23931.6745510024; -0.0110972585176; -0.0500056393736
23934.18423509691; -0.0114342112162; -0.0505685340444
23936.69418237878; -0.0117853479836; -0.0511438367808
23939.20439287561; -0.0121531157563; -0.0517335179539
23941.714866615; -0.0125369417573; -0.0523376615626
23944.22560362457; -0.0129388043619; -0.0529596534947
23946.73660393191; -0.0133598764049; -0.0535919951019
23949.24786756464; -0.0137998912008; -0.0542439233273
23951.75939455038; -0.0142613594067; -0.054908763559
23954.27118491678; -0.0147461117547; -0.0555928265285
23956.78323869138; -0.0152550341345; -0.056291767531
23959.29555590185; -0.0157869383147; -0.0570052093031
23961.8081365758; -0.0163466785054; -0.0577369619663
23964.32098074089; -0.01693429553; -0.05848861223
23966.83408842472; -0.0175524066454; -0.0592581505807
23969.34745965493; -0.0182023804759; -0.0600472935666
23971.86109445918; -0.0188854135619; -0.0608537681548
23974.37499286509; -0.0196035450087; -0.0616794409937
23976.88915490031; -0.0203597394472; -0.0625276890186
23979.40358059249; -0.0211572560932; -0.0633955504008
23981.91826996927; -0.0219964532729; -0.0642848039168
23984.43322305836; -0.0228820753712; -0.0651981323914
23986.94843988732; -0.0238151738094; -0.0661303518703
23989.46392048384; -0.0248027319919; -0.0670865789949
23991.9796648756; -0.0258494416601; -0.0680677338522
23994.49567309025; -0.0269574294579; -0.069071750661
23997.01194515547; -0.0281327383316; -0.0700965982057
23999.52848109892; -0.0293793403541; -0.0711394715038
24002.04528094827; -0.0307070075709; -0.0722064717789
24004.5623447312; -0.0321187191899; -0.0732894131379
24007.0796724754; -0.0336255116315; -0.0743914709234
24009.59726420853; -0.0352298523443; -0.0755056025151
24012.11511995834; -0.0369453427745; -0.0766358510479
24014.63323975241; -0.0387792026927; -0.0777741194111
24017.15162361848; -0.0407358507776; -0.0789106695574
24019.67027158424; -0.0428263405049; -0.0800471410733
24022.18918367739; -0.0450618544864; -0.0811736514595
24024.70835992564; -0.0474499210549; -0.0822786534382
24027.22780035667; -0.0500005685293; -0.0833606623473
24029.7475049982; -0.052726593156; -0.0844004244586
24032.26747387793; -0.0556378330716; -0.0853851859015
24034.78770702357; -0.0587449795564; -0.0862977599003
24037.30820446284; -0.0620636667569; -0.0871224062077
24039.8289662235; -0.0656035499256; -0.0878423136899
24042.34999233317; -0.069368770513; -0.088419030954
24044.87128281963; -0.0733767307067; -0.0888356869959
24047.39283771059; -0.0776227506222; -0.0890496307219
24049.91465703379; -0.0821259715784; -0.0890350687755
24052.43674081696; -0.0868759540969; -0.088742767556
24054.95908908782; -0.0918648557465; -0.0881263961823
24057.48170187412; -0.0970834630007; -0.0871323379856
24060.0045792036; -0.102513342112; -0.0857079459026
24062.52772110399; -0.108110971889; -0.0837908291805
24065.05112760305; -0.113841463868; -0.0813340462734
24067.57479872852; -0.119638050338; -0.0782723350367
24070.0987345082; -0.125421377421; -0.0745571263567
24072.62293496975; -0.131107010613; -0.0701540983721
24075.14740014097; -0.136589025304; -0.0650331178577
24077.67213004963; -0.141748011056; -0.0591896042893
24080.19712472348; -0.146454651785; -0.0526426409855
24082.72238419029; -0.15060404418; -0.0454331839429
24085.24790847783; -0.154028445837; -0.0376425904055
24087.77369761387; -0.156655235216; -0.0293696973611
24090.29975162619; -0.158380991055; -0.0207460609485
24092.82607054256; -0.159143697236; -0.0119252577298
24095.35265439076; -0.158923159592; -0.00305546392961
24097.87950319863; -0.157721830443; 0.0056830292393
24100.40661699385; -0.155587667224; 0.0141384043416
24102.93399580427; -0.15260681921; 0.022185151268
24105.46163965766; -0.148865940035; 0.0296896588265
24107.98954858183; -0.144500983877; 0.0365732377844
24110.51772260458; -0.139627286529; 0.0427826118659
24113.0461617537; -0.134366507274; 0.0482712731333
24115.574866057; -0.128843032689; 0.053049841196
24118.10383554229; -0.123168628478; 0.057126143175
24120.63307023737; -0.117441371567; 0.0605413483948
24123.16257017006; -0.11174283892; 0.0633387122342
24125.69233536821; -0.10613761016; 0.0655679790676
24128.22236585956; -0.100675243737; 0.0672781141818
24130.75266167198; -0.095393636521; 0.068529408166
24133.28322283327; -0.0903333774256; 0.0693887242109
24135.81404937128; -0.0854998789059; 0.0698990052327
24138.34514131383; -0.0809123523814; 0.0701048503391
24140.87649868875; -0.0765669126586; 0.0700654381241
24143.40812152388; -0.0724609140943; 0.0697967450749
24145.94000984707; -0.068597367049; 0.069354684156
24148.47216368613; -0.0649668953101; 0.0687647511311
24151.00458306894; -0.0615557166009; 0.0680480929073
24153.53726802332; -0.0583557595024; 0.067236188001
24156.07021857719; -0.0553574142833; 0.0663411311689
24158.60343475829; -0.0525494563207; 0.0653877976041
24161.13691659453; -0.0499198956643; 0.0643846659108
24163.67066411376; -0.0474502856537; 0.0633448631338
24166.20467734387; -0.045140919315; 0.0622788636815
24168.73895631269; -0.0429763400666; 0.0611996383104
24171.27350104811; -0.0409468591496; 0.0601104507566
24173.80831157799; -0.039044540407; 0.0590162768964
24176.34338793021; -0.0372580260126; 0.0579277128955
24178.87873013265; -0.0355809248813; 0.0568449115099
24181.41433821318; -0.0340058144824; 0.0557700953592
24183.95021219973; -0.0325240130958; 0.0547112340969
24186.48635212009; -0.0311313497596; 0.0536660097142
24189.02275800221; -0.0298208511579; 0.0526382178586
24191.55942987396; -0.0285866839573; 0.0516286006693
24194.09636776325; -0.0274205391893; 0.0506362317222
24196.63357169797; -0.0263208066067; 0.0496642832789
24199.17104170601; -0.0252831362969; 0.0487122724817
24201.7087778153; -0.024301352936; 0.0477779703829
24204.24678005372; -0.0233753374986; 0.0468683755998
24206.78504844919; -0.022496303198; 0.0459777070087
24209.32358302962; -0.0216654202538; 0.0451081551227
24211.86238382297; -0.0208763768226; 0.044259948745
24214.40145085707; -0.0201289871412; 0.0434300642565
24216.94078415987; -0.0194198670802; 0.0426206258055
24219.48038375931; -0.0187476347352; 0.0418341342453
24222.02024968332; -0.0181056778275; 0.0410632369372
24224.56038195981; -0.0174972256906; 0.0403124087029
24227.10078061672; -0.0169184977858; 0.039581803015
24229.64144568199; -0.0163662492081; 0.0388674753482
24232.18237718356; -0.0158407606027; 0.0381717734839
24234.72357514936; -0.0153427367001; 0.0374954993942
24237.26503960735; -0.0148664868308; 0.0368344962082
24239.80677058546; -0.0144096328848; 0.0361878550118
24242.34876811169; -0.0139746074158; 0.0355566620506
24244.89103221391; -0.0135578317205; 0.0349435235232
24247.4335629201; -0.013157092454; 0.0343418690699
24249.97636025824; -0.012772767562; 0.0337539584296
24252.51942425629; -0.0124055261978; 0.0331806939943
24255.0627549422; -0.012055306006; 0.0326215833287
24257.60635234395; -0.0117184476476; 0.0320763687272
24260.1502164895; -0.0113941240971; 0.031543624515
24262.69434740683; -0.0110831503263; 0.0310219465753
24265.23874512392; -0.0107849379136; 0.0305138214123
24267.78340966874; -0.0104986619465; 0.030016042783
24270.32834106933; -0.0102246810745; 0.0295320442534
24272.87353935356; -0.00995944669; 0.029056754369
24275.41900454948; -0.00970564710659; 0.0285942306771
24277.96473668509; -0.00945961298139; 0.0281408808343
24280.51073578836; -0.00922434680985; 0.0276962890575
24283.0570018873; -0.00899629311721; 0.0272615739006
24285.60353500992; -0.00877679358331; 0.0268382836493
24288.1503351842; -0.00856478010415; 0.0264224443617
24290.69740243816; -0.00836055248564; 0.0260158141067
24293.2447367998; -0.00816371927395; 0.0256182125345
24295.79233829714; -0.00797312472576; 0.0252283056478
24298.34020695824; -0.00778938301716; 0.0248473374717
24300.88834281102; -0.00761098438238; 0.0244741131963
24303.43674588354; -0.0074400333858; 0.0241098361434
24305.98541620383; -0.00727431949683; 0.023751343411
24308.53435379992; -0.0071129009473; 0.0234018139103
24311.08355869984; -0.00695963152477; 0.0230596328553
24313.63303093161; -0.00680941378749; 0.0227226336738
24316.18277052327; -0.00666606840947; 0.0223932361346
24318.73277750286; -0.00652535426951; 0.0220703120496
24321.28305189842; -0.00639064081156; 0.0217531232122
24323.833593738; -0.006258408543; 0.0214430153336
24326.38440304963; -0.00613143366987; 0.0211386067075
24328.93547986142; -0.00600875446765; 0.0208404492919
24331.48682420133; -0.00588936489307; 0.0205482616075
24334.03843609745; -0.00577188483622; 0.0202615254025
24336.59031557785; -0.00565988449647; 0.0199790162761
24339.14246267058; -0.0055504939547; 0.0197026792272
24341.69487740372; -0.00544396002438; 0.0194316172303
24344.24755980532; -0.00534110512712; 0.0191649524508
24346.80050990346; -0.00523950054547; 0.0189034537818
24349.35372772621; -0.00514140493399; 0.0186447471792
24351.90721330165; -0.00504569700078; 0.0183915465281
24354.46096665785; -0.00495321135902; 0.0181425930672
24357.01498782295; -0.00486331343709; 0.0178988846246
24359.56927682494; -0.00477551213434; 0.0176579870009
24362.12383369194; -0.00469017415933; 0.0174223495355
24364.67865845205; -0.00460664955913; 0.0171885988955
24367.23375113337; -0.00452611678231; 0.0169611688565
24369.78911176399; -0.0044473501641; 0.0167373975641
24372.34474037201; -0.00436964254012; 0.0165160335052
24374.90063698553; -0.00429574441901; 0.0162983455927
24377.45680163266; -0.00422252678695; 0.016084361629
24380.01323434151; -0.00415111793741; 0.0158747758689
24382.56993514018; -0.00408142053176; 0.0156682269326
24385.12690405684; -0.00401423662227; 0.0154653073116
24387.68414111952; -0.00394858301161; 0.0152648507903
24390.24164635637; -0.00388415659221; 0.0150685124749
24392.79941979553; -0.00382207309829; 0.0148744536125
24395.35746146512; -0.00376080704854; 0.0146826011511
24397.91577139326; -0.00370085009638; 0.0144955973403
24400.47434960809; -0.00364234964216; 0.014310932965
24403.03319613775; -0.00358588821191; 0.0141296752756
24405.59231101036; -0.00353053727994; 0.0139498997344
24408.15169425409; -0.00347544296411; 0.0137733099858
24410.71134589705; -0.00342252917728; 0.0135995755363
24413.27126596741; -0.00337121365064; 0.0134277847751
24415.83145449337; -0.00332072448414; 0.013259195375
24418.39191150297; -0.00327069339674; 0.0130932314977
24420.95263702442; -0.00322192470404; 0.0129287588299
24423.51363108588; -0.0031745337646; 0.0127673116605
24426.07489371551; -0.00312838017727; 0.0126080647142
24428.63642494148; -0.00308349240545; 0.0124523446689
24431.19822479194; -0.00303953717722; 0.0122965816634
24433.76029329509; -0.00299594890893; 0.012143875116
24436.32263047907; -0.00295376909366; 0.0119932033218
24438.88523637208; -0.00291211529123; 0.0118453848453
24441.4481110023; -0.00287217376778; 0.0116986672812
24444.01125439794; -0.00283218484612; 0.0115541043937
24446.57466658711; -0.00279221245761; 0.0114126928883
24449.13834759803; -0.00275445373927; 0.0112717392877
24451.7022974589; -0.00271683021171; 0.0111316778009
24454.26651619791; -0.00268039770136; 0.0109955906651
24456.83100384326; -0.00264452266907; 0.0108609764733
24459.39576042315; -0.00260887430072; 0.0107269640081
24461.96078596578; -0.00257510817893; 0.010596033936
24464.52608049936; -0.00254051056009; 0.0104657722091
24467.09164405209; -0.00250786552082; 0.010337736634
24469.6574766522; -0.00247516833943; 0.010211094709
24472.22357832793; -0.00244330079314; 0.0100860600836
24474.78994910741; -0.00241281277338; 0.00996297454659
24477.35658901892; -0.00238143455687; 0.00984119748867
24479.92349809067; -0.00235186358571; 0.00972085897697
24482.49067635088; -0.00232355850505; 0.00960222092208
24485.0581238278; -0.00229360156436; 0.00948494627294
24487.62584054965; -0.00226577401362; 0.00936912890198
24490.19382654467; -0.00223746253642; 0.00925446599564
24492.7620818411; -0.00221102372764; 0.00914169220196
24495.33060646717; -0.00218373620087; 0.00902931829577
24497.89940045113; -0.00215773106269; 0.00891926057506
24500.46846382123; -0.00213230065636; 0.00881059406936
24503.03779660578; -0.00210703356929; 0.00870225540988
24505.60739883291; -0.00208169289032; 0.00859555017718
24508.17727053094; -0.00205682859555; 0.00849051092119
24510.74741172813; -0.00203271921098; 0.00838607179887
24513.31782245274; -0.00200914544686; 0.00828393694477
24515.88850273304; -0.00198650217059; 0.00818186583682
24518.45945259728; -0.00196346987737; 0.00808106928643
24521.03067207375; -0.0019407685575; 0.0079818052456
24523.60216119072; -0.00191836544429; 0.00788333875889
24526.17391997646; -0.00189742742506; 0.00778596284533
24528.74594845925; -0.00187593150469; 0.00769011054959
24531.31824666743; -0.00185460472736; 0.00759493321106
24533.89081462918; -0.00183433953084; 0.00750205510514
24536.46365237285; -0.00181447588561; 0.00740900725472
24539.03675992672; -0.00179484619504; 0.00731716820353
24541.61013731908; -0.00177471283941; 0.00722608720458
24544.18378457824; -0.0017557598553; 0.00713615266151
24546.75770173249; -0.00173674386006; 0.00704689752378
24549.33188881015; -0.00171843760105; 0.00695980069335
24551.90634583951; -0.0016995988775; 0.00687178601831
24554.48107284888; -0.00168192527241; 0.00678675182449
24557.05606986659; -0.00166435607065; 0.00670122834052
24559.63133692098; -0.00164666430522; 0.00661790910964
24562.20687404029; -0.00163028483827; 0.00653365371213
24564.78268125288; -0.00161344018481; 0.00645142148198
24567.35875858707; -0.0015965358225; 0.0063698453003
24569.93510607121; -0.00158022406691; 0.00628881917934
24572.5117237336; -0.0015640606049; 0.00620879397964
24575.0886116026; -0.00154842002076; 0.00612938192972
24577.66576970653; -0.00153239493427; 0.00605082094822
24580.24319807373; -0.00151777946535; 0.00597324275071
24582.82089673254; -0.00150284119935; 0.00589682465613
24585.39886571132; -0.00148740102486; 0.00582157266732
24587.97710503841; -0.00147204021465; 0.00574533554502
24590.55561474221; -0.0014579082455; 0.00567127069568
24593.13439485097; -0.00144305871416; 0.00559757845659
24595.7134453931; -0.00143038568821; 0.00552456471884
24598.29276639696; -0.00141512995043; 0.00545191858935
24600.87235789092; -0.0014024183967; 0.00537988215797
24603.45221990334; -0.00138862630073; 0.00530925334683
24606.03235246258; -0.00137569966638; 0.00523864960636
24608.61275559703; -0.00136213491205; 0.00516909822257
24611.19342933505; -0.00134951431016; 0.00510016743344
24613.77437370503; -0.00133740472005; 0.00503267023969
24616.35558873534; -0.0013243293975; 0.00496448979215
24618.93707445441; -0.00131250680619; 0.00489660400614
24621.51883089055; -0.00129992499032; 0.0048309818627
24624.10085807218; -0.00128736403659; 0.00476463950479
24626.68315602769; -0.00127582747407; 0.00469926471728
24629.26572478549; -0.001264139628; 0.00463508411187
24631.84856437397; -0.00125360750602; 0.00457094456304
24634.43167482153; -0.00124108067725; 0.00450705940878
24637.01505615658; -0.00123128567752; 0.00444454801666
24639.59870840753; -0.00121961049563; 0.00438225131823
24642.18263160278; -0.00120874748514; 0.00432036132562
24644.76682577075; -0.00119823505113; 0.00425962649847
24647.35129093991; -0.00118694982852; 0.00419910996899
24649.93602713858; -0.00117739880121; 0.00413875031545
24652.52103439522; -0.0011662370549; 0.00407899908024
24655.10631273827; -0.0011566463161; 0.00401919378756
24657.69186219615; -0.0011463119051; 0.00396039491984
24660.2776827973; -0.00113635822148; 0.00390347115019
24662.86377457014; -0.00112669239614; 0.00384513507779
24665.45013754312; -0.00111712893642; 0.00378795028917
24668.03677174467; -0.00110756529646; 0.00373250211543
24670.62367720325; -0.00109834121506; 0.0036764869031
24673.21085394729; -0.00108814063098; 0.00362078127644
24675.79830200524; -0.00107944640039; 0.00356511433611
24678.38602140562; -0.00107091975575; 0.00351089033189
24680.97401217676; -0.00106167622945; 0.00345623401303
24683.56227434719; -0.00105316735999; 0.00340212849097
24686.15080794536; -0.00104418244885; 0.00334888685421
24688.73961299974; -0.00103613413775; 0.0032960481213
24691.32868953879; -0.0010274734845; 0.00324312130405
24693.91803759099; -0.00101843282857; 0.00319128346285
24696.5076571848; -0.00101113426589; 0.00314028550723
24699.09754834871; -0.00100231976943; 0.00308856394177
24701.68771111119; -0.000994108473996; 0.00303805987599
24704.27814550073; -0.000985449485533; 0.00298802020954
24706.86885154586; -0.000978176789076; 0.00293795948541
24709.45982927496; -0.000970365040361; 0.00288902198498
24712.05107871659; -0.000962995961062; 0.00283911746794
24714.64259989923; -0.000955230623627; 0.00278989136283
24717.23439285138; -0.000947129671309; 0.00274167894425
24719.82645760154; -0.000940224095955; 0.00269387746017
24722.41879417821; -0.000932798783082; 0.00264616800978
24725.01140260991; -0.00092561488605; 0.00259902861826
24727.60428292514; -0.000917838822539; 0.00255202813203
24730.19743515241; -0.000911202237191; 0.00250589649355
24732.79085932023; -0.000904699448298; 0.00245978983289
24735.38455545718; -0.000896725675186; 0.0024139503396
24737.97852359168; -0.000890634888193; 0.00236918903336
24740.57276375229; -0.00088373023593; 0.00232313359451
24743.16727596755; -0.000876781314955; 0.00227863018758
24745.76206026599; -0.000870935086311; 0.00223435475229
24748.35711667614; -0.00086411889416; 0.00219032274381
24750.95244522653; -0.00085815005476; 0.00214604361763
24753.54804594571; -0.000851657665862; 0.00210333981739
24756.14391886222; -0.000845205272152; 0.00206019288765
24758.7400640046; -0.000838868221325; 0.00201691184431
24761.33648140139; -0.000832517346069; 0.00197467403567
24763.93317108116; -0.000826714450045; 0.00193204994719
24766.53013307251; -0.000820798970255; 0.00189020249075
24769.12736740388; -0.000815301849225; 0.00184944849059
24771.7248741039; -0.000809106703276; 0.00180813921594
24774.32265320112; -0.000802920804536; 0.00176743369394
24776.92070472411; -0.000797101287505; 0.00172654653525
24779.51902870144; -0.000791669429564; 0.00168704528796
24782.11762516169; -0.000785662169075; 0.00164701106949
24784.71649413342; -0.000780128960759; 0.00160656850148
24787.31563564521; -0.000775088480038; 0.00156789966903
24789.91504972565; -0.000769798128969; 0.00152831657779
24792.51473640331; -0.000764277866993; 0.00148916398503
24795.11469570685; -0.000758536379079; 0.00145065486717
24797.71492766474; -0.000753438527459; 0.00141205811805
24800.31543230563; -0.000748191083774; 0.00137489831575
24802.91620965812; -0.000742594160238; 0.00133633380256
24805.51725975079; -0.000737973370066; 0.00129836858264
24808.11858261227; -0.000732142839338; 0.00126063984819
24810.72017827114; -0.000727540361659; 0.00122450658913
24813.32204675602; -0.000722929580476; 0.00118770206753
24815.92418809553; -0.000717870057559; 0.00115151240373
24818.52660231826; -0.000712903837209; 0.00111499369284
24821.12928945285; -0.000708461303897; 0.00107861313715
24823.73224952795; -0.000704055940348; 0.0010429858488
24826.3354825721; -0.000698751231381; 0.00100703629021
24828.93898861397; -0.0006940852741; 0.000972203193454
24831.54276768219; -0.00069016211538; 0.000937135932346
24834.14681980538; -0.000685128411833; 0.000902288262384
24836.7511450122; -0.000680540806366; 0.000867844705132
24839.35574333126; -0.000675512987826; 0.000833456949063
24841.96061479122; -0.000672029615635; 0.000799751313455
24844.56575942072; -0.000667740707446; 0.000765454481458
24847.17117724839; -0.000663171428319; 0.000732046928042
24849.77686830291; -0.000658662261822; 0.000697910397109
24852.38283261291; -0.000654989547149; 0.000665384546781
24854.98907020711; -0.000650437205342; 0.000631449749122
24857.59558111405; -0.000646052599167; 0.000598814728462
24860.20236536246; -0.000641937403312; 0.00056590327015
24862.809422981; -0.000638391394146; 0.000534623794671
24865.41675399834; -0.000634064256948; 0.000502157077728
24868.02435844315; -0.000630494297901; 0.000469398843456
24870.6322363441; -0.000625847181121; 0.000438098131212
24873.24038772987; -0.000622392707728; 0.000407058903634
24875.84881262913; -0.000619058974064; 0.000375409486011
24878.45751107058; -0.000613555687869; 0.000343209382656
24881.0664830829; -0.000610360803654; 0.000312267688475
24883.67572869483; -0.000607000876231; 0.000282070784961
24886.28524793495; -0.000602784784007; 0.00025177552073
24888.89504083202; -0.000599772779643; 0.000221456920857
24891.50510741473; -0.000596311434151; 0.000190831986751
24894.11544771179; -0.000591794976704; 0.000160943988122
24896.72606175189; -0.000588590085577; 0.000132045092888
24899.33694956374; -0.000584835424116; 0.000101000186998
24901.94811117607; -0.000581575745358; 7.20105997733e-05
24904.55954661757; -0.000577842906594; 4.20977166337e-05
24907.17125591696; -0.000574057705695; 1.37108891943e-05
24909.78323910296; -0.000571108015069; -1.57651910746e-05
24912.39549620436; -0.000566832785538; -4.43775899751e-05
24915.00802724976; -0.000563988362573; -7.27138423057e-05
24917.62083226795; -0.000560971846144; -0.000100793959891
24920.23391128766; -0.000558008344167; -0.000130324866715
24922.84726433762; -0.000554122110975; -0.000157619989674
24925.46089144658; -0.000551658336154; -0.000185298227581
24928.07479264326; -0.000548186461973; -0.000213293476259
24930.68896795643; -0.000544670399082; -0.000241075318804
24933.30341741481; -0.000541615116714; -0.000269209985863
24935.91814104716; -0.000538565327885; -0.000295823073825
24938.53313888223; -0.000535559024448; -0.000322997344976
24941.14841094879; -0.000531810490844; -0.000349399227606
24943.76395727562; -0.000529658875647; -0.000377102380639
24946.37977789141; -0.000526273116622; -0.000403299592799
24948.99587282495; -0.000523109345931; -0.000429556093269
24951.61224210503; -0.000519838701555; -0.000455989773123
24954.22888576041; -0.000517040303788; -0.000482330368028
24956.84580381986; -0.00051400157181; -0.000508415099654
24959.46299631215; -0.000511592314231; -0.000534233268693
24962.08046326608; -0.000508815280846; -0.000560214590838
24964.69820471041; -0.000505193800369; -0.000585904337577
24967.31622067394; -0.000503209584108; -0.000611156882747
24969.93451118546; -0.000499053229663; -0.000636173681233
24972.55307627381; -0.000497626075995; -0.000661527336313
24975.17191596767; -0.000494802614715; -0.000686641534194
24977.7910302959; -0.000491333004259; -0.000711806253491
24980.41041928731; -0.000488883670875; -0.000736404029746
24983.03008297068; -0.000486563319493; -0.000760799297254
24985.65002137483; -0.000484172645026; -0.000785279089743
24988.27023452858; -0.000480880928041; -0.000809269121679
24990.89072246072; -0.000478840714285; -0.000834270272095
24993.51148520008; -0.000475802308543; -0.000857713397584
24996.13252277548; -0.00047419677532; -0.000882211471565
24998.75383521573; -0.000470223411419; -0.000905907068746
25001.37542254972; -0.00046787232375; -0.000929448344179
25003.99728480617; -0.000465751846768; -0.00095301450566
25006.61942201395; -0.000462840078762; -0.000976680133643
25009.24183420192; -0.000460627501692; -0.000999801445985
25011.86452139889; -0.000458689829635; -0.00102328325534
25014.48748363371; -0.000455186042613; -0.00104600437987
25017.11072093523; -0.000453140845786; -0.00106914792253
25019.73423333229; -0.000451224591036; -0.00109154058228
25022.35802085374; -0.000448869121536; -0.0011148310442
25024.98208352842; -0.000446254926483; -0.00113720744118
25027.6064213852; -0.000444545408002; -0.00115982942345
25030.23103445294; -0.000441666414696; -0.00118203391912
25032.85592276054; -0.000439725530825; -0.0012048963763
25035.48108633677; -0.000437169525452; -0.00122647654211
25038.10652521055; -0.000434604816493; -0.00124844752367
25040.73223941074; -0.000433378846475; -0.00127083499612
25043.35822896623; -0.000430484984264; -0.00129188339931
25045.98449390587; -0.000428401077575; -0.00131431868983
25048.61103425856; -0.000426071953451; -0.00133603740778
25051.23785005318; -0.000423902541615; -0.0013572464482
25053.86494131861; -0.000421681449269; -0.00137797749431
25056.49230808374; -0.000419439364238; -0.00139916697983
25059.11995037746; -0.000417270281483; -0.00142098003667
25061.74786822872; -0.000415572309936; -0.001441441873
25064.37606166631; -0.000413580959649; -0.00146251663657
25067.00453071919; -0.000410822652687; -0.00148369820775
25069.63327541625; -0.000409029248159; -0.00150400141135
25072.2622957864; -0.000407201986683; -0.00152512350268
25074.89159185856; -0.000404200675549; -0.0015461180831
25077.52116366163; -0.000402850715909; -0.00156605477976
25080.15101122453; -0.000401732909594; -0.00158542038763
25082.78113457619; -0.000399029364416; -0.00160629979171
25085.41153374552; -0.000397209879821; -0.00162650651331
25088.04220876144; -0.000394908065858; -0.00164639751717
25090.67315965293; -0.000392910852564; -0.00166661667202
25093.30438644883; -0.000390929370419; -0.00168626338961
25095.93588917812; -0.000389349788491; -0.00170619588736
25098.56766786972; -0.000387702039894; -0.00172576113308
25101.1997225526; -0.00038546419177; -0.00174452571757
25103.83205325568; -0.000384128071482; -0.00176454726537
25106.46466000792; -0.000382281653117; -0.00178358476815
25109.09754283826; -0.00038029811725; -0.00180371897003
25111.73070177565; -0.000378413081332; -0.00182193451188
25114.36413684905; -0.000376283909457; -0.00184101671869
25116.99784808742; -0.00037478284096; -0.00186029114879
25119.63183551972; -0.00037234415196; -0.00187852697547
25122.26609917496; -0.00037137486731; -0.00189803640778
25124.90063908201; -0.000368671194361; -0.00191727976205
25127.53545526989; -0.000368522181227; -0.00193540496216
25130.17054776757; -0.000365746338398; -0.00195387430226
25132.80591660403; -0.000363942610183; -0.00197206529677
25135.44156180825; -0.000361864824044; -0.00199110756439
25138.07748340921; -0.000361308694233; -0.00200896316094
25140.7136814359; -0.000359614772668; -0.0020278919447
25143.3501559173; -0.000357653073113; -0.00204530084108
25145.9869068824; -0.000355653348399; -0.00206304561943
25148.62393436021; -0.000354155536873; -0.00208114908068
25151.26123837977; -0.000352580432393; -0.00209944915337
25153.89881896997; -0.000350573434344; -0.00211708315882
25156.53667615988; -0.000350075732371; -0.00213432374464
25159.1748099785; -0.000347454603296; -0.00215288792349
25161.81322045483; -0.000346420658258; -0.00216968761053
25164.45190761789; -0.00034507731979; -0.00218749613956
25167.09087149671; -0.000342207300305; -0.00220439817538
25169.73011212029; -0.000341047009997; -0.00222217025857
25172.36962951765; -0.000339725751076; -0.00223927951467
25175.00942371783; -0.000338575326524; -0.00225636628513
25177.64949474985; -0.000336792975692; -0.00227358969493
25180.2898426428; -0.000335942853518; -0.00228997925502
25182.93046742559; -0.000333252980074; -0.00230658543576
25185.57136912733; -0.000332704557451; -0.00232448853814
25188.21254777706; -0.00033090555815; -0.00234091741041
25190.85400340381; -0.000329808480824; -0.00235762537245
25193.49573603663; -0.000327330527261; -0.002374320759
25196.13774570457; -0.00032644827255; -0.0023896837287
25198.78003243669; -0.000325851588928; -0.00240710633674
25201.42259626203; -0.000323969799364; -0.00242392489498
25204.06543720967; -0.000322122515064; -0.00244049353409
25206.70855530865; -0.000321124068612; -0.00245674311011
25209.35195058805; -0.000319756285255; -0.0024720940374
25211.99562307698; -0.000318163066593; -0.00248859137135
25214.63957280441; -0.000316515612308; -0.00250400877075
25217.28379979946; -0.000315464617719; -0.00252103979233
25219.92830409122; -0.000313913094423; -0.0025367756093
25222.57308570876; -0.000312351041669; -0.00255207192489
25225.21814468117; -0.000310743090334; -0.00256747731658
25227.86348103752; -0.000310044315481; -0.00258339139794
25230.50909480692; -0.000308869347732; -0.00259916407381
25233.15498601845; -0.000306633848411; -0.00261512647233
25235.8011547012; -0.000306261400769; -0.00263140603631
25238.44760088428; -0.000304289900921; -0.00264492948312
25241.09432459683; -0.00030263171479; -0.00266108372823
25243.74132586786; -0.000302050761701; -0.00267664521485
25246.38860472653; -0.000300644158327; -0.00269136950002
25249.03616120195; -0.000298522383096; -0.00270742670704
25251.68399532323; -0.000298517544873; -0.00272318385547
25254.33210711948; -0.000296494501901; -0.00273758303236
25256.98049661984; -0.000295659357634; -0.00275288681814
25259.6291638534; -0.000294171841332; -0.00276749964579
25262.27810884932; -0.000293133789543; -0.00278225798952
25264.92733163671; -0.000291417360809; -0.00279703307788
25267.5768322447; -0.000291390562348; -0.00281121203831
25270.22661070248; -0.00028981917423; -0.00282624911058
25272.87666703909; -0.000288469761521; -0.00284150231578
25275.52700128371; -0.000287366439567; -0.00285607650995
25278.1776134655; -0.000286293155812; -0.00287050315747
25280.8285036136; -0.00028429483558; -0.00288537081993
25283.47967175715; -0.000283750363475; -0.0028990370781
25286.13111792532; -0.000282785809969; -0.00291305869113
25288.78284214725; -0.000281167647335; -0.00292799017795
25291.43484445211; -0.000281004603923; -0.00294237851839
25294.08712486906; -0.000279544724786; -0.00295600745595
25296.73968342727; -0.000277970128083; -0.00296952714933
25299.39252015589; -0.000277123210493; -0.00298326857927
25302.04563508417; -0.000274987440138; -0.00299859899811
25304.69902824116; -0.000274052708522; -0.00301178844469
25307.35269965609; -0.000273291017614; -0.00302627051177
25310.00664935815; -0.000272545927328; -0.00303984140281
25312.66087737652; -0.00027166972755; -0.00305383484843
25315.31538374039; -0.000270646238585; -0.00306767233552
25317.97016847895; -0.000269800201469; -0.00308071751095
25320.62523162138; -0.000268664950443; -0.00309488180425
25323.28057319689; -0.000266211832312; -0.00310914135692
25325.93619323467; -0.000265758742747; -0.00312218902392
25328.59209176393; -0.000265196034689; -0.00313538525567
25331.24826881392; -0.000263987434227; -0.00314897549398
25333.90472441375; -0.000263583974526; -0.00316250436203
25336.56145859269; -0.000262288253048; -0.00317551664106
25339.21847137993; -0.000261128849137; -0.00318920771259
25341.87576280471; -0.000259939877187; -0.00320242760491
25344.53333289623; -0.0002583079052; -0.00321595073649
25347.19118168374; -0.000257585599087; -0.00322923606759
25349.84930919644; -0.000257229764915; -0.0032409415723
25352.50771546358; -0.000255487367655; -0.00325482002635
25355.16640051439; -0.000254566000153; -0.00326738824918
25357.82536437809; -0.00025421122238; -0.00328113037721
25360.48460708398; -0.000253496439451; -0.00329328732453
25363.1441286612; -0.000252745896165; -0.00330549096407
25365.80392913905; -0.000251369028139; -0.00331935910182
25368.46400854677; -0.000249909718318; -0.00333231654923
25371.12436691362; -0.000248967976909; -0.00334378833651
25373.78500426884; -0.000248255519244; -0.00335689134692
25376.4459206417; -0.000246415001118; -0.00336975982213
25379.10711606146; -0.000246432571446; -0.00338148930956
25381.76859055737; -0.000245608643878; -0.00339473760098
25384.43034415871; -0.000244305724219; -0.00340700282701
25387.09237689475; -0.000243608874394; -0.00341986886164
25389.75468879475; -0.000242818430767; -0.00343138405278
25392.41727988805; -0.000241349199265; -0.00344411001648
25395.08015020382; -0.000240451582795; -0.00345603575542
25397.74329977139; -0.000239838342936; -0.00346852445527
25400.40672862005; -0.000238810839375; -0.00348115567038
25403.07043677908; -0.000238320842051; -0.00349371138819
25405.73442427778; -0.00023688748314; -0.00350510633576
25408.39869114545; -0.000236457540213; -0.0035171726054
25411.06323741137; -0.000235387630353; -0.00352902889049
25413.72806310485; -0.00023405462034; -0.0035418700747
25416.39316825519; -0.000233969273118; -0.00355330244026
25419.0585528917; -0.000232418481833; -0.00356477569603
25421.72421704373; -0.000231594232029; -0.00357620325791
25424.39016074051; -0.000230824906089; -0.00358883677229
25427.05638401139; -0.000230504628964; -0.0036008715614
25429.72288688569; -0.000229332727336; -0.00361220212328
25432.38966939274; -0.000228830332449; -0.00362368063812
25435.05673156186; -0.000228388929358; -0.00363548667826
25437.72407342238; -0.000227661800407; -0.00364737277248
25440.39169500362; -0.000225223305486; -0.00365865872879
25443.05959633493; -0.000224655865591; -0.00366962713295
25445.72777744564; -0.000225332723668; -0.00368094947947
25448.39623836508; -0.000223701383614; -0.00369323783183
25451.06497912267; -0.000223054464504; -0.00370446503808
25453.73399974763; -0.000221892366631; -0.00371543688443
25456.40330026936; -0.000220905902581; -0.00372670720937
25459.07288071723; -0.000220551655201; -0.00373840899871
25461.74274112059; -0.000219754150165; -0.0037498615418
25464.41288150879; -0.000218177133196; -0.0037604562656
25467.08330191119; -0.000217924972431; -0.00377161320368
25469.75400235717; -0.000217881771736; -0.00378316526988
25472.42498287608; -0.000216926427747; -0.00379440264973
25475.09624349731; -0.000215559733252; -0.0038045746304
25477.76778425022; -0.000215094258817; -0.00381607524432
25480.4396051642; -0.000214254055554; -0.00382823902636
25483.11170626866; -0.000213686946817; -0.00383861377532
25485.7840875929; -0.000212616096328; -0.00384936130523
25488.45674916634; -0.000212052428641; -0.00385975246788
25491.12969101839; -0.000210964849066; -0.00387067602724
25493.80291317844; -0.000210756290925; -0.00388124872542
25496.47641567586; -0.000209753014019; -0.00389196658975
25499.15019854008; -0.000208505285074; -0.00390280593759
25501.82426180048; -0.000208117661446; -0.00391459129898
25504.49860548648; -0.000206702853185; -0.00392356352331
25507.17322962748; -0.000207833895075; -0.00393467862718
25509.84813425289; -0.000205461953415; -0.00394530896887
25512.52331939218; -0.00020633838012; -0.00395583852428
25515.19878507466; -0.000205626589234; -0.00396675634324
25517.8745313298; -0.000204549496656; -0.00397679895114
25520.55055818703; -0.000203408129926; -0.00398708081376
25523.22686567577; -0.000202519066579; -0.00399804671103
25525.90345382546; -0.00020254117328; -0.00400855281402
25528.58032266552; -0.000201388605005; -0.00401826854724
25531.25747222539; -0.000200627571645; -0.00402895122976
25533.93490253451; -0.000199882776902; -0.00403925402568
25536.61261362232; -0.000199573216008; -0.00404962407642
25539.29060551827; -0.000198545179593; -0.00405920881037
25541.96887825185; -0.000197917880302; -0.00406962635902
25544.64743185242; -0.000197275778953; -0.00407943092435
25547.32626634948; -0.000196771122265; -0.00409021874345
25550.00538177248; -0.000196380597211; -0.00410001000105
25552.68477815089; -0.000194727716233; -0.00410927878063
25555.36445551418; -0.000194331518328; -0.00411966317188
25558.04441389179; -0.000194101914502; -0.00412993105193
25560.72465331322; -0.000193443812462; -0.00413957583251
25563.40517380792; -0.000192286421964; -0.00414897017989
25566.08597540538; -0.000191915719502; -0.00416009437658
25568.76705813508; -0.000191953275963; -0.00416916788221
25571.44842202654; -0.000190759462943; -0.00417897020097
25574.13006710914; -0.000189678044149; -0.00418923555359
25576.81199341245; -0.000189756689045; -0.00419797859056
25579.49420096592; -0.000189562328338; -0.00420748387491
25582.17668979908; -0.000188102964824; -0.00421729856054
25584.85945994141; -0.00018791171947; -0.00422688141462
25587.54251142241; -0.000187176244168; -0.00423717308739
25590.22584427158; -0.000187074048935; -0.00424715879862
25592.90945851844; -0.000185603615493; -0.00425679921191
25595.5933541925; -0.000185344895173; -0.00426498721493
25598.27753132325; -0.000185625113032; -0.00427428717173
25600.96198994023; -0.000184766136961; -0.00428424176298
25603.64673007301; -0.000183657521393; -0.00429450155729
25606.33175175099; -0.000183364483735; -0.00430429974714
25609.01705500376; -0.000182698646815; -0.00431325043102
25611.70263986085; -0.000182092785754; -0.0043227396756
25614.38850635179; -0.000181042078938; -0.00433051357077
25617.07465450611; -0.000180344168329; -0.00434061603983
25619.76108435335; -0.000180268038238; -0.00435007860149
25622.44779592305; -0.00017943138218; -0.00436000041366
25625.13478924476; -0.000178574723681; -0.0043689838193
25627.82206434802; -0.000177935653683; -0.0043778872545
25630.50962126238; -0.000178898118159; -0.00438768364464
25633.19746001745; -0.000177977121816; -0.00439697898683
25635.88558064268; -0.000177272085027; -0.00440570291337
25638.57398316768; -0.000176248423137; -0.00441442172746
25641.26266762202; -0.000174764641196; -0.00442347922402
25643.95163403525; -0.000175131622989; -0.00443287183653
25646.64088243695; -0.000173642180737; -0.00444169919225
25649.33041285669; -0.000173215918171; -0.00445122084837
25652.02022532405; -0.000174080234625; -0.00445977223645
25654.71031986859; -0.000173527960178; -0.00446830972317
25657.40069651991; -0.000172589029424; -0.00447697186776
25660.09135530759; -0.000171936766391; -0.00448597321682
25662.78229626122; -0.000171078413637; -0.00449533892709
25665.47351941043; -0.000170456519808; -0.00450410799444
25668.16502478471; -0.000170854981822; -0.00451288495152
25670.85681241372; -0.000170388672529; -0.00452147830296
25673.54888232706; -0.000168563299543; -0.00453049981569
25676.24123455433; -0.000168545773215; -0.00453985893257
25678.93386912513; -0.00016860766287; -0.00454785229504
25681.62678606907; -0.000168045145891; -0.00455563213676
25684.31998541576; -0.000168528148501; -0.00456476308667
25687.01346719483; -0.000166678568091; -0.00457410863458
25689.70723143589; -0.000166316577753; -0.0045817848449
25692.40127816855; -0.000166617015824; -0.00459027364369
25695.09560742251; -0.000166324244939; -0.00459886918517
25697.79021922727; -0.000165987663581; -0.00460735869467
25700.48511361252; -0.000164776709316; -0.00461504108715
25703.1802906079; -0.00016378757069; -0.00462356481221
25705.87575024305; -0.000163017225504; -0.00463267662539
25708.57149254759; -0.0001634197755; -0.00464089999646
25711.26751755119; -0.000162478370864; -0.00464967046744
25713.96382528348; -0.000162170932692; -0.00465777091245
25716.66041577411; -0.000161659363674; -0.00466583106849
25719.35728905274; -0.000161139674001; -0.00467391816738
25722.05444514901; -0.000160184441322; -0.00468201866954
25724.75188409265; -0.000160340560942; -0.0046905976957
25727.44960591321; -0.000159155623357; -0.00469986215237
25730.1476106404; -0.000159261199639; -0.00470703461924
25732.8458983039; -0.000158648675713; -0.0047152619236
25735.54446893337; -0.000158298468313; -0.00472416454363
25738.24332255849; -0.000157095786859; -0.00473112349582
25740.94245920894; -0.000156868549682; -0.00473989896065
25743.6418789144; -0.000156392368632; -0.00474821485466
25746.34158170455; -0.000155962305243; -0.00475614449606
25749.04156760907; -0.000154667479008; -0.0047640195843
25751.74183665766; -0.000153538204836; -0.0047725580245
25754.44238888007; -0.000154707922894; -0.00478120073896
25757.14322430588; -0.000154370528601; -0.00478920821048
25759.84434296485; -0.00015324703982; -0.00479647616256
25762.54574488668; -0.000152781480768; -0.00480407061362
25765.24743010107; -0.00015175226526; -0.00481252788927
25767.94939863773; -0.000152584814952; -0.00481984065415
25770.65165052637; -0.000150682870253; -0.00482802621945
25773.35418579671; -0.000151051270837; -0.0048353009824
25776.05700447847; -0.000150759399734; -0.00484318416091
25778.76010660137; -0.000149348617992; -0.00485195771539
25781.46349219513; -0.000149157838568; -0.00485993093296
25784.16716128948; -0.000149768666008; -0.004866755194
25786.8711139142; -0.000148807323779; -0.00487436065145
25789.57535009892; -0.000148381337679; -0.0048829320775
25792.27986987343; -0.000147985406239; -0.00489092347195
25794.98467326746; -0.000147257427045; -0.00489797680003
25797.68976031077; -0.000147563720354; -0.00490596970665
25800.3951310331; -0.000146672924829; -0.00491355444003
25803.10078546419; -0.000145960863016; -0.00492157112461
25805.80672363381; -0.000146275663986; -0.00492857379851
25808.51294557169; -0.0001456014561; -0.00493673585355
25811.21945130761; -0.000145669479612; -0.00494380406154
25813.92624087133; -0.000145008560686; -0.00495167203952
25816.63331429265; -0.000144229659763; -0.00495888510474
25819.34067160125; -0.000144140746797; -0.0049663605564
25822.04831282694; -0.000143251415138; -0.00497366097318
25824.75623799951; -0.00014339572782; -0.00498150664877
25827.46444714873; -0.000143198647613; -0.00498814853096
25830.17294030437; -0.000142090661669; -0.0049964076837
25832.88171749623; -0.000141982387196; -0.00500357143706
25835.59077875409; -0.000141580442286; -0.00501041557022
25838.30012410773; -0.000140926838233; -0.0050186275679
25841.00975358696; -0.000140490781912; -0.00502679572941
25843.71966722156; -0.000140490630217; -0.00503339229295
25846.42986504134; -0.000139630185126; -0.00504023722452
25849.14034707615; -0.000139078169452; -0.00504738577612
25851.85111335569; -0.000138484022635; -0.00505549360977
25854.56216390982; -0.000138687675321; -0.00506272172489
25857.27349876836; -0.000138013312356; -0.00506979079697
25859.98511796111; -0.0001376054669; -0.00507625958222
25862.6970215179; -0.000137832572845; -0.00508388292039
25865.40920946855; -0.000137065293857; -0.00509142470155
25868.12168184287; -0.000136368656573; -0.00509891299433
25870.83443867071; -0.000136728094105; -0.00510564702268
25873.54747998188; -0.000135555963935; -0.00511211777873
25876.26080580623; -0.000135681566195; -0.00511978044162
25878.97441617363; -0.000135818415924; -0.00512731022484
25881.68831111383; -0.000135138106028; -0.00513394435953
25884.40249065672; -0.000134124209277; -0.00514233860059
25887.11695483215; -0.000134017830985; -0.00514774504232
25889.83170366996; -0.000132948614365; -0.0051551955034
25892.54673720001; -0.000133858262392; -0.00516289097407
25895.26205545216; -0.000132988342626; -0.0051690453922
25897.97765845625; -0.000132711733511; -0.00517620648045
25900.69354624216; -0.000132483172084; -0.00518290553315
25903.40971883974; -0.000131514147207; -0.00518989109342
25906.12617627887; -0.000131614964805; -0.00519705846414
25908.84291858947; -0.000132564386863; -0.00520357433722
25911.55994580131; -0.000131417650595; -0.0052106713577
25914.27725794432; -0.000131441088161; -0.00521660765809
25916.99485504838; -0.000130366893163; -0.00522473612388
25919.71273714336; -0.000129837640199; -0.00523099047552
25922.43090425916; -0.000129461794201; -0.00523788724775
25925.14935642567; -0.000129172219054; -0.00524497056657
25927.86809367279; -0.000129428054487; -0.00525138501674
25930.5871160304; -0.000128720467508; -0.00525835606611
25933.3064235284; -0.000127864072859; -0.00526475376034
25936.02601619671; -0.00012761898858; -0.00527169865657
25938.74589406527; -0.000127563316321; -0.00527875672641
25941.46605716389; -0.00012717395513; -0.00528518149734
25944.18650552254; -0.000126918087927; -0.00529190906853
25946.90723917112; -0.000126554510721; -0.00529902968096
25949.62825813956; -0.000126222091576; -0.0053050829965
25952.34956245778; -0.000125541758371; -0.0053129772877
25955.07115215571; -0.000124790798463; -0.00531814170735
25957.79302726326; -0.000124932371029; -0.00532415154326
25960.51518781038; -0.00012469813429; -0.00533249035391
25963.23763382698; -0.000124706339331; -0.00533852228521
25965.96036534302; -0.000124310072118; -0.00534449061884
25968.68338238843; -0.000123507331699; -0.00535186420951
25971.40668499321; -0.000124062561958; -0.0053574400202
25974.13027318719; -0.000123222257078; -0.00536553705293
25976.85414700038; -0.00012288225544; -0.00537186702227
25979.57830646274; -0.000122170121395; -0.00537770047219
25982.30275160421; -0.000122426974689; -0.00538481029747
25985.02748245476; -0.000121428140385; -0.00539173087311
25987.75249904435; -0.000122046678397; -0.00539735690345
25990.47780140294; -0.000121269744271; -0.00540465200854
25993.2033895605; -0.000120658163743; -0.00541049502998
25995.92926354701; -0.000120842637693; -0.00541648031093
25998.65542339243; -0.000120336380289; -0.00542327067963
26001.38186912681; -0.000120022831953; -0.00543010279932
26004.10860078; -0.000119564003766; -0.00543634628119
26006.83561838206; -0.000119915392875; -0.00544150766541
26009.56292196296; -0.000119277821899; -0.00544871547801
26012.2905115527; -0.000118587961174; -0.00545543788498
26015.01838718128; -0.000118099085096; -0.0054611395007
26017.74654887868; -0.000118206850639; -0.00546802094925
26020.4749966749; -0.00011758217677; -0.00547397849726
26023.20373059996; -0.000117255751865; -0.00548042355348
26025.93275068385; -0.000116542088029; -0.00548666728051
26028.66205695659; -0.000116747859284; -0.00549288568779
26031.39164944818; -0.000116298392232; -0.00549926040531
26034.12152818871; -0.000116380028016; -0.0055052831281
26036.85169320806; -0.00011629210768; -0.00551165425487
26039.58214453633; -0.000116073145237; -0.00551776775035
26042.31288220354; -0.000115904573207; -0.00552426095995
26045.04390623972; -0.000115213680313; -0.0055311715693
26047.77521667489; -0.000114374479911; -0.00553669993493
26050.50681353909; -0.000114579872314; -0.00554253319916
26053.23869686237; -0.00011405818892; -0.00554928322928
26055.97086667474; -0.00011396050729; -0.00555540073227
26058.70332300628; -0.000114661656793; -0.00556066522874
26061.43606588701; -0.000114323889802; -0.00556693978867
26064.16909534705; -0.000114034935741; -0.00557351268119
26066.90241141634; -0.000112800447908; -0.00557920992816
26069.63601412498; -0.000112297826403; -0.0055846918662
26072.36990350305; -0.000113239953818; -0.00559143471799
26075.10407958059; -0.000111535163866; -0.00559664493591
26077.83854238769; -0.000111927193403; -0.00560346420665
