% Module: Sweep, ID: c0p1t8p1cfm0
% Devices: DEV646
% Time: 2026/01/16 11:37:57
% Demod 1 Sample X, /dev646/demods/0/sample.X
% Demod 1 Sample Y, /dev646/demods/0/sample.Y
% Frequency (Hz); Demod 1 Sample X  Amplitude (V); Demod 1 Sample Y  Amplitude (V)
22503.51370344343; -0.000231142578023; -0.00705989767803
22506.93947637025; -0.000233408488549; -0.0070687830042
22510.36524929708; -0.000236262906041; -0.00707782972706
22513.79102222391; -0.000239356744501; -0.00708631343878
22517.21679515074; -0.000240516359723; -0.00709450431862
22520.64256807756; -0.000242390855566; -0.00710336107153
22524.06834100439; -0.000245620690973; -0.0071124215252
22527.49411393121; -0.000247799529868; -0.00712015282669
22530.91988685804; -0.000249408304368; -0.00712947566704
22534.34565978487; -0.000252571481205; -0.00713876342059
22537.7714327117; -0.000254251222414; -0.00714631049074
22541.19720563852; -0.000256901629523; -0.00715660260782
22544.62297856535; -0.000259561871235; -0.00716587050978
22548.04875149218; -0.000261963018159; -0.00717525257913
22551.47452441901; -0.000264220855724; -0.0071842213388
22554.90029734583; -0.000267013690026; -0.00719319762612
22558.32607027266; -0.000269396805231; -0.00720226478143
22561.75184319949; -0.000272301999681; -0.00721161672797
22565.17761612631; -0.000274243733642; -0.00722037194427
22568.60338905314; -0.000277493325178; -0.00722976836737
22572.02916197997; -0.000279450315434; -0.00723987898093
22575.45493490679; -0.000282304115302; -0.00724896689192
22578.88070783362; -0.000285543792235; -0.00725907283557
22582.30648076045; -0.000287868792299; -0.00726783569698
22585.73225368727; -0.000289871963986; -0.00727760063736
22589.1580266141; -0.000292193260382; -0.00728707524866
22592.58379954093; -0.000295797210454; -0.00729732005067
22596.00957246776; -0.000298320846979; -0.00730664495037
22599.43534539458; -0.000301305230948; -0.00731615421139
22602.86111832141; -0.000303924458072; -0.00732566566729
22606.28689124824; -0.00030710128072; -0.00733581995755
22609.71266417507; -0.000310471755603; -0.00734536476524
22613.13843710189; -0.000312827952345; -0.00735524468604
22616.56421002872; -0.000315603330628; -0.00736594168584
22619.98998295555; -0.000318734667548; -0.00737586484148
22623.41575588237; -0.000322618190316; -0.00738671440678
22626.8415288092; -0.000324893574978; -0.00739649122048
22630.26730173603; -0.000327186102347; -0.00740713560876
22633.69307466285; -0.000330517874675; -0.00741793709229
22637.11884758968; -0.000334332939001; -0.00742742021794
22640.54462051651; -0.00033633862357; -0.00743814219002
22643.97039344333; -0.000339713482746; -0.0074497704077
22647.39616637016; -0.000343746140112; -0.00745965982225
22650.82193929699; -0.000345671777765; -0.00746915702194
22654.24771222382; -0.000349671619199; -0.0074799348469
22657.67348515064; -0.000352166215384; -0.00749108226377
22661.09925807747; -0.000356024115632; -0.00750308641414
22664.5250310043; -0.000359402175854; -0.00751278315216
22667.95080393113; -0.000363577043333; -0.00752427357702
22671.37657685795; -0.000366510774576; -0.00753484878331
22674.80234978478; -0.000369464569261; -0.00754620557386
22678.2281227116; -0.000372992611015; -0.00755747550295
22681.65389563843; -0.000376598381652; -0.00756750605559
22685.07966856526; -0.00038070487246; -0.0075797891018
22688.50544149209; -0.000383783563318; -0.00759079516434
22691.93121441891; -0.000387472408683; -0.0076020010012
22695.35698734574; -0.000391552486112; -0.00761309191641
22698.78276027257; -0.000394378033037; -0.00762503007114
22702.20853319939; -0.000398403790303; -0.00763643524324
22705.63430612622; -0.000402132733627; -0.00764810783324
22709.06007905305; -0.000406261309982; -0.00766031566668
22712.48585197988; -0.000409935071438; -0.00767214920445
22715.9116249067; -0.000414556475466; -0.00768362441394
22719.33739783353; -0.000417851117339; -0.00769604235792
22722.76317076036; -0.000422295096287; -0.00770837277989
22726.18894368718; -0.000425618863501; -0.00772021021002
22729.61471661401; -0.000429689338254; -0.00773213959132
22733.04048954084; -0.000432913510119; -0.00774421082757
22736.46626246766; -0.000438244910467; -0.00775733120731
22739.89203539449; -0.000442350427953; -0.00776976380612
22743.31780832132; -0.000446110823727; -0.00778152020633
22746.74358124815; -0.000449996396294; -0.00779565399465
22750.16935417497; -0.000454434463158; -0.00780724264222
22753.5951271018; -0.000459373023112; -0.00781963420545
22757.02090002863; -0.000463167415757; -0.00783218947786
22760.44667295546; -0.000467592913594; -0.00784575820679
22763.87244588228; -0.000472029129124; -0.00785843236614
22767.29821880911; -0.000477166522079; -0.00787221041568
22770.72399173594; -0.000481656699689; -0.00788453594957
22774.14976466276; -0.00048652562403; -0.00789820149527
22777.57553758959; -0.000491221648972; -0.00791134602897
22781.00131051642; -0.000495529004041; -0.00792495057303
22784.42708344324; -0.000500323133157; -0.00793804871222
22787.85285637007; -0.000504742592446; -0.00795192871837
22791.2786292969; -0.000509869645176; -0.0079657825883
22794.70440222372; -0.000515227170207; -0.00797866303568
22798.13017515055; -0.000520378524131; -0.00799260638182
22801.55594807738; -0.000525422077512; -0.00800744520978
22804.98172100421; -0.000530391167826; -0.00802095128958
22808.40749393103; -0.000535618448684; -0.00803462153658
22811.83326685786; -0.000540666720594; -0.00804864749775
22815.25903978469; -0.000545925880985; -0.00806298688702
22818.68481271152; -0.00055106234485; -0.00807745124285
22822.11058563834; -0.00055667675079; -0.00809271054176
22825.53635856517; -0.000561502339587; -0.0081064546255
22828.96213149199; -0.00056754316825; -0.00812062443619
22832.38790441882; -0.000573466091377; -0.00813577342806
22835.81367734565; -0.000578818941725; -0.0081503945779
22839.23945027247; -0.000583703615061; -0.00816561440363
22842.6652231993; -0.000590089430279; -0.00818167846329
22846.09099612613; -0.00059663196528; -0.00819502189322
22849.51676905296; -0.000601262548593; -0.00821105754263
22852.94254197978; -0.000608057852598; -0.00822687814466
22856.36831490661; -0.000613775197474; -0.00824214817287
22859.79408783344; -0.000619759410094; -0.00825692675528
22863.21986076027; -0.000626182717464; -0.00827352492074
22866.64563368709; -0.000632662562644; -0.00828890473761
22870.07140661392; -0.00063850241189; -0.00830477258038
22873.49717954075; -0.000644566804582; -0.0083210113797
22876.92295246757; -0.000652619649519; -0.00833635070629
22880.3487253944; -0.000658079706864; -0.00835315128004
22883.77449832123; -0.000664970470082; -0.00837068045476
22887.20027124805; -0.00067189136027; -0.00838570561393
22890.62604417488; -0.00067827431914; -0.00840284937767
22894.05181710171; -0.000685442422022; -0.00841952393769
22897.47759002853; -0.000692383649732; -0.00843562693468
22900.90336295536; -0.000699608790816; -0.00845308459822
22904.32913588219; -0.000706622962494; -0.00847040990187
22907.75490880902; -0.000713677296593; -0.00848694758839
22911.18068173584; -0.000721349861853; -0.00850426564363
22914.60645466267; -0.000728586305483; -0.00852224691213
22918.0322275895; -0.000735806024413; -0.0085398204921
22921.45800051633; -0.000744509334511; -0.00855702461209
22924.88377344315; -0.000751384758663; -0.00857444733044
22928.30954636998; -0.000758654403923; -0.00859305990814
22931.73531929681; -0.000766715265744; -0.00861131964601
22935.16109222363; -0.000775370211918; -0.00862873560203
22938.58686515046; -0.000783283216853; -0.0086474172408
22942.01263807729; -0.000791641794476; -0.00866595449257
22945.43841100411; -0.000799702535218; -0.00868458621277
22948.86418393094; -0.00080804947552; -0.00870251505545
22952.28995685777; -0.000817067655051; -0.00872176871917
22955.7157297846; -0.000825503449703; -0.00874199941465
22959.14150271142; -0.000835115164963; -0.00876032625903
22962.56727563825; -0.000843954387854; -0.00878032289408
22965.99304856508; -0.000852119801865; -0.00879953627739
22969.4188214919; -0.0008606103283; -0.00881883220864
22972.84459441873; -0.00087094859835; -0.00883867784538
22976.27036734556; -0.000880577911171; -0.00885918476905
22979.69614027238; -0.000889712857604; -0.00887904903067
22983.12191319921; -0.000899928007661; -0.00889910667683
22986.54768612604; -0.000908889733844; -0.00891954973967
22989.97345905286; -0.000918080684002; -0.00893976393738
22993.39923197969; -0.000928948975335; -0.00896099034312
22996.82500490652; -0.000939623850821; -0.00898194477951
23000.25077783335; -0.000949312748418; -0.00900308615457
23003.67655076017; -0.00096012505718; -0.009024650198
23007.102323687; -0.000971138751672; -0.00904537941901
23010.52809661383; -0.000981151206441; -0.00906715297274
23013.95386954066; -0.000991335549517; -0.00908866812946
23017.37964246748; -0.00100361429559; -0.00911049081536
23020.80541539431; -0.00101422767004; -0.00913269002188
23024.23118832114; -0.0010264840661; -0.00915485927882
23027.65696124796; -0.00103778334845; -0.00917746783944
23031.08273417479; -0.0010491969109; -0.00920037774721
23034.50850710162; -0.0010609310574; -0.00922349364609
23037.93428002844; -0.00107265436582; -0.00924659682133
23041.36005295527; -0.0010852587334; -0.00926922743618
23044.7858258821; -0.00109745698932; -0.00929186132324
23048.21159880892; -0.00110924841402; -0.00931587114038
23051.63737173575; -0.00112256170937; -0.00934042858136
23055.06314466258; -0.00113616204313; -0.00936398859645
23058.48891758941; -0.00114855814427; -0.00938810892671
23061.91469051623; -0.00116297916294; -0.00941284219991
23065.34046344306; -0.00117636381077; -0.0094376937248
23068.76623636989; -0.00119031921693; -0.00946157198936
23072.19200929672; -0.001203763648; -0.00948684085923
23075.61778222354; -0.00121847468305; -0.00951292192188
23079.04355515037; -0.00123263475984; -0.00953705982086
23082.4693280772; -0.0012464623847; -0.00956298213562
23085.89510100402; -0.00126103296998; -0.00958914593045
23089.32087393085; -0.00127689688446; -0.00961469834561
23092.74664685767; -0.00129262351645; -0.00964114963833
23096.1724197845; -0.00130721491079; -0.00966731611428
23099.59819271133; -0.00132273183969; -0.00969482200541
23103.02396563816; -0.00134007199563; -0.00972099892751
23106.44973856498; -0.00135546710871; -0.00974758898868
23109.87551149181; -0.00137219117706; -0.00977581225924
23113.30128441864; -0.00138920010602; -0.00980361527017
23116.72705734547; -0.00140535907081; -0.00983092331454
23120.15283027229; -0.00142291787334; -0.00985966980298
23123.57860319912; -0.00144119721281; -0.00988720082978
23127.00437612595; -0.00145966192369; -0.00991636662491
23130.43014905277; -0.0014778205682; -0.00994516081603
23133.8559219796; -0.00149459732083; -0.00997458599749
23137.28169490643; -0.00151424487797; -0.010004413797
23140.70746783325; -0.00153356952755; -0.0100333894554
23144.13324076008; -0.00155380140752; -0.0100642718698
23147.55901368691; -0.00157312541963; -0.0100932941372
23150.98478661374; -0.00159296879303; -0.0101243576366
23154.41055954056; -0.00161388908078; -0.010154939784
23157.83633246739; -0.00163425776616; -0.010185862212
23161.26210539422; -0.0016558326022; -0.0102172562443
23164.68787832104; -0.00167746946798; -0.0102493047656
23168.11365124787; -0.00169934042788; -0.0102799385641
23171.5394241747; -0.0017213459657; -0.0103111640952
23174.96519710153; -0.00174391427059; -0.0103439167456
23178.39097002835; -0.00176709688158; -0.0103765982754
23181.81674295518; -0.00179077139761; -0.0104102549697
23185.24251588201; -0.00181470872456; -0.0104432518532
23188.66828880883; -0.0018383625113; -0.0104771859133
23192.09406173566; -0.00186386104968; -0.0105104542044
23195.51983466249; -0.00188821953566; -0.0105451375045
23198.94560758931; -0.00191472121541; -0.0105787898981
23202.37138051614; -0.00194125632095; -0.0106142903579
23205.79715344297; -0.00196764644887; -0.010647822248
23209.2229263698; -0.00199371067297; -0.0106845400324
23212.64869929662; -0.00202151881959; -0.0107190197906
23216.07447222345; -0.00204980479604; -0.0107541967548
23219.50024515028; -0.00207880126445; -0.0107914790891
23222.92601807711; -0.00210723614057; -0.0108279570692
23226.35179100393; -0.00213751306493; -0.0108641615847
23229.77756393076; -0.00216725372983; -0.0109018414816
23233.20333685759; -0.00219809547342; -0.0109406149319
23236.62910978441; -0.0022301469355; -0.0109771075536
23240.05488271124; -0.0022623487278; -0.0110149868129
23243.48065563806; -0.00229464475399; -0.0110540708169
23246.90642856489; -0.0023281485824; -0.0110924943871
23250.33220149172; -0.00236236449532; -0.0111325313042
23253.75797441855; -0.00239618950563; -0.0111722566567
23257.18374734537; -0.00243126934738; -0.0112109078101
23260.6095202722; -0.00246724177345; -0.0112513429918
23264.03529319903; -0.00250447132068; -0.0112922706089
23267.46106612586; -0.00254090714592; -0.0113332115376
23270.88683905268; -0.00257988302377; -0.0113752845951
23274.31261197951; -0.00261952099641; -0.0114176177525
23277.73838490634; -0.00265807184379; -0.011459670993
23281.16415783316; -0.00269811368483; -0.0115023759183
23284.58993075999; -0.00274018017632; -0.0115450654283
23288.01570368682; -0.00278197323298; -0.0115885636202
23291.44147661364; -0.00282544590323; -0.0116321096778
23294.86724954047; -0.00286887822143; -0.0116754544676
23298.2930224673; -0.00291369502116; -0.0117190981005
23301.71879539412; -0.00295985035613; -0.0117639482271
23305.14456832095; -0.00300663020805; -0.0118069959935
23308.57034124778; -0.00305357247937; -0.0118531317137
23311.99611417461; -0.0031034425263; -0.0118987473319
23315.42188710143; -0.00315159265838; -0.011943714248
23318.84766002826; -0.00320309990307; -0.0119905062261
23322.27343295509; -0.00325429085447; -0.012037735132
23325.69920588192; -0.0033073485299; -0.0120834947489
23329.12497880874; -0.00336113340221; -0.012130125914
23332.55075173557; -0.00341660746032; -0.01217775979
23335.9765246624; -0.00347390177973; -0.0122258649725
23339.40229758922; -0.00353026590244; -0.0122747173274
23342.82807051605; -0.00358974748587; -0.0123221428204
23346.25384344288; -0.00365049925587; -0.0123706979633
23349.6796163697; -0.00371161140842; -0.0124204491784
23353.10538929653; -0.00377487704688; -0.0124681405196
23356.53116222336; -0.00384063326732; -0.0125180164756
23359.95693515019; -0.00390461639282; -0.0125675985541
23363.38270807701; -0.00397312395028; -0.0126169089064
23366.80848100384; -0.00404165235741; -0.0126677061744
23370.23425393067; -0.00411221152548; -0.0127179192596
23373.66002685749; -0.00418412847914; -0.0127684389121
23377.08579978432; -0.00425716458791; -0.0128190082145
23380.51157271115; -0.0043329100734; -0.0128688145964
23383.93734563798; -0.00441028168495; -0.0129193944833
23387.3631185648; -0.00448827961477; -0.0129716436201
23390.78889149163; -0.00456917506601; -0.013021205304
23394.21466441845; -0.00465219219994; -0.013073634911
23397.64043734528; -0.00473591746486; -0.0131247053262
23401.06621027211; -0.00482260511289; -0.0131760266408
23404.49198319894; -0.00491155935854; -0.0132274410725
23407.91775612576; -0.00500166670747; -0.0132780880237
23411.34352905259; -0.00509512321736; -0.0133290758161
23414.76930197942; -0.00519006293388; -0.0133805331968
23418.19507490625; -0.0052865300875; -0.0134298015032
23421.62084783307; -0.00538565421471; -0.0134806130534
23425.0466207599; -0.00548805360305; -0.0135311472297
23428.47239368673; -0.00559193412699; -0.0135804046942
23431.89816661356; -0.0056985297582; -0.0136308034641
23435.32393954038; -0.00580809725719; -0.0136798579633
23438.74971246721; -0.005919300992; -0.0137295928887
23442.17548539403; -0.00603467112233; -0.013776866759
23445.60125832086; -0.00615163669957; -0.0138243232186
23449.02703124769; -0.00627130596477; -0.0138717805464
23452.45280417451; -0.00639415513635; -0.0139180619293
23455.87857710134; -0.00652070020232; -0.0139641636241
23459.30435002817; -0.00664802803435; -0.0140090905597
23462.730122955; -0.006780980669; -0.0140516972397
23466.15589588182; -0.00691554852094; -0.014094188348
23469.58166880865; -0.00705450710145; -0.0141357778051
23473.00744173548; -0.00719474823655; -0.0141757452799
23476.43321466231; -0.00734024838767; -0.0142146924693
23479.85898758913; -0.00748722936652; -0.0142516966707
23483.28476051596; -0.00763922320878; -0.0142863265524
23486.71053344279; -0.00779444502234; -0.0143212034303
23490.13630636961; -0.00795329238367; -0.0143523060881
23493.56207929644; -0.00811530834637; -0.0143829190918
23496.98785222327; -0.00828075545029; -0.0144099305454
23500.41362515009; -0.00845109579682; -0.0144354067393
23503.83939807692; -0.00862349173017; -0.0144575572325
23507.26517100375; -0.00880085766808; -0.0144785169476
23510.69094393057; -0.00898196599358; -0.0144950057644
23514.1167168574; -0.00916625765767; -0.0145091196086
23517.54248978423; -0.00935527787271; -0.014519696582
23520.96826271106; -0.00954836575738; -0.0145274084854
23524.39403563788; -0.00974460500203; -0.0145301001757
23527.81980856471; -0.00994554973544; -0.0145306585359
23531.24558149154; -0.010149231852; -0.0145251210453
23534.67135441837; -0.0103562721832; -0.0145147793913
23538.09712734519; -0.0105691655275; -0.0145027420455
23541.52290027202; -0.010785251384; -0.014483347864
23544.94867319884; -0.0110032298997; -0.014458694184
23548.37444612567; -0.0112285486988; -0.0144291833856
23551.8002190525; -0.0114553167035; -0.0143952972083
23555.22599197933; -0.0116848143474; -0.0143530923014
23558.65176490615; -0.0119185505572; -0.0143047807551
23562.07753783298; -0.0121557190207; -0.0142499999494
23565.50331075981; -0.0123968604464; -0.0141896016986
23568.92908368663; -0.0126393344039; -0.0141208006599
23572.35485661346; -0.0128842730073; -0.0140438284594
23575.78062954029; -0.0131325657883; -0.013959256085
23579.20640246712; -0.0133831229863; -0.0138659972289
23582.63217539394; -0.013634792973; -0.0137645530258
23586.05794832077; -0.013889056406; -0.0136540637134
23589.4837212476; -0.0141441331559; -0.0135339389
23592.90949417442; -0.0143997235733; -0.013405770905
23596.33526710125; -0.0146563552894; -0.0132657227801
23599.76104002808; -0.0149128425486; -0.0131180911588
23603.1868129549; -0.015169738797; -0.0129580660896
23606.61258588173; -0.0154246266576; -0.0127886929608
23610.03835880856; -0.0156795615844; -0.0126063550881
23613.46413173539; -0.0159304305287; -0.0124149263985
23616.88990466221; -0.0161798888671; -0.0122137468978
23620.31567758904; -0.0164261969876; -0.0119991069011
23623.74145051587; -0.0166685415012; -0.0117742906566
23627.1672234427; -0.0169061024027; -0.0115384989451
23630.59299636952; -0.0171385687611; -0.0112900657481
23634.01876929635; -0.0173659993539; -0.0110309085423
23637.44454222318; -0.0175856678677; -0.0107609890685
23640.87031515; -0.0177995013316; -0.0104799413003
23644.29608807683; -0.0180050848413; -0.0101877366062
23647.72186100366; -0.0182019607531; -0.00988528327993
23651.14763393048; -0.0183889415132; -0.00957412308624
23654.57340685731; -0.0185663766255; -0.00925032122297
23657.99917978414; -0.0187330741238; -0.0089193327844
23661.42495271096; -0.0188890293671; -0.00857919683907
23664.85072563779; -0.0190316933223; -0.00823100607654
23668.27649856462; -0.019163124514; -0.00787473919058
23671.70227149145; -0.0192805953773; -0.00751145364973
23675.12804441827; -0.0193843112902; -0.00714170283514
23678.5538173451; -0.0194744904629; -0.00676742130344
23681.97959027193; -0.0195506423853; -0.00638814712262
23685.40536319876; -0.0196117054969; -0.00600456519058
23688.83113612558; -0.0196567706809; -0.0056185529375
23692.25690905241; -0.0196884587184; -0.0052302246321
23695.68268197924; -0.0197029527979; -0.00483996298216
23699.10845490606; -0.0197026660715; -0.00445077276719
23702.53422783289; -0.0196871430649; -0.00405982396641
23705.96000075971; -0.0196570187089; -0.00367190840977
23709.38577368654; -0.0196106844186; -0.00328728041443
23712.81154661337; -0.0195505447911; -0.00290424216779
23716.2373195402; -0.0194744988582; -0.00252700308112
23719.66309246702; -0.0193850855239; -0.00215332606784
23723.08886539385; -0.0192821093998; -0.00178687703661
23726.51463832068; -0.0191644299538; -0.0014265227995
23729.94041124751; -0.0190347494208; -0.0010721275892
23733.36618417433; -0.0188925984292; -0.000725836017944
23736.79195710116; -0.0187388103337; -0.000388205096406
23740.21773002799; -0.0185733736023; -6.01914703624e-05
23743.64350295481; -0.0183989285046; 0.000258665167932
23747.06927588164; -0.0182142614376; 0.00056901109981
23750.49504880847; -0.0180191055875; 0.000868082002068
23753.92082173529; -0.017818284264; 0.00115649224904
23757.34659466212; -0.0176091538039; 0.00143483032178
23760.77236758895; -0.017392098618; 0.00170224254105
23764.19814051577; -0.0171684222664; 0.00195850459226
23767.6239134426; -0.0169411753472; 0.00220392324181
23771.04968636943; -0.0167071284921; 0.00243821910852
23774.47545929626; -0.016469929197; 0.00266187696721
23777.90123222308; -0.0162281836221; 0.00287337550653
23781.32700514991; -0.0159842603909; 0.00307339686096
23784.75277807674; -0.0157379162683; 0.00326409888162
23788.17855100357; -0.0154892000485; 0.00344289694511
23791.60432393039; -0.0152394847695; 0.00361209005598
23795.03009685722; -0.0149893368167; 0.00377084301957
23798.45586978405; -0.0147391463289; 0.00392072072483
23801.88164271087; -0.0144887049065; 0.00405930440428
23805.3074156377; -0.0142394934222; 0.00418954031126
23808.73318856453; -0.0139902028268; 0.00430882116851
23812.15896149135; -0.0137423702816; 0.00442027306072
23815.58473441818; -0.0134951253204; 0.0045220169696
23819.01050734501; -0.0132523774068; 0.00461646219003
23822.43628027184; -0.013010487662; 0.00470255039979
23825.86205319866; -0.0127705460797; 0.00478086508292
23829.28782612549; -0.0125331491476; 0.00485141998223
23832.71359905232; -0.0122993771304; 0.00491579136615
23836.13937197914; -0.0120674079881; 0.00497247641868
23839.56514490597; -0.0118400967416; 0.00502221018813
23842.9909178328; -0.0116152884383; 0.0050658710663
23846.41669075963; -0.0113940612984; 0.00510515109097
23849.84246368645; -0.0111757605876; 0.00513732151482
23853.26823661328; -0.0109618951842; 0.0051644930497
23856.6940095401; -0.0107496922046; 0.00518698466964
23860.11978246693; -0.010542793903; 0.00520384074434
23863.54555539376; -0.0103392697115; 0.00521650838698
23866.97132832059; -0.01013924574; 0.005225039654
23870.39710124741; -0.0099441016644; 0.00522932349181
23873.82287417424; -0.00975214278505; 0.00523024165188
23877.24864710107; -0.00956369542322; 0.00522690001564
23880.6744200279; -0.00937806788877; 0.0052195912122
23884.10019295472; -0.00919662767666; 0.00520791504969
23887.52596588155; -0.00901997786039; 0.0051968332553
23890.95173880838; -0.00884632806124; 0.00518212898311
23894.3775117352; -0.00867627865749; 0.00516198698166
23897.80328466203; -0.00850900595459; 0.00514084254147
23901.22905758886; -0.00834662732361; 0.00511804304743
23904.65483051568; -0.00818680131496; 0.00509231420821
23908.08060344251; -0.00803078420947; 0.00506437818146
23911.50637636934; -0.00787832922953; 0.00503510744921
23914.93214929616; -0.00772962257435; 0.00500398725655
23918.35792222299; -0.00758441161431; 0.00497082363309
23921.78369514982; -0.00744109809689; 0.00493669573074
23925.20946807665; -0.00730229186687; 0.00489995234194
23928.63524100347; -0.00716488297233; 0.00486385976399
23932.0610139303; -0.00703177108224; 0.00482523984616
23935.48678685713; -0.00690231686415; 0.00478550186771
23938.91255978396; -0.00677490239365; 0.00474520035449
23942.33833271078; -0.00665071137908; 0.00470381606176
23945.76410563761; -0.00652830177326; 0.00466168185361
23949.18987856444; -0.00640940203024; 0.0046176701901
23952.61565149126; -0.00629326953323; 0.00457435217276
23956.04142441809; -0.0061809402756; 0.00453107459616
23959.46719734492; -0.00606933069206; 0.00448530861053
23962.89297027174; -0.00596193481978; 0.00444064399952
23966.31874319857; -0.00585594327968; 0.00439424763202
23969.7445161254; -0.00575137224193; 0.00434879339886
23973.17028905222; -0.00565054624012; 0.00430125978192
23976.59606197905; -0.00555185816377; 0.00425399398535
23980.02183490588; -0.00545539310018; 0.00420754818514
23983.44760783271; -0.00536080283151; 0.00415928151301
23986.87338075953; -0.00526823555943; 0.00411265049046
23990.29915368636; -0.00517742518405; 0.00406467019774
23993.72492661319; -0.00508975040511; 0.0040168416865
23997.15069954002; -0.00500313318939; 0.00396855691857
24000.57647246684; -0.00491891496542; 0.00392150408797
24004.00224539367; -0.00483604300064; 0.00387414191672
24007.42801832049; -0.00475582396978; 0.00382577882128
24010.85379124732; -0.00467661022093; 0.00377906187642
24014.27956417415; -0.0045997153269; 0.00373010412301
24017.70533710098; -0.00452345514858; 0.00368188300153
24021.1311100278; -0.00445032073364; 0.00363535110855
24024.55688295463; -0.00437773977223; 0.00358791175035
24027.98265588146; -0.00430795412632; 0.00354059313864
24031.40842880828; -0.00423824389603; 0.00349373737364
24034.83420173511; -0.0041706995016; 0.00344802999477
24038.25997466194; -0.00410482665442; 0.00339865587609
24041.68574758877; -0.00403923761691; 0.003352422478
24045.11152051559; -0.00397616894042; 0.00330631735459
24048.53729344242; -0.00391429666545; 0.00326053422526
24051.96306636925; -0.00385310244196; 0.00321495403652
24055.38883929607; -0.00379299940002; 0.00316967428317
24058.8146122229; -0.00373606750618; 0.00312331711646
24062.24038514973; -0.00367772136447; 0.00307983442453
24065.66615807655; -0.00362255489507; 0.00303410927749
24069.09193100338; -0.00356760263005; 0.00298939093017
24072.51770393021; -0.0035145262925; 0.00294464166141
24075.94347685704; -0.00346198800566; 0.00290130416679
24079.36924978386; -0.00340993281043; 0.0028576884825
24082.79502271069; -0.00336077136795; 0.00281425586106
24086.22079563752; -0.00331090892881; 0.00277082458771
24089.64656856435; -0.00326145828572; 0.00272762889766
24093.07234149117; -0.00321529432386; 0.00268562989798
24096.498114418; -0.00316860594125; 0.00264434490629
24099.92388734483; -0.00312182349345; 0.00260133250702
24103.34966027165; -0.00307758089303; 0.00256080438648
24106.77543319848; -0.00303340399262; 0.00251911373083
24110.20120612531; -0.00299161706828; 0.00247828440421
24113.62697905213; -0.00294903139197; 0.00243776207782
24117.05275197896; -0.00290826004164; 0.00239723607285
24120.47852490579; -0.00286720302629; 0.00235752350584
24123.90429783261; -0.00282876053962; 0.00231732709205
24127.33007075944; -0.00278865502321; 0.00227843705604
24130.75584368627; -0.00275098595569; 0.00223826798849
24134.1816166131; -0.00271387745296; 0.00219991334077
24137.60738953992; -0.00267692288598; 0.00216122471611
24141.03316246675; -0.00264158576001; 0.00212406101567
24144.45893539358; -0.00260543452992; 0.00208538137398
24147.88470832041; -0.00257051948314; 0.00204858585736
24151.31048124723; -0.00253632239627; 0.00201112894826
24154.73625417406; -0.00250384538141; 0.00197430465876
24158.16202710089; -0.00247038935168; 0.00193854924034
24161.58780002771; -0.00243791654804; 0.00190100312035
24165.01357295454; -0.00240718103512; 0.00186589101621
24168.43934588136; -0.00237569559953; 0.00182979839342
24171.86511880819; -0.00234448874871; 0.00179417040498
24175.29089173502; -0.00231386213943; 0.00175990886341
24178.71666466185; -0.00228433532351; 0.0017245280075
24182.14243758867; -0.00225589960252; 0.00169026158986
24185.5682105155; -0.0022281919785; 0.00165644257079
24188.99398344233; -0.00219861333246; 0.00162201322012
24192.41975636916; -0.00217244417301; 0.00158873487825
24195.84552929598; -0.00214583774806; 0.00155494369011
24199.27130222281; -0.0021187384046; 0.00152290522214
24202.69707514964; -0.00209321800444; 0.00148954581719
24206.12284807646; -0.0020670287537; 0.00145715486102
24209.54862100329; -0.00204101400092; 0.0014244578787
24212.97439393012; -0.00201748453697; 0.00139319460553
24216.40016685694; -0.001992353477; 0.00136157203145
24219.82593978377; -0.00196916662326; 0.00133062187207
24223.2517127106; -0.00194611506353; 0.00129975078621
24226.67748563742; -0.00192158913877; 0.001268398826
24230.10325856425; -0.0018991291352; 0.00123790185211
24233.52903149108; -0.00187695270608; 0.00120753121903
24236.95480441791; -0.00185537576894; 0.00117754100571
24240.38057734473; -0.00183280165043; 0.00114775943368
24243.80635027156; -0.00181265997399; 0.00111795877568
24247.23212319839; -0.00179181029272; 0.00108915774285
24250.65789612522; -0.00177020514524; 0.00105975046303
24254.08366905204; -0.00175018058863; 0.00103132116514
24257.50944197887; -0.00173073477531; 0.00100247832786
24260.9352149057; -0.00171066970727; 0.000973907089393
24264.36098783252; -0.00169130490442; 0.000946645492298
24267.78676075935; -0.00167235677215; 0.000918546730907
24271.21253368618; -0.00165376588384; 0.000891468940291
24274.638306613; -0.00163612433212; 0.000863358045265
24278.06407953983; -0.00161660779017; 0.000836576391581
24281.48985246666; -0.00159914743659; 0.000809182231204
24284.91562539349; -0.00158137923591; 0.000782570957268
24288.34139832031; -0.00156453022532; 0.000756235950751
24291.76717124714; -0.00154788605927; 0.000730595401409
24295.19294417397; -0.00152991987844; 0.000704100873684
24298.6187171008; -0.00151337248255; 0.000677976294641
24302.04449002762; -0.00149676951294; 0.000652827747806
24305.47026295445; -0.0014814130608; 0.000627156693874
24308.89603588128; -0.00146541169703; 0.000602257444917
24312.3218088081; -0.00145020995387; 0.000577667678623
24315.74758173493; -0.00143414189777; 0.000552263638207
24319.17335466175; -0.00141881720369; 0.0005279071641
24322.59912758858; -0.00140412630624; 0.000503698887038
24326.02490051541; -0.00139002406528; 0.000479117562096
24329.45067344224; -0.00137524255229; 0.00045594247183
24332.87644636906; -0.00136131091732; 0.000431833442036
24336.30221929589; -0.00134643141909; 0.000408207224156
24339.72799222272; -0.00133304431438; 0.00038409026471
24343.15376514955; -0.00131959869236; 0.000360850404978
24346.57953807637; -0.00130579200057; 0.000338336848263
24350.0053110032; -0.00129242677763; 0.000315418557136
24353.43108393003; -0.0012791876025; 0.000292196304195
24356.85685685685; -0.00126686978449; 0.000270025558389
24360.28262978368; -0.00125458129951; 0.000248154911727
24363.70840271051; -0.00124108066255; 0.000226312145925
24367.13417563733; -0.00122877396616; 0.000203358594217
24370.55994856416; -0.00121718737916; 0.00018131411768
24373.98572149099; -0.0012053386804; 0.000160801295694
24377.41149441781; -0.00119289456527; 0.000139205085808
24380.83726734464; -0.00118092334037; 0.000118384243256
24384.26304027147; -0.00116947932726; 9.69823486144e-05
24387.6888131983; -0.00115801302921; 7.59869221781e-05
24391.11458612512; -0.00114692564212; 5.59874293119e-05
24394.54035905195; -0.001135937474; 3.47778115775e-05
24397.96613197878; -0.00112535086716; 1.43206683113e-05
24401.39190490561; -0.00111395495227; -6.37169009256e-06
24404.81767783243; -0.00110253833532; -2.57303681666e-05
24408.24345075926; -0.00109211373641; -4.56429974042e-05
24411.66922368609; -0.00108271598876; -6.5788526131e-05
24415.09499661291; -0.00107215726693; -8.49521971047e-05
24418.52076953974; -0.0010622007432; -0.000105045373082
24421.94654246657; -0.00105181309582; -0.000124345068234
24425.37231539339; -0.00104208209047; -0.000143851854506
24428.79808832022; -0.00103157510885; -0.000162518965292
24432.22386124705; -0.00102274780813; -0.000182139497116
24435.64963417387; -0.00101238856755; -0.000200097049663
24439.0754071007; -0.00100370929233; -0.000219833241605
24442.50118002753; -0.000994727009316; -0.000237799294736
24445.92695295436; -0.000984979686421; -0.000256267063436
24449.35272588118; -0.000975892991063; -0.00027485878245
24452.77849880801; -0.000967222507973; -0.000292550616192
24456.20427173484; -0.0009584650471; -0.000310171168067
24459.63004466167; -0.000950242550964; -0.000327722594799
24463.05581758849; -0.000941949370893; -0.000346198873005
24466.48159051532; -0.000932770087517; -0.000363729757981
24469.90736344214; -0.00092460080122; -0.000380911926963
24473.33313636897; -0.000916141707312; -0.000399176863605
24476.7589092958; -0.000908693384878; -0.000415703914667
24480.18468222263; -0.00089971221757; -0.000431947890521
24483.61045514945; -0.000892209890132; -0.000449217824914
24487.03622807628; -0.000883872640661; -0.000466843040779
24490.46200100311; -0.000875856398325; -0.000483161815243
24493.88777392994; -0.000867932476235; -0.000499490871777
24497.31354685676; -0.00086084028767; -0.000516510658049
24500.73931978359; -0.000853742187944; -0.000533104519452
24504.16509271042; -0.000845496636402; -0.00054942531833
24507.59086563724; -0.000838347367789; -0.000565500095761
24511.01663856407; -0.000831739955552; -0.000581254344448
24514.4424114909; -0.000824630278737; -0.000597789658474
24517.86818441772; -0.00081848231854; -0.000613037426678
24521.29395734455; -0.000810778018672; -0.000630284137892
24524.71973027138; -0.000804206973801; -0.000645459963834
24528.1455031982; -0.000796143640099; -0.000660550365168
24531.57127612503; -0.00079017031048; -0.00067651384939
24534.99704905186; -0.000783899572449; -0.000691327851766
24538.42282197869; -0.000777278127703; -0.000706719696648
24541.84859490551; -0.00076957273228; -0.000721280612785
24545.27436783234; -0.000764236639325; -0.000737534329548
24548.70014075917; -0.000757386528074; -0.000751855383941
24552.125913686; -0.000750913271757; -0.00076639935722
24555.55168661282; -0.000744072369407; -0.000781400725664
24558.97745953965; -0.000738350369849; -0.000796916298779
24562.40323246648; -0.000732010936757; -0.000809807098306
24565.8290053933; -0.000726172215143; -0.000824201889833
24569.25477832013; -0.000720891968604; -0.000839261067489
24572.68055124696; -0.000714594951427; -0.000853272381293
24576.10632417378; -0.000709178184778; -0.000868041042482
24579.53209710061; -0.00070287145677; -0.000881692845599
24582.95787002744; -0.000697692599452; -0.000895585108545
24586.38364295426; -0.000692134261007; -0.000909247943358
24589.80941588109; -0.000686043266857; -0.000923529889192
24593.23518880792; -0.000680279406546; -0.000938101823255
24596.66096173475; -0.000675031658703; -0.00095098219071
24600.08673466157; -0.000669650813569; -0.000965252162449
24603.5125075884; -0.000663885521699; -0.000977231993007
24606.93828051523; -0.000659296526366; -0.000991034365973
24610.36405344206; -0.000654099801869; -0.0010040922022
24613.78982636888; -0.000648012367386; -0.00101737527304
24617.21559929571; -0.000643444432816; -0.00103082574027
24620.64137222253; -0.000638268275921; -0.00104306076371
24624.06714514936; -0.000633712930071; -0.00105646649269
24627.49291807619; -0.000628960176009; -0.00106980089919
24630.91869100301; -0.000622983612344; -0.00108203727434
24634.34446392984; -0.000618561089087; -0.00109450075867
24637.77023685667; -0.000613307263003; -0.00110801032906
24641.1960097835; -0.000608946022009; -0.00112083093305
24644.62178271032; -0.000604616747088; -0.00113273689401
24648.04755563715; -0.000598645999045; -0.0011452011742
24651.47332856398; -0.000595516144147; -0.00115815444531
24654.89910149081; -0.000590278118674; -0.00117003197448
24658.32487441763; -0.000586234531844; -0.00118107470439
24661.75064734446; -0.000581888635762; -0.00119341856685
24665.17642027129; -0.000576920519693; -0.00120543320668
24668.60219319811; -0.00057376255393; -0.00121803785711
24672.02796612494; -0.000569147272067; -0.00122959664148
24675.45373905177; -0.000563618666741; -0.00124193457171
24678.87951197859; -0.00055934454861; -0.00125388097025
24682.30528490542; -0.000555478777403; -0.00126561500598
24685.73105783225; -0.000550833148952; -0.00127630076739
24689.15683075908; -0.000547495985854; -0.00128833661352
24692.5826036859; -0.000543195931967; -0.00130056225414
24696.00837661273; -0.000538952727663; -0.00131111671967
24699.43414953956; -0.000535459810412; -0.001323129094
24702.85992246638; -0.000531347418674; -0.00133386917734
24706.28569539321; -0.000526906745773; -0.00134532659411
24709.71146832004; -0.000523687978371; -0.0013563704235
24713.13724124687; -0.000518899676338; -0.00136682054176
24716.56301417369; -0.000515805743569; -0.00137825062483
24719.98878710052; -0.00051161653327; -0.00138832114513
24723.41456002735; -0.000507429561002; -0.00139996448525
24726.84033295417; -0.000504174024381; -0.00141073901101
24730.266105881; -0.000501483116615; -0.00142149936826
24733.69187880783; -0.000497059835578; -0.00143259050424
24737.11765173465; -0.000494429308369; -0.00144287991106
24740.54342466148; -0.000490087149956; -0.00145389321393
24743.96919758831; -0.000486433834254; -0.00146312371919
24747.39497051514; -0.000483054952097; -0.00147455037783
24750.82074344196; -0.000478803712678; -0.00148607312353
24754.24651636879; -0.000476509723289; -0.00149578090332
24757.67228929562; -0.000472677837721; -0.00150600606029
24761.09806222245; -0.000469013118625; -0.00151607238875
24764.52383514927; -0.000465359669459; -0.0015267525077
24767.9496080761; -0.000462827129423; -0.00153650373634
24771.37538100292; -0.000458722906725; -0.00154707479057
24774.80115392975; -0.000455038128264; -0.00155656221436
24778.22692685658; -0.000452247064602; -0.00156631188029
24781.6526997834; -0.000449125342051; -0.00157593518418
24785.07847271023; -0.000446368704036; -0.00158569972571
24788.50424563706; -0.000442573085142; -0.00159606907366
24791.93001856389; -0.000440280131921; -0.00160589621824
24795.35579149071; -0.000437232327351; -0.00161580844257
24798.78156441754; -0.000434091771684; -0.00162474607826
24802.20733734437; -0.000432059449734; -0.00163422072394
24805.6331102712; -0.000427994352904; -0.00164484927815
24809.05888319802; -0.000425298165985; -0.00165411321927
24812.48465612485; -0.000422570423922; -0.00166359761433
24815.91042905168; -0.000419235396778; -0.00167281210898
24819.3362019785; -0.000416537516066; -0.00168207965615
24822.76197490533; -0.000413981721004; -0.00169163698402
24826.18774783216; -0.000410412789126; -0.00170046595015
24829.61352075898; -0.00040779210198; -0.00171006852851
24833.03929368581; -0.000405202753592; -0.00171965286276
24836.46506661264; -0.000402908232656; -0.00172863792774
24839.89083953946; -0.000399351844265; -0.00173682324473
24843.31661246629; -0.000396359933419; -0.00174646397979
24846.74238539312; -0.000394318512492; -0.00175566318976
24850.16815831995; -0.000391143699488; -0.00176494390105
24853.59393124677; -0.000388754674968; -0.00177368910006
24857.0197041736; -0.000386706871335; -0.00178158292041
24860.44547710043; -0.000383746837484; -0.00179019830879
24863.87125002726; -0.000381316631528; -0.0017995773001
24867.29702295408; -0.000377772578083; -0.00180819091253
24870.72279588091; -0.000375538052237; -0.00181658736954
24874.14856880774; -0.000372937922232; -0.00182561512644
24877.57434173456; -0.000371448624212; -0.00183417294253
24881.00011466139; -0.000368408652294; -0.00184295498922
24884.42588758822; -0.000366236883346; -0.001851115083
24887.85166051504; -0.00036242748187; -0.00185990668536
24891.27743344187; -0.000361486701244; -0.00186709705302
24894.7032063687; -0.000358722446274; -0.00187635023899
24898.12897929552; -0.000355984623143; -0.00188419023465
24901.55475222235; -0.00035416660057; -0.0018931854907
24904.98052514918; -0.000350645424067; -0.00190195351673
24908.40629807601; -0.000349320317091; -0.00190898661698
24911.83207100283; -0.000346201315733; -0.0019176636547
24915.25784392966; -0.000345097516618; -0.00192523020129
24918.68361685649; -0.000343135483213; -0.00193465813215
24922.10938978331; -0.000340447042328; -0.00194199762187
24925.53516271014; -0.000338050659087; -0.00194974394504
24928.96093563697; -0.000336100905473; -0.00195730107487
24932.38670856379; -0.000333578837587; -0.00196470249894
24935.81248149062; -0.000331778113184; -0.00197328019678
24939.23825441745; -0.000329013414592; -0.00198035230875
24942.66402734428; -0.000327494550764; -0.00198897373598
24946.0898002711; -0.000325155281495; -0.00199679593177
24949.51557319793; -0.000323052653692; -0.00200469086922
24952.94134612476; -0.000320217295934; -0.00201184023622
24956.36711905159; -0.000319136332684; -0.00202065778126
24959.79289197841; -0.000316396090212; -0.00202760197016
24963.21866490524; -0.000315384020565; -0.00203551546303
24966.64443783207; -0.000312618362343; -0.00204385131217
24970.07021075889; -0.000310984080786; -0.00205054342524
24973.49598368572; -0.000308484364065; -0.00205724219248
24976.92175661255; -0.000306463775975; -0.00206543604074
24980.34752953937; -0.000304431190406; -0.00207277737387
24983.7733024662; -0.000303053725064; -0.00208002351679
24987.19907539303; -0.000301099652388; -0.00208777720168
24990.62484831985; -0.000299033520493; -0.00209515061942
24994.05062124668; -0.000297800873456; -0.00210278711448
24997.47639417351; -0.000295610696168; -0.00210919609903
25000.90216710034; -0.000293738401356; -0.00211724493152
25004.32794002716; -0.000291351460173; -0.00212261200507
25007.75371295399; -0.000289210990982; -0.00213096511739
25011.17948588082; -0.000286681279755; -0.00213737017757
25014.60525880765; -0.000285821000358; -0.00214486792748
25018.03103173447; -0.000284479154988; -0.00215136372028
25021.4568046613; -0.000282354821182; -0.00215938712564
25024.88257758813; -0.000281179406734; -0.00216688753512
25028.30835051495; -0.000279047041274; -0.00217290521453
25031.73412344178; -0.000276637083454; -0.00217959196844
25035.1598963686; -0.000275193965557; -0.0021868540109
25038.58566929543; -0.000273084192036; -0.00219370300198
25042.01144222226; -0.000272176434191; -0.00219986396875
25045.43721514909; -0.000269910004657; -0.00220625201508
25048.86298807591; -0.000269050129036; -0.00221396619778
25052.28876100274; -0.00026691013662; -0.00222028541397
25055.71453392957; -0.000265727220757; -0.00222740349098
25059.1403068564; -0.000263935126939; -0.0022344240679
25062.56607978322; -0.000261037852218; -0.00224055478178
25065.99185271005; -0.000259825585627; -0.00224767157815
25069.41762563688; -0.000258233429365; -0.00225367529875
25072.8433985637; -0.000257081442329; -0.00226050419116
25076.26917149053; -0.000254913280434; -0.00226708875314
25079.69494441736; -0.000253634349426; -0.0022730945913
25083.12071734418; -0.000252088955911; -0.00228026542269
25086.54649027101; -0.000250831158052; -0.00228612719501
25089.97226319784; -0.000248855479682; -0.00229327585408
25093.39803612466; -0.000247789076026; -0.00229888014303
25096.82380905149; -0.000246509889169; -0.00230575262129
25100.24958197832; -0.000245024070737; -0.00231223210424
25103.67535490515; -0.000243459970646; -0.00231906945915
25107.10112783197; -0.000241557400785; -0.00232346705251
25110.5269007588; -0.000239920538729; -0.0023308995128
25113.95267368563; -0.000238387471236; -0.00233688976866
25117.37844661246; -0.000237413805908; -0.00234272330243
25120.80421953928; -0.000235151975055; -0.0023490712298
25124.22999246611; -0.000233871772876; -0.00235536350883
25127.65576539294; -0.000232859144528; -0.00236243672674
25131.08153831976; -0.000231546824197; -0.00236746789594
25134.50731124659; -0.000230611561803; -0.0023738730099
25137.93308417342; -0.000227735589002; -0.00237962051743
25141.35885710024; -0.000227438096434; -0.00238551254904
25144.78463002707; -0.000225276090088; -0.00239138461559
25148.2104029539; -0.000224201720856; -0.00239763693629
25151.63617588073; -0.000222264999814; -0.00240395624917
25155.06194880755; -0.000221229758373; -0.00241068584315
25158.48772173438; -0.00022009978296; -0.00241554600398
25161.91349466121; -0.000218236569893; -0.00242140144484
25165.33926758803; -0.000217267454015; -0.00242820686391
25168.76504051486; -0.000216323869502; -0.00243334960448
25172.19081344169; -0.000214791757023; -0.00243909691386
25175.61658636852; -0.000213650715375; -0.00244507592441
25179.04235929534; -0.000211272779475; -0.00244973686708
25182.46813222217; -0.000210295525865; -0.00245625209023
25185.89390514899; -0.000209664940604; -0.00246142655987
25189.31967807582; -0.000207197897275; -0.00246738888418
25192.74545100265; -0.000206476323403; -0.00247427993271
25196.17122392948; -0.000205374289313; -0.0024789207824
25199.5969968563; -0.000203890045212; -0.00248560109506
25203.02276978313; -0.000202632264354; -0.00249058711208
25206.44854270996; -0.000200970439094; -0.0024963095178
25209.87431563679; -0.000200437880006; -0.00250165917102
25213.30008856361; -0.000199262482481; -0.00250761145426
25216.72586149044; -0.000198071911047; -0.00251253598748
25220.15163441727; -0.000197281710192; -0.00251753304265
25223.57740734409; -0.000195022121372; -0.00252335981048
25227.00318027092; -0.000194201418157; -0.00252884904148
25230.42895319775; -0.000193184211052; -0.00253468740993
25233.85472612457; -0.000192636711904; -0.00253974292948
25237.2804990514; -0.000190272276505; -0.0025441692141
25240.70627197823; -0.000189114822237; -0.0025510978404
25244.13204490505; -0.000189330355708; -0.0025556365044
25247.55781783188; -0.000187080851802; -0.00256229041899
25250.98359075871; -0.000186509578082; -0.00256621330894
25254.40936368554; -0.000184261283193; -0.00257255108193
25257.83513661236; -0.000183948772179; -0.00257760986361
25261.26090953919; -0.000183098391463; -0.00258220798615
25264.68668246602; -0.000181973601971; -0.00258751725895
25268.11245539285; -0.000180453334661; -0.00259258557922
25271.53822831967; -0.000179872924349; -0.0025983664847
25274.9640012465; -0.000178528234862; -0.00260315155122
25278.38977417333; -0.000177004554196; -0.00260865002943
25281.81554710015; -0.000175631318145; -0.00261430035396
25285.24132002698; -0.000174810209848; -0.00261923507309
25288.66709295381; -0.000174388323191; -0.00262502247304
25292.09286588063; -0.00017254128874; -0.00262990208477
25295.51863880746; -0.000170743608074; -0.00263505546011
25298.94441173429; -0.000170597273055; -0.00264011172667
25302.37018466111; -0.000170603188678; -0.00264421837248
25305.79595758794; -0.000168061272276; -0.00265032753343
25309.22173051477; -0.000167582646884; -0.00265453929428
25312.6475034416; -0.000166137206107; -0.00265981784864
25316.07327636842; -0.000165228195705; -0.00266500923176
25319.49904929525; -0.000164265370147; -0.0026700328497
25322.92482222208; -0.000163607205184; -0.0026748112312
25326.35059514891; -0.000162067928679; -0.00267933781033
25329.77636807573; -0.000161861337643; -0.00268457428732
25333.20214100256; -0.000160629447233; -0.00268959871197
25336.62791392938; -0.000158979534143; -0.00269401478282
25340.05368685621; -0.000157716680674; -0.00269900506536
25343.47945978304; -0.00015722238098; -0.00270411276797
25346.90523270987; -0.000156182659552; -0.00270828012527
25350.33100563669; -0.00015508599677; -0.00271314209182
25353.75677856352; -0.000154265056091; -0.00271842868791
25357.18255149035; -0.000153668860938; -0.00272321769757
25360.60832441718; -0.000152699326207; -0.0027282605784
25364.034097344; -0.000151851671837; -0.00273244522025
25367.45987027083; -0.000150930644263; -0.00273674116238
25370.88564319766; -0.000149474580411; -0.00274162647019
25374.31141612448; -0.000148743041935; -0.00274740123373
25377.73718905131; -0.000147684068616; -0.00275171996958
25381.16296197814; -0.000147783537733; -0.00275588136641
25384.58873490496; -0.000145794348708; -0.00276084448994
25388.01450783179; -0.000145002912682; -0.00276451762624
25391.44028075862; -0.000143909474716; -0.00277067940494
25394.86605368544; -0.000143405662732; -0.00277488422708
25398.29182661227; -0.000141954030328; -0.00277870836299
25401.7175995391; -0.000142436256465; -0.00278312525655
25405.14337246593; -0.00014055256095; -0.00278802394725
25408.56914539275; -0.000139065258805; -0.00279331112865
25411.99491831958; -0.000139185520143; -0.00279720560873
25415.42069124641; -0.000138196440671; -0.00280198155767
25418.84646417324; -0.000138144701468; -0.00280569827674
25422.27223710006; -0.000136319690256; -0.00281136692899
25425.69801002689; -0.000135480695011; -0.00281580749205
25429.12378295372; -0.000135088925093; -0.00281908138485
25432.54955588054; -0.000134265282836; -0.00282386513313
25435.97532880737; -0.000132787710599; -0.0028282790428
25439.4011017342; -0.000132905363592; -0.00283324216303
25442.82687466102; -0.000131525896222; -0.00283798155444
25446.25264758785; -0.000131338006146; -0.00284193187578
25449.67842051468; -0.000130335195324; -0.00284621149806
25453.1041934415; -0.000129444177256; -0.00285108711458
25456.52996636833; -0.000129241550355; -0.00285489171883
25459.95573929516; -0.000127509278548; -0.00285958890733
25463.38151222199; -0.000127166665872; -0.0028641805127
25466.80728514881; -0.000125444113665; -0.00286720656503
25470.23305807564; -0.000125755383892; -0.00287244400134
25473.65883100247; -0.000125643157747; -0.00287637150882
25477.0846039293; -0.000123707557182; -0.00288056861054
25480.51037685612; -0.000123179373618; -0.00288489317893
25483.93614978295; -0.000122251712025; -0.00288938529749
25487.36192270977; -0.000121760874535; -0.00289400445518
25490.7876956366; -0.000121098106197; -0.00289768576213
25494.21346856343; -0.000120020963618; -0.00290227292197
25497.63924149025; -0.000119499833155; -0.00290656339157
25501.06501441708; -0.000118394116859; -0.00291018698192
25504.49078734391; -0.000118273674211; -0.00291399408206
25507.91656027074; -0.000117080590741; -0.00291795089395
25511.34233319756; -0.000116674344769; -0.00292213566088
25514.76810612439; -0.00011608291053; -0.00292636083947
25518.19387905122; -0.000114738441969; -0.00293095403194
25521.61965197805; -0.000114475456511; -0.00293533533845
25525.04542490487; -0.000113968871948; -0.00293894627462
25528.4711978317; -0.000113072996273; -0.0029429705884
25531.89697075853; -0.000112270904863; -0.00294535256413
25535.32274368535; -0.00011186020329; -0.00294919419061
25538.74851661218; -0.000110909621292; -0.00295404689172
25542.17428953901; -0.000110060742982; -0.00295807987078
25545.60006246583; -0.000108830495825; -0.0029621204938
25549.02583539266; -0.000109325589762; -0.00296574057656
25552.45160831949; -0.000108304673141; -0.00297003829742
25555.87738124632; -0.000107113632931; -0.00297461974718
25559.30315417314; -0.000106716607707; -0.00297790496969
25562.72892709997; -0.000106425257766; -0.0029822279689
25566.1547000268; -0.000105086114819; -0.0029864641838
25569.58047295362; -0.000103837453784; -0.00299022931902
25573.00624588045; -0.000103594108222; -0.00299463289247
25576.43201880728; -0.000103547547324; -0.0029975481326
25579.85779173411; -0.000103647377677; -0.0030017213986
25583.28356466093; -0.000102482420763; -0.00300552110432
25586.70933758776; -0.000100760782801; -0.00300916719299
25590.13511051459; -0.000100787561492; -0.00301292561966
25593.56088344141; -0.000100240432349; -0.00301745148994
25596.98665636824; -9.96376857943e-05; -0.00302153511357
25600.41242929507; -9.89540494657e-05; -0.00302629772755
25603.83820222189; -9.85955735629e-05; -0.00303028468326
25607.26397514872; -9.82684371858e-05; -0.00303404387894
25610.68974807555; -9.6869529768e-05; -0.00303821726486
25614.11552100238; -9.65082047475e-05; -0.00304127348055
25617.5412939292; -9.61145945723e-05; -0.00304495614451
25620.96706685603; -9.54317593321e-05; -0.00304896506646
25624.39283978286; -9.50769531742e-05; -0.00305303304656
25627.81861270969; -9.30260758044e-05; -0.00305576912667
25631.24438563651; -9.36191625285e-05; -0.00305995501785
25634.67015856334; -9.35773055445e-05; -0.00306327024032
25638.09593149016; -9.29885459592e-05; -0.00306777537491
25641.52170441699; -9.19107814481e-05; -0.00307203302935
25644.94747734382; -9.09901144174e-05; -0.00307485993291
25648.37325027064; -8.99543960468e-05; -0.00307898115339
25651.79902319747; -9.03312266741e-05; -0.0030813274486
25655.2247961243; -8.90269364574e-05; -0.00308479331339
25658.65056905113; -8.88517044864e-05; -0.0030888564735
25662.07634197795; -8.78873617534e-05; -0.00309298210974
25665.50211490478; -8.78750382692e-05; -0.00309615425839
25668.92788783161; -8.72878141675e-05; -0.00309938511743
25672.35366075844; -8.68830975256e-05; -0.00310398711049
25675.77943368526; -8.57143191726e-05; -0.00310716441391
25679.20520661209; -8.56544062377e-05; -0.00311040358745
25682.63097953892; -8.4820253369e-05; -0.00311468880344
25686.05675246574; -8.51735191972e-05; -0.00311795038376
25689.48252539257; -8.43607598657e-05; -0.00312140279243
25692.9082983194; -8.27772154961e-05; -0.00312415473622
25696.33407124622; -8.36473946499e-05; -0.00312998384193
25699.75984417305; -8.28562686282e-05; -0.00313249360472
25703.18561709988; -8.19231431884e-05; -0.00313595075646
25706.6113900267; -8.16700599487e-05; -0.00313933982422
25710.03716295353; -8.04394547872e-05; -0.00314301892652
25713.46293588036; -8.02817196053e-05; -0.00314807153865
25716.88870880719; -7.95048903268e-05; -0.00315038074287
25720.31448173401; -7.88852819151e-05; -0.00315378932707
25723.74025466084; -7.83583179841e-05; -0.00315777531815
25727.16602758767; -7.80842794443e-05; -0.00316115967185
25730.5918005145; -7.66745911798e-05; -0.0031643709923
25734.01757344132; -7.67028427382e-05; -0.00316811832912
25737.44334636815; -7.5945917514e-05; -0.00317122965867
25740.86911929498; -7.6895413419e-05; -0.00317524999163
25744.2948922218; -7.61386941208e-05; -0.00317790034466
25747.72066514863; -7.56631083101e-05; -0.00318068596902
25751.14643807546; -7.43188045204e-05; -0.00318460631916
25754.57221100228; -7.51707481823e-05; -0.00318828758911
25757.99798392911; -7.32178033688e-05; -0.00319265227415
25761.42375685594; -7.36157277597e-05; -0.00319521122133
25764.84952978276; -7.28664537219e-05; -0.00319878686485
25768.27530270959; -7.18760591543e-05; -0.00320228077042
25771.70107563642; -7.17223207988e-05; -0.00320480396209
25775.12684856325; -7.18378600688e-05; -0.00320790904964
25778.55262149007; -7.10232957883e-05; -0.00321154945877
25781.9783944169; -7.0301288218e-05; -0.00321512232163
25785.40416734373; -7.05131456365e-05; -0.00321838401287
25788.82994027055; -6.88653322696e-05; -0.00322120855555
25792.25571319738; -6.8997483239e-05; -0.00322515304227
25795.68148612421; -6.84979346237e-05; -0.00322863516798
25799.10725905103; -6.85450836835e-05; -0.0032313265216
25802.53303197786; -6.74674338663e-05; -0.00323522270001
25805.95880490469; -6.6753044405e-05; -0.00323793552925
25809.38457783152; -6.69351982443e-05; -0.00324153032227
25812.81035075834; -6.57691288532e-05; -0.00324476303087
25816.23612368517; -6.54125206695e-05; -0.00324741024455
25819.661896612; -6.55829536486e-05; -0.0032506200859
25823.08766953883; -6.44556047351e-05; -0.00325406780181
25826.51344246565; -6.42759776242e-05; -0.00325602910728
25829.93921539248; -6.3937938091e-05; -0.00326067374995
25833.36498831931; -6.44328103317e-05; -0.00326391359488
25836.79076124613; -6.35111506715e-05; -0.00326740232423
25840.21653417296; -6.23685590012e-05; -0.00327053258752
25843.64230709979; -6.20128045989e-05; -0.00327314500908
25847.06808002661; -6.01871989936e-05; -0.0032762718664
25850.49385295344; -6.02320284817e-05; -0.00327929964653
25853.91962588027; -6.04858368856e-05; -0.0032825956385
25857.34539880709; -6.00784888214e-05; -0.00328586470031
25860.77117173392; -6.03583785988e-05; -0.00328840670564
25864.19694466075; -5.99703457343e-05; -0.00329249077436
25867.62271758758; -5.92271794763e-05; -0.00329583247221
25871.0484905144; -5.90807471485e-05; -0.00329822456839
25874.47426344123; -5.80654201469e-05; -0.00330130541959
25877.90003636806; -5.77485321473e-05; -0.00330461115239
25881.32580929489; -5.6837106249e-05; -0.0033079472294
25884.75158222171; -5.65518261636e-05; -0.00330993999709
25888.17735514854; -5.65826236047e-05; -0.00331379578115
25891.60312807537; -5.64174341621e-05; -0.00331739460607
25895.02890100219; -5.5975012211e-05; -0.00332030780325
25898.45467392902; -5.44844855581e-05; -0.00332318282989
25901.88044685584; -5.51997180314e-05; -0.00332532038519
25905.30621978267; -5.45720976589e-05; -0.0033290541702
25908.7319927095; -5.48414982861e-05; -0.00333219096304
25912.15776563633; -5.42367978572e-05; -0.00333547576624
25915.58353856315; -5.31511863106e-05; -0.00333843115217
25919.00931148998; -5.31029526968e-05; -0.00334161085609
25922.43508441681; -5.29604477329e-05; -0.0033440564455
25925.86085734364; -5.23659708351e-05; -0.00334831953471
