% Module: Sweep, ID: c0p1t8p1cfm0
% Devices: DEV646
% Time: 2025/12/08 12:05:10
% Demod 1 Sample X, /dev646/demods/0/sample.X
% Demod 1 Sample Y, /dev646/demods/0/sample.Y
% Frequency (Hz); Demod 1 Sample X  Amplitude (V); Demod 1 Sample Y  Amplitude (V)
25608.57636741981; -0.000124460722275; -0.0233305335359
25610.25403282764; -0.000124683194384; -0.0233675014016
25611.93180814244; -0.000124283941974; -0.0234029427052
25613.60969337142; -0.000124626742422; -0.0234403081929
25615.28768852178; -0.00012476390054; -0.0234758181161
25616.96579360067; -0.000124340120702; -0.0235119367404
25618.64400861539; -0.000124679843028; -0.0235488987727
25620.32233357309; -0.000125963575258; -0.0235847203015
25622.00076848098; -0.000125079172747; -0.0236215367117
25623.67931334625; -0.000124990535401; -0.0236583064875
25625.35796817612; -0.000125579587836; -0.0236953411417
25627.03673297778; -0.000126097093555; -0.0237337436427
25628.71560775845; -0.000126116735375; -0.0237701443861
25630.39459252532; -0.000125763150003; -0.0238083664801
25632.0736872856; -0.000126090167225; -0.0238457007866
25633.75289204645; -0.000126505147399; -0.0238846307936
25635.43220681517; -0.000125959608278; -0.0239222189307
25637.11163159892; -0.000126916600214; -0.0239606590742
25638.79116640491; -0.000127953588526; -0.0239978799115
25640.47081124035; -0.00012708289998; -0.0240360391478
25642.15056611244; -0.000126838291785; -0.0240730140314
25643.83043102838; -0.000127123516639; -0.0241116432112
25645.5104059954; -0.000127937042058; -0.0241510512573
25647.1904910207; -0.000127646243817; -0.0241882177623
25648.87068611144; -0.000127208977324; -0.0242263000859
25650.55099127494; -0.000127994678806; -0.0242660277329
25652.23140651835; -0.000127690226985; -0.0243058956066
25653.91193184887; -0.000128002315839; -0.024345880536
25655.59256727374; -0.000127803714302; -0.0243878098865
25657.27331280016; -0.000128068238552; -0.0244285498866
25658.95416843533; -0.000128656959521; -0.0244699991596
25660.63513418648; -0.000128721884682; -0.0245127755667
25662.31621006082; -0.000128914062511; -0.0245534920566
25663.99739606552; -0.000129378751243; -0.0245966703369
25665.67869220788; -0.000130195064086; -0.024638900475
25667.36009849507; -0.000130217680333; -0.0246811622261
25669.04161493432; -0.000129718516801; -0.0247242027868
25670.72324153283; -0.00013066987504; -0.0247683964384
25672.40497829782; -0.000130602591153; -0.0248134884975
25674.08682523651; -0.000130193579142; -0.0248573526703
25675.76878235612; -0.000131111694905; -0.0249010097946
25677.45084966386; -0.00013126308792; -0.0249462843245
25679.13302716696; -0.000131464604036; -0.0249897611861
25680.81531487258; -0.000131733215421; -0.025035734996
25682.49771278804; -0.000132590764317; -0.0250826803322
25684.18022092052; -0.000132172016475; -0.0251289187557
25685.86283927723; -0.000132656364641; -0.0251740733883
25687.54556786539; -0.000132549063874; -0.025220165398
25689.22840669223; -0.000133423493396; -0.0252659297277
25690.91135576497; -0.000133291472583; -0.025312998561
25692.59441509082; -0.000133981059304; -0.0253592120216
25694.27758467702; -0.000134332934343; -0.0254070696553
25695.96086453073; -0.000134826864417; -0.02545542651
25697.64425465929; -0.000134959788551; -0.0255039869389
25699.32775506986; -0.000134791200983; -0.025552599289
25701.01136576967; -0.000134786131295; -0.0256009151396
25702.69508676594; -0.000136108033456; -0.0256496910565
25704.37891806591; -0.000135529799483; -0.025697925863
25706.06285967679; -0.000136198671754; -0.0257477173208
25707.74691160581; -0.00013661917493; -0.0257970018997
25709.4310738602; -0.000136673001162; -0.0258475498418
25711.11534644719; -0.000137038485858; -0.0258990980157
25712.79972937396; -0.00013725728476; -0.025949542961
25714.48422264783; -0.000137542349073; -0.0260016966138
25716.16882627599; -0.000137845798419; -0.0260519295322
25717.85354026565; -0.000138840258506; -0.0261038949987
25719.53836462406; -0.000138514590689; -0.0261529859189
25721.22329935844; -0.000138641545968; -0.0262040537106
25722.90834447603; -0.000139374699929; -0.0262566462492
25724.59349998406; -0.000139733672224; -0.0263063142945
25726.27876588975; -0.000139920063508; -0.026358474531
25727.96414220029; -0.000140074290486; -0.0264097722176
25729.64962892301; -0.000140286934762; -0.0264632606422
25731.3352260651; -0.000140780409367; -0.0265179972399
25733.02093363379; -0.000140398980905; -0.0265713130675
25734.70675163632; -0.000141190061157; -0.0266266161681
25736.39268007991; -0.000141172099361; -0.0266808815569
25738.07871897181; -0.000141951266365; -0.0267357610381
25739.76486831925; -0.00014151229531; -0.0267912510917
25741.45112812946; -0.000142815528742; -0.0268472002863
25743.13749840963; -0.000142966900679; -0.0269025281093
25744.82397916711; -0.000143519278051; -0.0269585307426
25746.51057040907; -0.000143700857728; -0.0270157458309
25748.19727214276; -0.000143799087981; -0.027072698547
25749.88408437541; -0.000144263489862; -0.0271311213562
25751.57100711426; -0.000144478231399; -0.0271891646053
25753.25804036656; -0.000144959323212; -0.0272455702793
25754.94518413954; -0.000145542162174; -0.0273029425892
25756.63243844044; -0.000145429106093; -0.0273643235979
25758.31980327651; -0.000145748481513; -0.0274227174887
25760.00727865492; -0.000146790383972; -0.0274829088904
25761.69486458304; -0.000147049262756; -0.0275426634087
25763.38256106804; -0.000147974177694; -0.0276049903463
25765.07036811718; -0.000147193435359; -0.0276660354362
25766.75828573769; -0.000148160973754; -0.0277271786521
25768.44631393682; -0.000149058276142; -0.0277890445126
25770.13445272182; -0.000149464563268; -0.0278512113369
25771.82270209992; -0.000149965727368; -0.0279136155818
25773.51106207837; -0.000150337112686; -0.0279770680832
25775.19953266437; -0.00015033101383; -0.0280407264712
25776.88811386527; -0.000150870753636; -0.028104517809
25778.57680568826; -0.000150828291028; -0.0281694248665
25780.26560814059; -0.00015191233286; -0.0282333016575
25781.9545212295; -0.000151671447641; -0.0282992876052
25783.64354496224; -0.000152678223828; -0.0283646332293
25785.33267934607; -0.000152848190724; -0.0284309371213
25787.02192438823; -0.00015353174882; -0.0284974635858
25788.71128009597; -0.000153945485745; -0.0285660275993
25790.40074647655; -0.000154606839601; -0.028635513622
25792.09032353714; -0.000154546559122; -0.0287029282105
25793.78001128513; -0.000155502763585; -0.0287714401577
25795.46980972769; -0.000156033115411; -0.0288408791055
25797.1597188721; -0.00015592191928; -0.0289101486486
25798.84973872558; -0.000157254162281; -0.0289802497595
25800.53986929541; -0.000157267708091; -0.0290518686544
25802.23011058883; -0.000156753028259; -0.0291218659149
25803.9204626131; -0.000158873613627; -0.0291943495618
25805.61092537547; -0.000158486737702; -0.0292661156306
25807.30149888314; -0.000159267637808; -0.0293393478834
25808.99218314348; -0.000160076271696; -0.0294122985145
25810.68297816368; -0.00016037545598; -0.0294866250912
25812.37388395101; -0.000161282041117; -0.0295619275262
25814.06490051271; -0.000161801724405; -0.0296378212655
25815.75602785605; -0.000162533337267; -0.0297131710757
25817.44726598829; -0.00016333049199; -0.0297894490686
25819.13861491667; -0.000163805902952; -0.0298641166448
25820.83007464847; -0.000164013792929; -0.029943817312
25822.52164519088; -0.000164791640838; -0.0300226078633
25824.21332655127; -0.000165294217804; -0.0301034343824
25825.90511873686; -0.000166472133211; -0.0301825016559
25827.59702175489; -0.000166971896137; -0.0302632581478
25829.28903561263; -0.000167281113104; -0.0303449859305
25830.98116031734; -0.000167880653382; -0.0304271301568
25832.67339587628; -0.000169530833783; -0.030509613343
25834.36574229672; -0.000169648501853; -0.0305931402914
25836.05819958592; -0.000170355209588; -0.030678902024
25837.75076775113; -0.000171047810122; -0.0307616390168
25839.44344679958; -0.000171329277615; -0.0308473522359
25841.13623673864; -0.000172581149388; -0.0309335129269
25842.8291375755; -0.000173599232814; -0.0310196219347
25844.52214931744; -0.000174044748656; -0.0311065690422
25846.21527197173; -0.000175040550531; -0.0311944650131
25847.90850554562; -0.000176259253599; -0.0312831794667
25849.6018500464; -0.000176224426947; -0.0313726155255
25851.29530548132; -0.00017693586075; -0.0314625714084
25852.98887185764; -0.000178041577431; -0.0315543925422
25854.6825491826; -0.000179064560696; -0.0316445490172
25856.37633746355; -0.000179921477429; -0.0317364519325
25858.07023670772; -0.000180139617784; -0.0318290293252
25859.76424692238; -0.000181822297112; -0.0319228536808
25861.4583681148; -0.000181761441779; -0.0320165557877
25863.15260029224; -0.000183240159339; -0.0321124659345
25864.84694346198; -0.000184080330063; -0.0322092336961
25866.54139763128; -0.000184732660636; -0.0323067438021
25868.23596280743; -0.000185134132462; -0.032404925439
25869.93063899763; -0.000186619651813; -0.0325051900127
25871.62542620928; -0.000186833940343; -0.0326071254691
25873.32032444958; -0.000188633795272; -0.0327095834396
25875.01533372581; -0.000189494078822; -0.0328104471783
25876.71045404525; -0.000189711298164; -0.0329126834764
25878.40568541517; -0.000191275984494; -0.0330173689345
25880.10102784285; -0.000192194384492; -0.033124003661
25881.79648133556; -0.000193240238854; -0.0332296802481
25883.49204590058; -0.000194276976855; -0.0333378213765
25885.18772154518; -0.000196682793154; -0.0334489541097
25886.88350827659; -0.000196767544906; -0.0335574127839
25888.5794061022; -0.000198707827615; -0.0336691068908
25890.27541502921; -0.00019967889429; -0.0337799239582
25891.97153506492; -0.000200777866413; -0.0338924764767
25893.66776621661; -0.000201870738371; -0.0340055447029
25895.36410849155; -0.000202833177; -0.0341202969124
25897.06056189703; -0.000204173160497; -0.034235582594
25898.75712644032; -0.000205486993004; -0.0343537813863
25900.4538021287; -0.000206548234586; -0.0344710481965
25902.15058896941; -0.000207473777533; -0.0345886163636
25903.84748696983; -0.000209088661275; -0.0347055957926
25905.54449613719; -0.000210437459975; -0.0348249770816
25907.24161647876; -0.000211946253351; -0.0349467660077
25908.93884800185; -0.00021250045721; -0.0350691298295
25910.63619071373; -0.000213633699131; -0.0351943507667
25912.33364462168; -0.000216222443742; -0.0353202666137
25914.03120973299; -0.000217163925994; -0.0354472020046
25915.72888605494; -0.00021856003291; -0.0355752610763
25917.42667359483; -0.000219802599781; -0.0357058332804
25919.12457235987; -0.00022218700262; -0.0358386135204
25920.82258235747; -0.00022271799707; -0.0359704508359
25922.52070359486; -0.000225303474788; -0.03610562376
25924.21893607932; -0.000226687165065; -0.0362414938846
25925.91727981816; -0.000227930463485; -0.0363783741237
25927.61573481864; -0.000229724609563; -0.0365152539533
25929.31430108807; -0.000231599583029; -0.0366563078754
25931.01297863372; -0.000233490295797; -0.0367976029583
25932.7117674629; -0.000234741508485; -0.036941639657
25934.41066758284; -0.00023682685581; -0.0370878959742
25936.10967900093; -0.000238902270992; -0.0372337548212
25937.80880172442; -0.000240451816491; -0.0373833272455
25939.50803576059; -0.000242775878849; -0.0375327405735
25941.20738111674; -0.000244981641591; -0.0376891778979
25942.90683780016; -0.000246819262907; -0.0378423062484
25944.60640581815; -0.000249141712781; -0.0379964854579
25946.306085178; -0.000250945114145; -0.0381539701585
25948.00587588699; -0.000252368133909; -0.0383111000126
25949.70577795239; -0.000255088195323; -0.0384699041915
25951.40579138157; -0.00025671171365; -0.038632719041
25953.10591618179; -0.000259909533521; -0.0387962017755
25954.80615236035; -0.000261789243055; -0.0389620598147
25956.50649992454; -0.000264138509621; -0.0391306411204
25958.20695888165; -0.000266154385336; -0.0392997460984
25959.90752923899; -0.000269100540527; -0.0394706117141
25961.60821100386; -0.000270808277213; -0.0396430475447
25963.30900418354; -0.000273598581403; -0.0398189100593
25965.00990878535; -0.00027578732967; -0.0399927325827
25966.71092481652; -0.000278893121839; -0.0401693007934
25968.41205228446; -0.000281277717988; -0.040347559039
25970.11329119643; -0.00028403635757; -0.0405280877247
25971.81464155971; -0.000286003465279; -0.0407100972958
25973.51610338162; -0.00028874593586; -0.0408945551684
25975.21767666946; -0.000292373408885; -0.0410836200259
25976.91936143052; -0.000294478208258; -0.0412770335489
25978.62115767211; -0.000297523739179; -0.0414726175721
25980.32306540153; -0.000300585423947; -0.0416693942675
25982.02508462604; -0.000304081083854; -0.0418681125384
25983.72721535304; -0.000306819414376; -0.0420703858183
25985.42945758979; -0.000309346387948; -0.0422732767746
25987.13181134358; -0.000313729116173; -0.0424795592088
25988.83427662174; -0.000316304190203; -0.0426874612005
25990.53685343156; -0.000319674100463; -0.0428999502515
25992.23954178035; -0.000323256717152; -0.0431150567979
25993.94234167541; -0.000326272824345; -0.0433318640703
25995.64525312406; -0.000330020970328; -0.0435516519674
25997.3482761336; -0.000333306259299; -0.0437745404251
25999.05141071129; -0.000337582874081; -0.0440037752287
26000.75465686454; -0.000341209587402; -0.0442346061906
26002.45801460061; -0.000345285006995; -0.0444687147664
26004.16148392681; -0.000349392774667; -0.044704845653
26005.86506485045; -0.000353333491254; -0.0449459928831
26007.56875737884; -0.000357544316941; -0.0451886340738
26009.27256151929; -0.000362279310133; -0.0454363434159
26010.97647727912; -0.000366502365687; -0.0456855500268
26012.68050466563; -0.000371356601895; -0.0459384140025
26014.38464368609; -0.000375385576438; -0.0461980632053
26016.08889434792; -0.000380406792345; -0.0464577521588
26017.79325665837; -0.000385497793405; -0.0467258172265
26019.49773062476; -0.000390943675239; -0.0469975229615
26021.20231625441; -0.000394698598012; -0.0472712736799
26022.90701355463; -0.000399600726983; -0.0475479926149
26024.61182253274; -0.000405593779345; -0.0478340917351
26026.31674319605; -0.000410862618567; -0.0481193175654
26028.02177555188; -0.000417146528403; -0.0484120702978
26029.72691960749; -0.000423173344634; -0.0487048233358
26031.43217537032; -0.000428172608149; -0.0490046877071
26033.13754284761; -0.000434519700351; -0.0493100122908
26034.84302204669; -0.000440809129342; -0.0496171895234
26036.54861297489; -0.000446843297832; -0.0499317594413
26038.25431563951; -0.000454245818918; -0.0502522189777
26039.96013004789; -0.000460096380547; -0.0505764782618
26041.66605620733; -0.000467055975213; -0.0509043647668
26043.37209412517; -0.00047413915511; -0.0512394005517
26045.07824380872; -0.000480992461561; -0.0515796373655
26046.78450526526; -0.000489211276798; -0.0519306135259
26048.4908785022; -0.000496334686963; -0.052288523441
26050.19736352682; -0.000505362679019; -0.0526487662319
26051.90396034645; -0.000513069279074; -0.0530144554622
26053.61066896841; -0.000521502806847; -0.0533871568185
26055.31748940001; -0.000529928593279; -0.053761186639
26057.0244216486; -0.000539544522523; -0.0541446301526
26058.73146572148; -0.000547562598808; -0.0545327975887
26060.438621626; -0.000556829747673; -0.0549263672271
26062.14588936942; -0.000565810087431; -0.0553273702815
26063.85326895917; -0.00057451590118; -0.0557351992623
26065.56076040253; -0.000585635167492; -0.0561507631874
26067.26836370683; -0.000596229137588; -0.0565763256718
26068.97607887938; -0.000606688468141; -0.0570111153104
26070.68390592754; -0.000616789865645; -0.0574501279726
26072.39184485862; -0.00062761737001; -0.0579017333523
26074.09989567994; -0.000639317539024; -0.0583604805873
26075.80805839885; -0.000651947240659; -0.0588302647315
26077.51633302268; -0.000663823159498; -0.0593075244071
26079.22471955869; -0.000677330058463; -0.0597979180852
26080.93321801433; -0.000689495589373; -0.0602968327225
26082.64182839688; -0.000703184515407; -0.060806649153
26084.35055071367; -0.000717552062928; -0.0613191893343
26086.05938497203; -0.000732115494562; -0.061843950092
26087.7683311793; -0.000746979373037; -0.0623814072232
26089.47738934281; -0.000762264010384; -0.0629305017928
26091.18655946989; -0.000778272821563; -0.0634937662854
26092.89584156789; -0.000794541977239; -0.0640721567484
26094.60523564408; -0.000811713815381; -0.0646595519905
26096.3147417059; -0.000829321104681; -0.0652556504861
26098.02435976064; -0.000846991583349; -0.0658644595659
26099.73408981563; -0.000865978245864; -0.0664835753887
26101.44393187822; -0.000885116166161; -0.0671194827859
26103.15388595573; -0.000905446378995; -0.0677735146391
26104.86395205552; -0.000926393619818; -0.0684418365297
26106.5741301849; -0.000947290765616; -0.0691180312027
26108.28442035124; -0.000970091815448; -0.0698095933819
26109.99482256181; -0.000992434193174; -0.0705204476194
26111.70533682406; -0.00101723720229; -0.0712453249838
26113.41596314527; -0.00104095117897; -0.0719889593836
26115.12670153279; -0.0010672520383; -0.072754868576
26116.83755199397; -0.00109462811073; -0.0735444196508
26118.54851453613; -0.00112247919373; -0.0743513687652
26120.25958916663; -0.00115162747607; -0.0751783898008
26121.9707758928; -0.00118171943854; -0.0760311836225
26123.682074722; -0.00121468951923; -0.0769102976838
26125.39348566156; -0.0012474592609; -0.0778114953743
26127.10500871878; -0.00128194070316; -0.0787435571388
26128.8166439011; -0.00131890998227; -0.0797008504539
26130.52839121583; -0.00135664175492; -0.0806777674407
26132.2402506703; -0.00139527212998; -0.0816854848286
26133.95222227187; -0.00143684793121; -0.0827203527375
26135.66430602788; -0.00147988526453; -0.0837910525699
26137.37650194567; -0.00152524656813; -0.0848842959818
26139.0888100326; -0.00157217691497; -0.0860172656726
26140.80123029601; -0.00162154688775; -0.0871872422085
26142.5137627432; -0.00167395710345; -0.0883846572296
26144.22640738162; -0.00172857028054; -0.0896231759963
26145.93916421858; -0.00178564994919; -0.0909074785882
26147.65203326142; -0.00184627981037; -0.0922321204908
26149.36501451749; -0.00190979868469; -0.0936034799774
26151.07810799415; -0.00197667696381; -0.0950187060197
26152.79131369874; -0.0020460750154; -0.0964747359832
26154.50463163862; -0.00212102713091; -0.0979820772163
26156.21806182114; -0.00219931103368; -0.0995444258665
26157.93160425366; -0.00228191539131; -0.101169886257
26159.64525894347; -0.00236866890291; -0.102853234986
26161.35902589803; -0.00245919042608; -0.104583754157
26163.07290512465; -0.00255692086763; -0.106386591767
26164.78689663069; -0.00266012445857; -0.108255241687
26166.50100042349; -0.00277061952708; -0.110210263175
26168.21521651041; -0.00288709333813; -0.112238194226
26169.92954489881; -0.00301097586874; -0.114354241324
26171.64398559606; -0.0031444694673; -0.116561529596
26173.35853860949; -0.00328520284007; -0.118869731951
26175.07320394643; -0.00343708337932; -0.121277136955
26176.78798161433; -0.00359990196482; -0.12379979129
26178.5028716205; -0.00377471543795; -0.126442694913
26180.2178739723; -0.00396097941105; -0.129206622595
26181.93298867709; -0.00416204416273; -0.132102648701
26183.64821574223; -0.0043782302988; -0.135147384158
26185.36355517508; -0.00461254806229; -0.138349938031
26187.07900698301; -0.00486640048969; -0.141728723376
26188.79457117337; -0.00514225924461; -0.145289674268
26190.51024775347; -0.00544090148327; -0.149047181695
26192.22603673079; -0.00576645255374; -0.153016008209
26193.94193811262; -0.00611987238061; -0.157205672506
26195.65795190635; -0.00650713129055; -0.161660242578
26197.37407811933; -0.0069333398198; -0.166400096016
26199.09031675892; -0.00740194046644; -0.17143913228
26200.8066678325; -0.00791695100024; -0.176814966129
26202.52313134742; -0.00848827562525; -0.182542920295
26204.23970731105; -0.00912022981683; -0.188669247954
26205.95639573077; -0.00982654531031; -0.195254167416
26207.67319661388; -0.0106166449632; -0.202363798189
26209.39010996786; -0.0115198521447; -0.210138524904
26211.10713580002; -0.0125384055557; -0.218543443029
26212.82427411773; -0.0136878240016; -0.227646092614
26214.54152492836; -0.0149968260046; -0.237550110245
26216.25888823928; -0.0165080489154; -0.248434677851
26217.97636405787; -0.0182497822111; -0.260389435644
26219.69395239148; -0.0202896669576; -0.273639080699
26221.4116532475; -0.02264832308; -0.288152710131
26223.12946663324; -0.0254201310481; -0.30423490747
26224.84739255618; -0.0287561568163; -0.322434185577
26226.56543102363; -0.0327631468137; -0.342919040412
26228.28358204298; -0.0376675293597; -0.366280923902
26230.00184562159; -0.0437525709863; -0.393184137937
26231.72022176685; -0.0514514074057; -0.424523438213
26233.43871048611; -0.0613591947024; -0.461391706537
26235.15731178676; -0.0743419463425; -0.505133989013
26236.87602567618; -0.0918445948236; -0.557709396412
26238.59485216173; -0.11655062866; -0.622551871613
26240.31379125075; -0.151632210605; -0.70161303087
26242.03284295072; -0.204247678889; -0.800137589299
26243.75200726895; -0.275610338116; -0.886587348085
26245.47128421283; -0.362853023215; -0.916738141273
26247.19067378974; -0.487423558884; -0.903999834927
26248.91017600706; -0.66665264237; -0.81560359
26250.62979087215; -0.932109971955; -0.520918305213
26252.34951839242; -1.0657168323; 0.108861571943
26254.06935857522; -0.851984332464; 0.637434020743
26255.7893114279; -0.597873523486; 0.857487965255
26257.50937695794; -0.437299297261; 0.913813370828
26259.22955517267; -0.332480278248; 0.906631680351
26260.94984607946; -0.255165818311; 0.855325752982
26262.67024968571; -0.188201059599; 0.747306196529
26264.3907659988; -0.142843794734; 0.654523139619
26266.1113950261; -0.111818242203; 0.580248772088
26267.83213677501; -0.0897823799604; 0.520076551128
26269.55299125291; -0.0736398155312; 0.470606579042
26271.27395846713; -0.0615296389351; 0.429511762177
26272.99503842516; -0.0521234765487; 0.394505313172
26274.71623113433; -0.0447272530886; 0.364561461445
26276.43753660204; -0.0388273457886; 0.338782929067
26278.15895483566; -0.0340272297377; 0.316264558072
26279.88048584259; -0.0300669836842; 0.296401568213
26281.60212963022; -0.0267596699942; 0.278760216533
26283.32388620593; -0.0239786115368; 0.26303940849
26285.04575557711; -0.0216152498528; 0.24892938054
26286.76773775115; -0.0195912191205; 0.236184396525
26288.48983273539; -0.0178416908641; 0.224614632703
26290.21204053732; -0.0163207524383; 0.214094258012
26291.93436116429; -0.0149877260978; 0.204434571347
26293.65679462368; -0.0138140551785; 0.195581745495
26295.37934092288; -0.0127787047424; 0.187433343057
26297.10200006929; -0.0118588400789; 0.179907046043
26298.8247720703; -0.0110388167735; 0.172951807256
26300.54765693331; -0.0103036519464; 0.1664747999
26302.27065466571; -0.00964090981851; 0.160444806498
26303.99376527483; -0.00904401181419; 0.154825236591
26305.71698876818; -0.00850233905381; 0.149553192607
26307.44032515311; -0.00800753489822; 0.144599669989
26309.163774437; -0.00755751972827; 0.139944781647
26310.88733662726; -0.00714480918624; 0.135556055116
26312.61101173128; -0.00676728240022; 0.131425264932
26314.33479975645; -0.00642302630334; 0.12754528695
26316.05870071019; -0.0061018181363; 0.123841250052
26317.78271459987; -0.00580500929012; 0.120327149538
26319.50684143291; -0.0055311931383; 0.116990545773
26321.23108121664; -0.0052780972562; 0.113834157127
26322.95543395858; -0.00504242665056; 0.110825279541
26324.67989966608; -0.00482283145137; 0.107960659195
26326.40447834652; -0.00461843443251; 0.10523083923
26328.12917000732; -0.00442732927246; 0.102624051603
26329.85397465587; -0.00424759986155; 0.100116541675
26331.57889229957; -0.00407968024938; 0.0977255137054
26333.30392294584; -0.00392138771192; 0.0954228965003
26335.02906660207; -0.00377420322815; 0.0932317500354
26336.75432327561; -0.00363558105408; 0.0911380242853
26338.47969297398; -0.00350449867421; 0.0891221512273
26340.20517570451; -0.00338107519594; 0.0871854899951
26341.93077147463; -0.00326514414628; 0.0853240811206
26343.65648029173; -0.00315555417965; 0.0835325217605
26345.38230216322; -0.00305128990022; 0.0818069326902
26347.10823709651; -0.00295274155848; 0.0801469488562
26348.834285099; -0.00285940317682; 0.0785341818428
26350.5604461781; -0.00276929624905; 0.0769749999688
26352.28672034117; -0.00268524255828; 0.075467314363
26354.01310759571; -0.00260451881142; 0.0740167296821
26355.7396079491; -0.00252853973151; 0.0726122676822
26357.46622140873; -0.00245497225936; 0.0712546930646
26359.19294798201; -0.00238594035101; 0.0699406623417
26360.91978767636; -0.00231976844716; 0.0686690899497
26362.64674049919; -0.00225616755097; 0.0674350659064
26364.3738064579; -0.00219576667508; 0.0662496164068
26366.10098555991; -0.00213820599062; 0.0650995030704
26367.82827781264; -0.00208329075097; 0.0639778160795
26369.55568322343; -0.00203060128673; 0.0628855101508
26371.28320179982; -0.00197994504515; 0.0618239215523
26373.01083354915; -0.00193054328907; 0.060792164493
26374.73857847885; -0.00188422640594; 0.0597900916548
26376.46643659633; -0.001838766086; 0.0588171644878
26378.19440790901; -0.00179639898981; 0.0578747096572
26379.9224924243; -0.00175490281026; 0.0569594174724
26381.65069014961; -0.00171542421944; 0.056064938763
26383.37900109236; -0.00167726407196; 0.0551912518078
26385.10742525992; -0.00164041394394; 0.0543430717259
26386.83596265982; -0.00160595968469; 0.0535146818258
26388.56461329941; -0.00157161102287; 0.0527044480497
26390.29337718612; -0.00153863417955; 0.0519175692041
26392.02225432735; -0.0015060653366; 0.0511499302687
26393.75124473055; -0.00147577572945; 0.0504009512401
26395.48034840311; -0.00144609370393; 0.0496683412337
26397.20956535247; -0.00141825931624; 0.0489590989483
26398.93889558604; -0.00139016547838; 0.0482636146723
26400.66833911119; -0.00136392163779; 0.0475838012681
26402.39789593546; -0.00133791145854; 0.0469188805628
26404.12756606621; -0.00131301716165; 0.0462658455331
26405.85734951086; -0.00128924530853; 0.0456286280225
26407.58724627683; -0.00126583575822; 0.0450031251691
26409.31725637156; -0.00124274582732; 0.0443944244754
26411.04737980247; -0.00122150786203; 0.0437984837958
26412.77761657696; -0.00120022414985; 0.0432164111601
26414.50796670249; -0.0011788730694; 0.0426444545041
26416.23843018647; -0.00115943706106; 0.0420836512181
26417.96900703627; -0.00113959588816; 0.041537451191
26419.69969725943; -0.00112075813716; 0.0410013350618
26421.43050086332; -0.00110302500498; 0.0404766281078
26423.16141785537; -0.00108496046036; 0.0399613777182
26424.89244824301; -0.00106809091293; 0.0394550684898
26426.62359203367; -0.0010514499247; 0.0389592375209
26428.35484923476; -0.00103545300661; 0.0384745912601
26430.08621985374; -0.00101909867564; 0.037998244814
26431.81770389802; -0.00100346861565; 0.0375345289962
26433.54930137498; -0.000989091042682; 0.037079013773
26435.28101229216; -0.00097466225413; 0.0366319382609
26437.01283665694; -0.000960375239455; 0.0361923278413
26438.74477447676; -0.000946400739793; 0.0357621398839
26440.47682575904; -0.000932932484074; 0.0353375308431
26442.20899051121; -0.000920023516902; 0.0349213974508
26443.94126874072; -0.000907707419759; 0.0345112135887
26445.67366045498; -0.000895255520825; 0.0341110484877
26447.40616566145; -0.000883524158671; 0.0337195433419
26449.13878436755; -0.000871630092956; 0.0333317321057
26450.87151658068; -0.000860378022435; 0.032953200384
26452.60436230835; -0.000848926231054; 0.0325793782312
26454.33732155797; -0.000838771417939; 0.0322119666492
26456.07039433698; -0.000827631574871; 0.0318504087073
26457.8035806528; -0.000817856561733; 0.0314963343922
26459.53688051287; -0.000807697560712; 0.0311484441291
26461.27029392463; -0.000797254193464; 0.030805380348
26463.00382089553; -0.000787165580835; 0.0304678188806
26464.737461433; -0.000778750341786; 0.0301347952913
26466.47121554443; -0.000769261035201; 0.0298068882104
26468.20508323737; -0.000759879336465; 0.0294837590207
26469.9390645192; -0.000751449569284; 0.0291669257436
26471.67315939736; -0.000742101002176; 0.0288531443743
26473.4073678793; -0.000734351546661; 0.0285464942865
26475.14168997246; -0.000725487718648; 0.0282459642722
26476.87612568428; -0.000717602861886; 0.0279491354539
26478.61067502221; -0.000709933464364; 0.0276582014069
26480.34533799369; -0.000703033279087; 0.0273706226513
26482.0801146061; -0.000695107518278; 0.0270854455766
26483.81500486701; -0.000688146000046; 0.0268046051427
26485.5500087838; -0.00068105960195; 0.0265290502444
26487.28512636392; -0.000673733466958; 0.0262563759308
26489.02035761482; -0.00066657069746; 0.0259885912702
26490.75570254394; -0.000659694796608; 0.0257226931712
26492.49116115873; -0.000653354556043; 0.025462416398
26494.22673346664; -0.000646333724193; 0.0252065654626
26495.96241947511; -0.000639842246692; 0.0249532304112
26497.6982191916; -0.000633872040734; 0.0247028934676
26499.43413262349; -0.000627651409266; 0.0244559093113
26501.17015977836; -0.000621259471807; 0.0242122098154
26502.90630066359; -0.000615513671062; 0.0239716697238
26504.64255528663; -0.00060971091704; 0.0237350325805
26506.37892365494; -0.00060399388563; 0.0235010662737
26508.11540577596; -0.000598451093177; 0.0232715070631
26509.85200165716; -0.00059303584732; 0.0230453066137
26511.58871130598; -0.00058796989508; 0.0228206742097
26513.32553472987; -0.00058318658458; 0.0226007582594
26515.06247193623; -0.000577536608746; 0.0223810477709
26516.79952293264; -0.000572675213436; 0.0221683243719
26518.53668772648; -0.0005677717266; 0.0219550095754
26520.27396632521; -0.000563231345809; 0.0217448844633
26522.0113587363; -0.000558443797864; 0.0215407074468
26523.74886496718; -0.000553032901146; 0.0213380771179
26525.48648502533; -0.000548811424384; 0.0211367914449
26527.2242189182; -0.000544465310299; 0.0209386048969
26528.96206665324; -0.000540017756915; 0.0207424050532
26530.70002823791; -0.000535079833586; 0.0205478078767
26532.43810367962; -0.000531205080636; 0.0203565004081
26534.17629298594; -0.000526616810929; 0.0201671903931
26535.91459616426; -0.000523742429458; 0.0199817370678
26537.65301322206; -0.000519573731683; 0.0197960896537
26539.39154416679; -0.00051500900616; 0.0196143385238
26541.13018900591; -0.000511018430012; 0.0194336880187
26542.86894774688; -0.000506873502501; 0.0192551919179
26544.60782039717; -0.000503684721528; 0.0190786666992
26546.34680696423; -0.000499915928556; 0.0189047410638
26548.08590745548; -0.000495804457985; 0.0187319637594
26549.82512187849; -0.000491887173503; 0.0185615637221
26551.56445024066; -0.000488668174943; 0.0183935655915
26553.30389254947; -0.000485587773061; 0.0182272817673
26555.04344881238; -0.000482002551564; 0.018062761802
26556.78311903685; -0.000478740726622; 0.0178991320947
26558.52290323034; -0.000475215412446; 0.0177391419791
26560.26280140033; -0.000471641380417; 0.017580709389
26562.00281355428; -0.000468603837687; 0.0174239732849
26563.7429396996; -0.000465552111215; 0.0172665484159
26565.48317984388; -0.000462678253521; 0.0171135120125
26567.22353399452; -0.000459213607675; 0.0169617843219
26568.96400215899; -0.000456339245051; 0.0168108204306
26570.70458434477; -0.000453834642029; 0.0166620748149
26572.44528055932; -0.000450248271132; 0.0165148222666
26574.18609081011; -0.000447352043579; 0.0163697574464
26575.92701510461; -0.000444322265268; 0.0162262827299
26577.6680534503; -0.000441972294615; 0.0160833405207
26579.40920585464; -0.000438990661301; 0.0159420609557
26581.15047232506; -0.000437154777318; 0.0158023496784
26582.89185286913; -0.000434105208569; 0.0156646495764
26584.63334749428; -0.000431472018629; 0.0155281690874
26586.37495620798; -0.000428813116398; 0.0153921921646
26588.11667901769; -0.000426320267007; 0.0152590810156
26589.85851593091; -0.000424102189089; 0.015126545762
26591.60046695509; -0.000420399874223; 0.0149956119377
26593.34253209773; -0.000418562230446; 0.0148655551809
26595.08471136628; -0.000416691450732; 0.0147369375112
26596.82700476819; -0.000413860852735; 0.0146100969984
26598.56941231102; -0.000411473742781; 0.0144837042441
26600.31193400221; -0.000409022074825; 0.0143582227936
26602.05456984923; -0.000407006096032; 0.0142352302968
26603.79731985956; -0.000405005579076; 0.0141133611571
26605.54018404069; -0.00040255247533; 0.0139915959189
26607.28316240008; -0.000400422193208; 0.0138722137015
26609.02625494522; -0.000398211080082; 0.0137542544989
26610.7694616836; -0.000396212296535; 0.0136372788417
26612.51278262269; -0.00039372128917; 0.0135207777094
26614.25621776991; -0.00039173433587; 0.0134052425661
26615.99976713286; -0.00038991436496; 0.0132911764237
26617.74343071898; -0.000387482132206; 0.0131783530613
26619.48720853573; -0.000385419371589; 0.0130668380947
26621.2311005906; -0.000383790719882; 0.0129550752035
26622.97510689109; -0.000381749415726; 0.0128460869923
26624.71922744466; -0.000379754742392; 0.0127361686726
26626.46346225882; -0.000377591072407; 0.0126288255666
26628.20781134104; -0.000376363967834; 0.0125208482705
26629.95227469875; -0.000374204741374; 0.0124150343956
26631.69685233954; -0.000373133891885; 0.012309683182
26633.44154427087; -0.000371119988275; 0.0122059920435
26635.1863505002; -0.000368394709248; 0.01210320076
26636.93127103503; -0.000367443067081; 0.0120003452991
26638.67630588284; -0.000365421110126; 0.011899121658
26640.42145505113; -0.000364443360124; 0.011798720766
26642.16671854738; -0.00036249259011; 0.0116996215894
26643.91209637909; -0.000360454807928; 0.0115999735592
26645.65758855368; -0.000359357257518; 0.0115016677051
26647.40319507877; -0.00035707420967; 0.0114046954333
26649.14891596178; -0.000355653614018; 0.0113074294508
26650.89475121021; -0.000353605123837; 0.011211624949
26652.64070083155; -0.000352253886178; 0.0111175909727
26654.38676483329; -0.000350686034495; 0.0110229280799
26656.13294322292; -0.000349427746091; 0.0109307863167
26657.87923600795; -0.00034757856884; 0.0108392382197
26659.62564319586; -0.000346818166182; 0.0107482000804
26661.37216479416; -0.000345407578212; 0.0106563770132
26663.11880081027; -0.000343824359847; 0.0105673699827
26664.8655512518; -0.000342482454861; 0.0104782946561
26666.61241612621; -0.000340917536758; 0.0103890132991
26668.35939544097; -0.000339486533496; 0.0103008926417
26670.10648920359; -0.00033786819309; 0.0102140734507
26671.85369742157; -0.000336624937747; 0.0101269090174
26673.60102010241; -0.00033558995631; 0.0100418274518
26675.3484572536; -0.000333892460463; 0.00995779424264
26677.09600888265; -0.000332031681046; 0.00987329964732
26678.843674997; -0.000331396812339; 0.00979072373294
26680.59145560425; -0.000329940855796; 0.00970778649646
26682.33935071186; -0.000328449573979; 0.00962457343833
26684.08736032732; -0.000327051533419; 0.00954324409526
26685.83548445814; -0.000325680432631; 0.00946268817373
26687.58372311182; -0.000324995816134; 0.00938174938772
26689.33207629586; -0.000323892287254; 0.00930284216903
26691.08054401776; -0.000321630474248; 0.00922359433992
26692.82912628504; -0.000321328780928; 0.00914497679476
26694.57782310518; -0.000320465257869; 0.00906766929306
26696.32663448566; -0.000318442680136; 0.0089913137556
26698.07556043406; -0.000317702628999; 0.00891319126415
26699.82460095785; -0.000316816708005; 0.00883821554668
26701.57375606454; -0.000315627521205; 0.00876336236851
26703.32302576163; -0.000314943089327; 0.00868828136076
26705.07241005662; -0.000313758571979; 0.00861413814214
26706.82190895703; -0.000312042080167; 0.00854070347151
26708.57152247036; -0.000311413843248; 0.00846764522451
26710.32125060413; -0.000309580348068; 0.00839534420496
26712.07109336578; -0.000308741564056; 0.0083241419623
26713.82105076293; -0.000307628401115; 0.00825229413817
26715.57112280304; -0.000307693727973; 0.0081801888495
26717.32130949363; -0.000306004580476; 0.00810863411072
26719.07161084219; -0.000305640440492; 0.00803879743715
26720.82202685625; -0.000304068373748; 0.00796940895239
26722.57255754331; -0.000302437672088; 0.00790055465859
26724.32320291089; -0.000301593302073; 0.00783212064195
26726.0739629665; -0.000300789094018; 0.00776415609682
26727.8248377176; -0.000300103779973; 0.00769624548622
26729.5758271718; -0.000298735810229; 0.00762971403399
26731.32693133659; -0.00029794351496; 0.00756245551865
26733.07815021945; -0.000298051093731; 0.00749620693424
26734.82948382792; -0.000295888802074; 0.00743157094415
26736.58093216951; -0.000295683834754; 0.00736640620265
26738.33249525173; -0.000294479616355; 0.00730252704493
26740.08417308211; -0.000293567752219; 0.0072375498035
26741.83596566815; -0.000292722293035; 0.00717431076019
26743.58787301738; -0.000291816783529; 0.00711084660357
26745.33989513725; -0.00029082122858; 0.00704875422599
26747.09203203541; -0.00029016153244; 0.00698657359037
26748.84428371931; -0.00028888010909; 0.006924157586
26750.59665019648; -0.000288258523803; 0.00686236115157
26752.34913147442; -0.000287993105541; 0.00680162070912
26754.10172756067; -0.000286971404679; 0.00674182800716
26755.85443846275; -0.000285628688527; 0.00668168254145
26757.60726418817; -0.000285264080152; 0.00662158608907
26759.36020474446; -0.000283797562766; 0.00656233519918
26761.11326013909; -0.000283703586266; 0.00650309960543
26762.86643037968; -0.000282621110995; 0.0064441219846
26764.61971547372; -0.000282556754382; 0.00638558219135
26766.37311542872; -0.000281601649781; 0.00632797140018
26768.12663025221; -0.000280153040805; 0.00626908360871
26769.88025995171; -0.000279278969365; 0.00621213392262
26771.63400453476; -0.000278457322983; 0.00615475718718
26773.38786400886; -0.000278752380439; 0.00609863856938
26775.14183838156; -0.000277425448206; 0.00604251556705
26776.89592766033; -0.000277313248676; 0.00598692245392
26778.65013185279; -0.000276302491201; 0.00593159985844
26780.40445096643; -0.000274702062744; 0.00587693153079
26782.15888500878; -0.00027462522372; 0.00582222745508
26783.91343398735; -0.000273280982547; 0.00576819032385
26785.66809790969; -0.000273581440927; 0.00571479353418
26787.42287678333; -0.0002720734051; 0.00566049065961
26789.17777061578; -0.000271946360204; 0.00560686094114
26790.9327794146; -0.000271272253858; 0.00555500785734
26792.6879031873; -0.000270625712676; 0.00550300474262
26794.44314194136; -0.000269311795552; 0.00544951695718
26796.19849568442; -0.000268803713814; 0.00539823412701
26797.95396442398; -0.000268194838864; 0.00534559252077
26799.70954816755; -0.000267600577354; 0.0052941203952
26801.46524692267; -0.000266730516356; 0.00524331050972
26803.22106069688; -0.000266356463538; 0.00519304703677
26804.97698949771; -0.000266410963472; 0.00514191599462
26806.7330333327; -0.000265131878385; 0.00509235725221
26808.48919220938; -0.000264367633056; 0.00504339916826
26810.24546613524; -0.000264348807171; 0.00499317772636
26812.00185511792; -0.00026374418382; 0.0049445812822
26813.75835916491; -0.000262943824205; 0.00489558315068
26815.51497828374; -0.000262176020825; 0.00484735943739
26817.27171248195; -0.000261921981956; 0.00479934328054
26819.02856176707; -0.000260873055396; 0.00475162399856
26820.78552614666; -0.000260471816881; 0.00470376381202
26822.54260562826; -0.000259946064429; 0.00465607240943
26824.29980021939; -0.000259528765915; 0.00460889283587
26826.0571099276; -0.000258828194574; 0.0045633278092
26827.81453476038; -0.000258755208221; 0.00451669066386
26829.57207472538; -0.000258068843238; 0.00446972528144
26831.32972983009; -0.000257079987616; 0.00442473612694
26833.08750008206; -0.000256751745608; 0.00437975343915
26834.84538548881; -0.000256042328064; 0.00433511619038
26836.6033860579; -0.000255284412364; 0.00428898035899
26838.36150179688; -0.000254705370533; 0.00424472599863
26840.11973271328; -0.00025426577193; 0.00420062195119
26841.87807881466; -0.000254082103684; 0.00415527125997
26843.63654010851; -0.000253734428475; 0.00411261644966
26845.39511660247; -0.000253147377452; 0.00406901920817
26847.15380830404; -0.000252229190534; 0.00402506020165
26848.91261522078; -0.000251218386751; 0.0039822604812
26850.67153736022; -0.00025107039417; 0.00393904625019
26852.43057472993; -0.000251550499046; 0.00389656098808
26854.18972733743; -0.000250219260212; 0.00385311329411
26855.94899519029; -0.000249660935909; 0.00381088143548
26857.70837829606; -0.00024996048066; 0.00376886459901
26859.46787666223; -0.000248882558455; 0.00372695870166
26861.22749029646; -0.000248457548907; 0.00368552416275
26862.98721920624; -0.000247737890985; 0.00364414747375
26864.74706339914; -0.000247380496483; 0.0036038912538
26866.5070228827; -0.000246778027855; 0.00356337900118
26868.26709766447; -0.00024664836846; 0.00352351310197
26870.02728775201; -0.000245798143053; 0.00348273470223
26871.78759315287; -0.000245708673387; 0.00344284535176
26873.54801387461; -0.000245367242882; 0.00340264250118
26875.30854992479; -0.000245108832413; 0.0033630728316
26877.06920131089; -0.000244304594819; 0.003323969879
26878.82996804059; -0.000244096426837; 0.00328449696196
26880.5908501214; -0.000243301386144; 0.00324483936058
26882.35184756085; -0.000242933915036; 0.00320553977409
26884.11296036652; -0.000243203379741; 0.00316764112805
26885.87418854596; -0.000242216233066; 0.0031291108002
26887.63553210674; -0.000241360405271; 0.00309104626332
26889.3969910564; -0.000241585197183; 0.00305295055438
26891.1585654025; -0.000241235585638; 0.00301537026452
26892.92025515257; -0.000241051854776; 0.00297785102153
26894.68206031425; -0.000240334258653; 0.00293997966396
26896.44398089506; -0.000239657151726; 0.00290290477764
26898.20601690256; -0.000239647742668; 0.0028656435418
26899.96816834432; -0.000239589135829; 0.00282895124558
26901.73043522789; -0.000238524143577; 0.00279223263436
26903.49281756084; -0.000238229077737; 0.00275584284516
26905.25531535072; -0.000238270085093; 0.00271904050628
26907.01792860511; -0.000237300203204; 0.00268404369649
26908.78065733157; -0.00023707503721; 0.00264837322459
26910.54350153761; -0.000236988912592; 0.00261168102029
26912.3064612309; -0.00023666802792; 0.00257605801392
26914.06953641896; -0.000235914442513; 0.00254112170053
26915.83272710934; -0.000235648014928; 0.00250601610865
26917.59603330963; -0.000235437065676; 0.00247054883258
26919.35945502737; -0.000234417577384; 0.0024360155472
26921.12299227016; -0.000234344056408; 0.00240133155219
26922.88664504554; -0.000234177805258; 0.002366580361
26924.65041336109; -0.000233541836228; 0.00233311386182
26926.41429722432; -0.000233069636312; 0.00229881619696
26928.17829664292; -0.000232989113389; 0.00226554508604
26929.9424116244; -0.00023234291352; 0.00223185198453
26931.70664217632; -0.000232496403487; 0.00219809463787
26933.47098830627; -0.000231502141711; 0.00216488641593
26935.23545002181; -0.000231568772588; 0.0021316289912
26937.00002733051; -0.000230981030479; 0.00209764865097
26938.76472023995; -0.000230958886085; 0.00206521372133
26940.5295287577; -0.000230157328606; 0.0020336211379
26942.29445289128; -0.000229957058661; 0.00200072389495
26944.05949264838; -0.000230039141221; 0.00196814521155
26945.82464803651; -0.000229514955791; 0.0019358700682
26947.58991906324; -0.000229311018794; 0.00190308612656
26949.35530573616; -0.000228707424765; 0.0018706776133
26951.12080806284; -0.000228666409024; 0.00183835467788
26952.88642605086; -0.000228264392421; 0.00180671813051
26954.65215970779; -0.000228256977084; 0.00177490160619
26956.41800904122; -0.00022802517938; 0.00174453946677
26958.18397405871; -0.000227637146669; 0.00171226818255
26959.9500547678; -0.00022700312282; 0.00168159419389
26961.71625117616; -0.00022637548614; 0.0016503444193
26963.48256329134; -0.000226602072; 0.0016198472491
26965.24899112091; -0.000226055181245; 0.0015892663544
26967.01553467244; -0.000226183604238; 0.00155802869467
26968.78219395352; -0.000226117982375; 0.00152780994492
26970.54896897174; -0.000225632649733; 0.00149824080055
26972.31585973467; -0.000224667081675; 0.00146782817133
26974.08286624989; -0.000225020096115; 0.00143876071076
26975.84998852494; -0.000224140527595; 0.0014078771888
26977.6172265675; -0.000224983774364; 0.00137782879364
26979.38458038512; -0.000223743204059; 0.00134916141418
26981.15204998536; -0.000224107668125; 0.00132012045691
26982.91963537582; -0.00022408457164; 0.00129132967492
26984.68733656409; -0.000223196520692; 0.00126239475863
26986.45515355774; -0.000223091138491; 0.00123422595678
26988.22308636436; -0.000222327060241; 0.00120547808247
26989.99113499155; -0.000222373618985; 0.00117696416245
26991.75929944689; -0.000221852013053; 0.00114781409092
26993.52757973791; -0.000221677508324; 0.00111904218774
26995.29597587232; -0.00022067798901; 0.00109126909924
26997.06448785764; -0.00022106690881; 0.00106273408629
26998.83311570146; -0.000220896817836; 0.00103499051784
27000.60185941138; -0.000220250045497; 0.00100713420061
27002.37071899499; -0.000220609312334; 0.000979096002086
27004.13969445987; -0.000220164299038; 0.000951894916858
27005.90878581363; -0.000219138488117; 0.000924778365379
27007.67799306384; -0.00021990339584; 0.000897514519483
27009.44731621805; -0.000218609996857; 0.00087045975035
27011.21675528396; -0.000220170508435; 0.000842840625058
27012.98631026911; -0.000218470389011; 0.000815755581876
27014.7559811811; -0.00021896940285; 0.000789441494505
27016.52576802752; -0.000218473015433; 0.000763201793275
27018.29567081595; -0.000218437136304; 0.000736238168909
27020.06568955402; -0.000217500170271; 0.00070971476577
27021.83582424929; -0.000218108060053; 0.000683746747508
27023.60607490938; -0.000217156509272; 0.000656988833473
27025.37644154182; -0.000216985311744; 0.000631202346195
27027.14692415432; -0.000217370721571; 0.000604895442849
27028.91752275443; -0.000216002341283; 0.000579316298771
27030.68823734974; -0.000216296280646; 0.000553264556079
27032.45906794785; -0.000216197608925; 0.000527541142397
27034.23001455636; -0.000216080398939; 0.00050203833395
27036.00107718288; -0.000215537409701; 0.00047620518962
27037.772255835; -0.000215841619289; 0.000451680846109
27039.54355052032; -0.000215534119808; 0.000425618921733
27041.31496124645; -0.000215448441273; 0.000401018020048
27043.08648802093; -0.000215207373744; 0.000376204040313
27044.85813085148; -0.000214124707701; 0.000351707422122
27046.62988974563; -0.000214546076659; 0.000326879017257
27048.40176471101; -0.000214159343428; 0.000301529825472
27050.1737557552; -0.000213924986457; 0.000277035493775
27051.94586288582; -0.000213864563284; 0.000252815032155
27053.71808611047; -0.00021369637726; 0.000228696497147
27055.49042543675; -0.000213319646096; 0.000203574257767
27057.26288087228; -0.000213353214269; 0.000179972921935
27059.0354524246; -0.000212832635967; 0.000155449503976
27060.80814010143; -0.00021299696609; 0.000131202257741
27062.58094391032; -0.000212325343857; 0.00010705186297
27064.35386385889; -0.000212665518036; 8.33042174277e-05
27066.12689995473; -0.000212739753483; 5.98420380507e-05
27067.90005220546; -0.000212164750557; 3.63478195225e-05
27069.67332061868; -0.000211466986334; 1.26265784355e-05
27071.44670520202; -0.000211602128115; -1.06492855041e-05
27073.22020596308; -0.000211094722233; -3.39461278211e-05
27074.99382290946; -0.000211419717118; -5.79826053455e-05
27076.76755604873; -0.000210987518621; -8.12011708493e-05
27078.54140538861; -0.000211200539518; -0.000103502809453
27080.31537093665; -0.000210677555105; -0.000126096393237
27082.08945270047; -0.000210565011724; -0.000149410025718
27083.86365068768; -0.00021018257994; -0.000172607282455
27085.6379649059; -0.000210545102285; -0.000194856553078
27087.41239536273; -0.000209877745882; -0.00021724264566
27089.18694206581; -0.000209813604118; -0.000239558198463
27090.96160502273; -0.000208899012097; -0.000262966324835
27092.73638424107; -0.00020939129407; -0.000284844346064
27094.51127972854; -0.000208804817517; -0.000307267524101
27096.28629149272; -0.000208941632861; -0.000329435296403
27098.06141954121; -0.000208684645258; -0.000350429603746
27099.83666388164; -0.000208600005431; -0.000372322826731
27101.61202452163; -0.00020836816511; -0.000394284505467
27103.38750146878; -0.00020818900216; -0.000415863731802
27105.16309473073; -0.000208377974482; -0.000437464277134
27106.9388043151; -0.000207824996178; -0.000459156535011
27108.71463022944; -0.000208135882861; -0.000479562907858
27110.49057248149; -0.000208030802587; -0.000501794558306
27112.26663107882; -0.000207554635845; -0.000523021024897
27114.04280602904; -0.000207188341445; -0.000544224588698
27115.81909733978; -0.000207246660434; -0.000565995721243
27117.59550501867; -0.000207198281511; -0.00058607796791
27119.37202907333; -0.000206525444106; -0.000607875053826
27121.14866951137; -0.000206333862286; -0.000628501225744
27122.92542634043; -0.00020662204472; -0.000649358875284
27124.70229956814; -0.000205784940348; -0.000670857791007
27126.47928920205; -0.000206479019749; -0.000691290586156
27128.25639524991; -0.0002053245106; -0.000711508614228
27130.03361771928; -0.000205869765255; -0.000732005315984
27131.81095661781; -0.000205773126563; -0.000752749631286
27133.5884119531; -0.000205275293049; -0.000773577327166
27135.3659837328; -0.000205224934944; -0.000793685730515
27137.14367196452; -0.000205075948502; -0.000813993517181
27138.92147665591; -0.000205454168842; -0.000834321916527
27140.69939781458; -0.000204785439034; -0.000854436844277
27142.47743544812; -0.000204447719506; -0.00087383485953
27144.25558956425; -0.000204760461215; -0.000894637891134
27146.03386017057; -0.000204688324028; -0.000914083996537
27147.8122472747; -0.000203933304985; -0.000933852354631
27149.59075088427; -0.000204092644959; -0.000953599381651
27151.36937100691; -0.00020394164972; -0.000973888717514
27153.14810765026; -0.000203690419584; -0.000992607016649
27154.92696082196; -0.00020346200062; -0.00101153347784
27156.70593052963; -0.000203810626459; -0.00103148855122
27158.48501678091; -0.000203133321529; -0.00105058510262
27160.26421958338; -0.000202514263202; -0.0010698015592
27162.04353894479; -0.000203552985; -0.00108948341621
27163.82297487271; -0.000202252683225; -0.00110861793753
27165.60252737479; -0.000203156082701; -0.00112807100519
27167.38219645866; -0.000202764174396; -0.0011465501149
27169.16198213195; -0.000202130853327; -0.00116494262575
27170.94188440231; -0.000203117483533; -0.00118410510817
27172.72190327737; -0.000201902588212; -0.00120307458744
27174.50203876478; -0.000202175156038; -0.00122133745974
27176.28229087211; -0.000201830923955; -0.0012402628493
27178.06265960713; -0.000201273653974; -0.00125926375433
27179.8431449774; -0.000202013894806; -0.00127759251435
27181.62374699058; -0.000201692054505; -0.00129508337998
27183.4044656543; -0.000201239984108; -0.00131406141907
27185.18530097622; -0.000201313231618; -0.0013318801607
27186.96625296396; -0.000200924480359; -0.00135073513495
27188.74732162517; -0.000201252502518; -0.00136799230685
27190.5285069675; -0.000200905306315; -0.00138682794682
27192.30980899854; -0.000201011819148; -0.00140457014975
27194.09122772604; -0.000200266019621; -0.00142267177736
27195.87276315758; -0.00020064918257; -0.00144042972835
27197.65441530083; -0.000200450483186; -0.00145830531119
27199.43618416341; -0.000200250713094; -0.00147621646969
27201.21806975298; -0.000199606888951; -0.00149404355921
27203.00007207719; -0.000199640352969; -0.00151144514726
27204.78219114367; -0.000200116473018; -0.00152858419208
27206.56442696009; -0.000199111051235; -0.00154724210797
27208.34677953409; -0.000199395679927; -0.00156438274474
27210.12924887326; -0.000199751114555; -0.00158091988695
27211.91183498537; -0.000198720025482; -0.00159875482582
27213.694537878; -0.00019925551415; -0.00161594984191
27215.47735755881; -0.000198973816578; -0.00163255748412
27217.26029403544; -0.000199647027142; -0.00165043372774
27219.04334731556; -0.000199040303915; -0.00166717133327
27220.82651740681; -0.000198619285501; -0.00168427456105
27222.60980431685; -0.000198409938118; -0.00170179822931
27224.39320805333; -0.000198919433184; -0.00171782428504
27226.17672862384; -0.000198409035951; -0.00173485817113
27227.96036603615; -0.000198543074563; -0.00175129836441
27229.74412029786; -0.000198361060341; -0.00176836296678
27231.52799141663; -0.000198418648166; -0.00178468826911
27233.31197940011; -0.000197635655107; -0.00180144339613
27235.09608425595; -0.000197373194194; -0.00181903686962
27236.88030599182; -0.000197478240006; -0.00183482568534
27238.66464461536; -0.000197893533723; -0.00185110040125
27240.44910013425; -0.000196846460574; -0.00186819003014
27242.23367255613; -0.000197996088961; -0.00188374324917
27244.01836188861; -0.000197541728146; -0.00190119147843
27245.80316813946; -0.000197283287061; -0.00191710616103
27247.58809131628; -0.000196727897184; -0.00193346835181
27249.37313142674; -0.000197646740266; -0.00194935547193
27251.15828847849; -0.000197028594183; -0.00196536243809
27252.94356247919; -0.000196824100946; -0.00198198223732
27254.72895343651; -0.000196087332242; -0.00199735761605
27256.51446135811; -0.000197107603545; -0.00201394616907
27258.30008625165; -0.000196803207878; -0.00202903485453
27260.08582812473; -0.000196445266214; -0.00204484639019
27261.87168698514; -0.000195858019804; -0.00206111502463
27263.65766284048; -0.00019660567228; -0.0020767119066
27265.44375569842; -0.00019607462829; -0.00209204385955
27267.22996556661; -0.00019627124026; -0.00210809477233
27269.01629245274; -0.000196070259612; -0.00212396154148
27270.80273636445; -0.000195779239906; -0.00213846910785
27272.58929730943; -0.000196108379774; -0.00215445224397
27274.37597529533; -0.000195404813698; -0.00216963025571
27276.16277032977; -0.000195877162309; -0.00218424604271
27277.94968242053; -0.000195362598017; -0.0022001727114
27279.73671157521; -0.00019484557992; -0.00221432642232
27281.5238578015; -0.000195036276498; -0.00222988849964
27283.31112110706; -0.000195326516962; -0.00224555045924
27285.09850149955; -0.000195505503217; -0.00226072503532
27286.88599898666; -0.000195221747461; -0.00227536830925
27288.67361357604; -0.000195095972045; -0.0022906888948
27290.46134527538; -0.000194099979012; -0.00230505770703
27292.24919409234; -0.000194709864054; -0.00232016887259
27294.03716003455; -0.000194917095252; -0.00233587401834
27295.82524310978; -0.000194552247104; -0.00235039065208
27297.61344332565; -0.000194212352622; -0.00236516274262
27299.40176068984; -0.000194441028819; -0.00237892454939
27301.19019521002; -0.000193326305317; -0.00239466303316
27302.97874689388; -0.000194097699133; -0.00240953743471
27304.76741574907; -0.00019416878169; -0.00242356779325
27306.55620178329; -0.000194144723884; -0.00243758191809
27308.34510500419; -0.00019361076793; -0.00245281222743
27310.13412541942; -0.000193437051134; -0.00246764611001
27311.92326303676; -0.000194268864046; -0.00248157970709
27313.71251786382; -0.000193261718854; -0.00249650639446
27315.50188990829; -0.00019331316736; -0.00251026845139
27317.29137917784; -0.000193701309765; -0.0025245020393
27319.08098568016; -0.000193210352042; -0.0025395454245
27320.87070942294; -0.00019352163873; -0.00255240839024
27322.66055041383; -0.00019311308311; -0.00256736388257
27324.45050866053; -0.000192971054076; -0.00258148736375
27326.24058417067; -0.000192797669593; -0.00259493464094
27328.03077695204; -0.000192890136225; -0.00260955158126
27329.82108701226; -0.000192180143827; -0.00262333604128
27331.61151435901; -0.000192864924172; -0.00263752525286
27333.40205899999; -0.000192822264099; -0.00265091632617
27335.19272094288; -0.000192107025318; -0.00266612224439
27336.98350019535; -0.000191791599724; -0.00267949489681
27338.7743967651; -0.000192898743348; -0.00269224300714
27340.56541065981; -0.000191604517737; -0.00270706065626
27342.35654188717; -0.000192210607186; -0.00272020717184
27344.14779045481; -0.000192775645432; -0.0027342483503
27345.93915637052; -0.000191953379656; -0.00274760512827
27347.73063964194; -0.000191913336083; -0.00276110180947
27349.52224027676; -0.00019221462009; -0.00277409385091
27351.31395828267; -0.000191517722341; -0.00278705596654
27353.10579366735; -0.000191442770113; -0.00280091858675
27354.89774643849; -0.000191885387683; -0.00281395529391
27356.68981660379; -0.000191769509715; -0.00282815348477
27358.48200417093; -0.000191275781799; -0.00284197951546
27360.27430914756; -0.000190782781739; -0.0028543008806
27362.06673154146; -0.000191186021129; -0.00286752291403
27363.85927136029; -0.000191028671875; -0.00288100600319
27365.65192861174; -0.000191725696242; -0.00289388934069
27367.44470330348; -0.000190939411136; -0.00290643738
27369.23759544324; -0.000190553183912; -0.00291955001316
27371.03060503868; -0.000190526177064; -0.00293283483525
27372.82373209751; -0.000190539093941; -0.00294612325209
27374.61697662743; -0.000191429079917; -0.00295895237966
27376.41033863613; -0.000190649638601; -0.00297210262567
27378.20381813125; -0.000191280132169; -0.00298350339747
27379.9974151206; -0.000190917904058; -0.00299728060516
27381.79112961181; -0.000191592351102; -0.00300955246344
27383.5849616126; -0.000190930491162; -0.0030226905632
27385.37891113065; -0.000190522453549; -0.00303535012226
27387.17297817367; -0.000190226712699; -0.00304716528769
27388.96716274936; -0.000190393241314; -0.00306086001657
27390.76146486541; -0.000190311607299; -0.00307332808766
27392.55588452952; -0.00019067376887; -0.00308574701266
27394.35042174934; -0.000189407897819; -0.00309850510875
27396.14507653268; -0.000190258348306; -0.00311057182332
27397.9398488872; -0.000190179794257; -0.00312276901976
27399.73473882058; -0.000189785702229; -0.00313588441443
27401.52974634054; -0.00019000363035; -0.00314715514506
27403.32487145477; -0.000189965342879; -0.00315985668734
27405.12011417099; -0.000189668043698; -0.0031732257298
27406.91547449689; -0.00018948598186; -0.003185358135
27408.71095244018; -0.000189099997717; -0.00319716277859
27410.50654800851; -0.000189763812839; -0.00320973218459
27412.3022612097; -0.000189082789317; -0.00322166086688
27414.09809205139; -0.00018947991285; -0.00323339558154
27415.8940405413; -0.000188563607651; -0.00324567661703
27417.69010668713; -0.000189383047386; -0.00325752157158
27419.48629049659; -0.000188719854889; -0.00326898036421
27421.28259197739; -0.000188570664983; -0.00328084909233
27423.07901113724; -0.000188580974746; -0.00329326813541
27424.87554798384; -0.000188159093858; -0.00330478228576
27426.6722025249; -0.00018899633754; -0.00331795531679
27428.46897476809; -0.000188493333414; -0.00332888019471
27430.26586472122; -0.000188387479129; -0.00333985639712
27432.06287239195; -0.000188435071195; -0.00335273128488
27433.85999778799; -0.000188972841127; -0.00336452364583
27435.65724091705; -0.000188271237926; -0.00337576249563
27437.45460178685; -0.000188407387106; -0.00338748278408
27439.2520804051; -0.000189023125386; -0.00339898576081
27441.04967677951; -0.000188907609654; -0.00341078676727
27442.8473909178; -0.00018768153525; -0.00342263249507
27444.64522282763; -0.000187556440843; -0.00343457527855
27446.44317251682; -0.00018803205727; -0.00344498702358
27448.24123999303; -0.000187738422988; -0.00345669552802
27450.03942526399; -0.000187855925132; -0.00346880184416
27451.8377283374; -0.000187148372923; -0.00347958771693
27453.63614922098; -0.000187418480868; -0.0034911513026
27455.43468792246; -0.000187403453191; -0.00350257522797
27457.23334444956; -0.00018810874683; -0.00351357991995
27459.03211880998; -0.000187856505371; -0.0035251141832
27460.83101101145; -0.000187968353973; -0.003536643244
27462.63002106163; -0.000187180852542; -0.00354741768637
27464.42914896836; -0.000187194490891; -0.00355952608808
27466.2283947393; -0.000187218742007; -0.0035697613505
27468.02775838218; -0.000187017713513; -0.00358172444374
27469.82723990471; -0.000187343470717; -0.0035925891281
27471.62683931461; -0.00018744843622; -0.00360403584087
27473.42655661962; -0.000186725175016; -0.00361466276005
27475.22639182745; -0.000187210492274; -0.00362628657974
27477.02634494583; -0.000187045542604; -0.00363685190866
27478.82641598242; -0.000186686613618; -0.00364821578171
27480.62660494507; -0.000186983807874; -0.00365883149719
27482.42691184144; -0.000186447046418; -0.00366964664653
27484.22733667926; -0.000186752474484; -0.00368078462203
27486.02787946626; -0.000186835190899; -0.00369133780178
27487.82854021015; -0.000186818181348; -0.00370140236083
27489.62931891868; -0.000186851502902; -0.00371368850431
27491.43021559957; -0.000187103210584; -0.00372343800847
27493.23123026054; -0.000186878639214; -0.00373535970458
27495.03236290927; -0.000187030715161; -0.0037459153749
27496.83361355361; -0.000186363127677; -0.00375655692683
27498.63498220122; -0.000186426549586; -0.0037670492547
27500.43646885984; -0.000186480738516; -0.00377758698184
27502.23807353719; -0.000185980193732; -0.003788314036
27504.03979624101; -0.000186272235914; -0.00379869848017
27505.84163697904; -0.000186340477815; -0.00380946932541
27507.643595759; -0.000186171452317; -0.0038199412033
27509.44567258862; -0.000186659909081; -0.00383019959721
27511.24786747565; -0.000186357983758; -0.00384144275206
27513.05018042775; -0.000186210692725; -0.0038520709695
27514.85261145278; -0.000186039401118; -0.00386191103249
27516.65516055842; -0.00018553330764; -0.00387262090832
27518.45782775239; -0.000185430913328; -0.00388274182187
27520.26061304244; -0.000186261187218; -0.00389273138909
