% Module: Sweep, ID: c0p1t8p1cfm0
% Devices: DEV646
% Time: 2025/12/02 17:30:52
% Demod 1 Sample R, /dev646/demods/0/sample.R
% Frequency (Hz); Demod 1 Sample R  Amplitude (V)
% Demod 1 Sample X, /dev646/demods/0/sample.X
% Demod 1 Sample Y, /dev646/demods/0/sample.Y
% Frequency (Hz); Demod 1 Sample X  Amplitude (V); Demod 1 Sample Y  Amplitude (V)
22983.15949858309; 0.016517501372
22985.66847376814; 0.0165400778501
22988.1774489532; 0.0165623700766
22990.68642413826; 0.0165852467001
22993.19539932332; 0.0166075281848
22995.70437450838; 0.0166299770493
22998.21334969343; 0.0166531135533
23000.72232487849; 0.0166757234613
23003.23130006355; 0.0166983547783
23005.74027524861; 0.0167218145129
23008.24925043367; 0.0167452744665
23010.75822561872; 0.016768972952
23013.26720080378; 0.0167926872224
23015.77617598884; 0.0168166545424
23018.2851511739; 0.0168407008494
23020.79412635896; 0.0168637585602
23023.30310154401; 0.016887655323
23025.81207672907; 0.0169123695135
23028.32105191413; 0.0169372998886
23030.83002709919; 0.0169618778017
23033.33900228425; 0.0169864127068
23035.8479774693; 0.0170116351637
23038.35695265436; 0.0170362597435
23040.86592783942; 0.0170620343837
23043.37490302448; 0.0170874157654
23045.88387820954; 0.0171138142982
23048.39285339459; 0.0171379524509
23050.90182857965; 0.0171643969395
23053.41080376471; 0.0171906194746
23055.91977894977; 0.0172167069871
23058.42875413483; 0.0172424476057
23060.93772931988; 0.0172698182349
23063.44670450494; 0.0172956393853
23065.95567969; 0.0173218478001
23068.46465487506; 0.0173486181366
23070.97363006012; 0.0173755059857
23073.48260524518; 0.0174026784372
23075.99158043023; 0.0174301280194
23078.50055561529; 0.0174571576823
23081.00953080035; 0.0174845036202
23083.51850598541; 0.0175123153427
23086.02748117047; 0.0175397507684
23088.53645635552; 0.0175692643804
23091.04543154058; 0.0175965890155
23093.55440672564; 0.0176258484002
23096.0633819107; 0.0176550314686
23098.57235709576; 0.017683086927
23101.08133228081; 0.0177113794793
23103.59030746587; 0.0177404021421
23106.09928265093; 0.0177699182
23108.60825783599; 0.0177992246726
23111.11723302105; 0.0178280768737
23113.6262082061; 0.0178571206547
23116.13518339116; 0.0178882632691
23118.64415857622; 0.0179180008822
23121.15313376128; 0.017947449736
23123.66210894634; 0.0179788147261
23126.17108413139; 0.0180098336663
23128.68005931645; 0.0180401524362
23131.18903450151; 0.018071214967
23133.69800968657; 0.018103180183
23136.20698487163; 0.0181345786934
23138.71596005668; 0.018165826278
23141.22493524174; 0.0181980739745
23143.7339104268; 0.0182302474393
23146.24288561186; 0.0182623996739
23148.75186079692; 0.0182947000752
23151.26083598198; 0.0183277577735
23153.76981116703; 0.0183610412037
23156.27878635209; 0.0183939887798
23158.78776153715; 0.0184268575172
23161.29673672221; 0.0184611013294
23163.80571190727; 0.0184948132244
23166.31468709232; 0.0185290304792
23168.82366227738; 0.0185640786984
23171.33263746244; 0.0185980143283
23173.8416126475; 0.0186324199789
23176.35058783256; 0.018667451686
23178.85956301761; 0.018703274999
23181.36853820267; 0.0187388642948
23183.87751338773; 0.018774777613
23186.38648857279; 0.0188105584119
23188.89546375785; 0.0188483864838
23191.4044389429; 0.0188848033436
23193.91341412796; 0.0189207805239
23196.42238931302; 0.0189579244384
23198.93136449808; 0.0189954464957
23201.44033968314; 0.0190334862061
23203.94931486819; 0.0190711309315
23206.45829005325; 0.0191069377984
23208.96726523831; 0.0191439635439
23211.47624042337; 0.0191825192601
23213.98521560843; 0.0192223041796
23216.49419079348; 0.0192612685805
23219.00316597854; 0.0193012353208
23221.5121411636; 0.0193403018036
23224.02111634866; 0.0193797697685
23226.53009153372; 0.0194205956941
23229.03906671877; 0.0194609555429
23231.54804190383; 0.0195016488024
23234.05701708889; 0.0195422705331
23236.56599227395; 0.0195843799601
23239.07496745901; 0.0196267378845
23241.58394264407; 0.0196679734787
23244.09291782912; 0.0197110602031
23246.60189301418; 0.0197539694017
23249.11086819924; 0.0197977488213
23251.6198433843; 0.0198413348822
23254.12881856936; 0.0198853210112
23256.63779375441; 0.0199300327999
23259.14676893947; 0.0199735635475
23261.65574412453; 0.0200186239313
23264.16471930959; 0.0200648209378
23266.67369449465; 0.0201100906986
23269.1826696797; 0.0201559766126
23271.69164486476; 0.020202656038
23274.20062004982; 0.020249142905
23276.70959523488; 0.0202964749232
23279.21857041994; 0.020343677778
23281.72754560499; 0.0203916774971
23284.23652079005; 0.0204399416138
23286.74549597511; 0.0204887831141
23289.25447116017; 0.0205377729239
23291.76344634523; 0.0205861817516
23294.27242153028; 0.0206363287177
23296.78139671534; 0.0206864190943
23299.2903719004; 0.0207377532918
23301.79934708546; 0.020788407221
23304.30832227052; 0.0208393149391
23306.81729745557; 0.020892214156
23309.32627264063; 0.0209432948377
23311.83524782569; 0.0209958920956
23314.34422301075; 0.0210490444794
23316.85319819581; 0.021102471525
23319.36217338086; 0.0211560721488
23321.87114856592; 0.0212108071385
23324.38012375098; 0.0212646660103
23326.88909893604; 0.0213199947068
23329.3980741211; 0.0213754203305
23331.90704930616; 0.02143090357
23334.41602449121; 0.0214885961502
23336.92499967627; 0.0215462468743
23339.43397486133; 0.0216043396351
23341.94295004638; 0.0216617371048
23344.45192523145; 0.0217206503018
23346.9609004165; 0.0217789566053
23349.46987560156; 0.0218389203341
23351.97885078662; 0.0218991412432
23354.48782597168; 0.0219598212261
23356.99680115674; 0.0220210998825
23359.50577634179; 0.022083806411
23362.01475152685; 0.0221464282062
23364.52372671191; 0.0222096620911
23367.03270189697; 0.0222732609395
23369.54167708203; 0.0223369328472
23372.05065226708; 0.0224019288627
23374.55962745214; 0.0224667459472
23377.0686026372; 0.0225326021741
23379.57757782226; 0.0225989915399
23382.08655300732; 0.022667488627
23384.59552819237; 0.0227341788366
23387.10450337743; 0.0228044004377
23389.61347856249; 0.0228725026568
23392.12245374755; 0.0229430635651
23394.63142893261; 0.0230130056036
23397.14040411766; 0.0230839191686
23399.64937930272; 0.0231559232728
23402.15835448778; 0.0232283034162
23404.66732967284; 0.0233017862879
23407.17630485789; 0.0233755670908
23409.68528004296; 0.0234502183877
23412.19425522801; 0.0235261192023
23414.70323041307; 0.0236024280418
23417.21220559813; 0.0236802593695
23419.72118078318; 0.0237571924112
23422.23015596825; 0.0238351531073
23424.7391311533; 0.0239148004483
23427.24810633836; 0.0239951576746
23429.75708152342; 0.0240769916915
23432.26605670847; 0.0241576739747
23434.77503189354; 0.0242402121748
23437.28400707859; 0.0243237981572
23439.79298226365; 0.0244084888997
23442.30195744871; 0.0244935686856
23444.81093263377; 0.0245788402503
23447.31990781883; 0.0246674642593
23449.82888300388; 0.0247554310565
23452.33785818894; 0.0248436499077
23454.846833374; 0.0249341833017
23457.35580855906; 0.0250257933214
23459.86478374412; 0.0251160342887
23462.37375892917; 0.0252098468414
23464.88273411423; 0.0253035038224
23467.39170929929; 0.0253989724716
23469.90068448435; 0.0254955334117
23472.4096596694; 0.0255920670574
23474.91863485446; 0.0256916335832
23477.42761003952; 0.0257897956858
23479.93658522458; 0.0258909025296
23482.44556040964; 0.025993009891
23484.95453559469; 0.026095911231
23487.46351077975; 0.0261992897143
23489.97248596481; 0.0263040525369
23492.48146114987; 0.0264100580402
23494.99043633493; 0.0265179516859
23497.49941151998; 0.0266272848201
23500.00838670505; 0.0267376956347
23502.5173618901; 0.0268489298694
23505.02633707516; 0.0269620001461
23507.53531226022; 0.027077038574
23510.04428744527; 0.0271925661433
23512.55326263034; 0.0273107163741
23515.06223781539; 0.027428471384
23517.57121300045; 0.0275493162686
23520.08018818551; 0.0276703480761
23522.58916337057; 0.0277929096182
23525.09813855562; 0.027917462834
23527.60711374068; 0.0280442619184
23530.11608892574; 0.0281719319145
23532.6250641108; 0.0282999668724
23535.13403929586; 0.0284319795519
23537.64301448091; 0.0285640384785
23540.15198966597; 0.0286990674596
23542.66096485103; 0.0288347305064
23545.16994003609; 0.0289725360462
23547.67891522115; 0.0291136222592
23550.1878904062; 0.0292566282355
23552.69686559126; 0.0293998729869
23555.20584077632; 0.0295445916322
23557.71481596138; 0.029692766223
23560.22379114644; 0.0298416533414
23562.73276633149; 0.0299935302581
23565.24174151655; 0.0301490312984
23567.75071670161; 0.0303044088422
23570.25969188667; 0.0304632716228
23572.76866707173; 0.030624745847
23575.27764225678; 0.0307877409014
23577.78661744185; 0.0309515701194
23580.2955926269; 0.0311204268493
23582.80456781196; 0.03128989352
23585.31354299702; 0.0314632582296
23587.82251818207; 0.031638978359
23590.33149336714; 0.0318174060311
23592.84046855219; 0.0319985327426
23595.34944373725; 0.0321838946658
23597.85841892231; 0.0323695757639
23600.36739410736; 0.0325597677387
23602.87636929242; 0.0327525001045
23605.38534447748; 0.0329472244469
23607.89431966254; 0.0331455274012
23610.4032948476; 0.0333477084399
23612.91227003266; 0.033551879266
23615.42124521771; 0.0337611247258
23617.93022040277; 0.0339719981171
23620.43919558783; 0.0341864043797
23622.94817077289; 0.0344050273238
23625.45714595795; 0.0346286351404
23627.966121143; 0.0348544665943
23630.47509632806; 0.0350839262595
23632.98407151312; 0.0353176267264
23635.49304669818; 0.0355568189602
23638.00202188324; 0.0357971936524
23640.51099706829; 0.0360422836272
23643.01997225335; 0.0362927976899
23645.52894743841; 0.0365455593812
23648.03792262347; 0.0368033774025
23650.54689780853; 0.0370659210826
23653.05587299358; 0.0373338818971
23655.56484817864; 0.037605271643
23658.0738233637; 0.0378822130792
23660.58279854876; 0.0381638153659
23663.09177373382; 0.0384509389245
23665.60074891887; 0.0387434628492
23668.10972410393; 0.0390411108582
23670.61869928899; 0.0393443369337
23673.12767447405; 0.0396535243411
23675.63664965911; 0.0399682823829
23678.14562484416; 0.0402889755927
23680.65460002922; 0.0406167534697
23683.16357521428; 0.0409498181229
23685.67255039934; 0.0412900236949
23688.1815255844; 0.0416374465947
23690.69050076945; 0.0419907668265
23693.19947595451; 0.042352820886
23695.70845113957; 0.0427217347483
23698.21742632463; 0.0430983381215
23700.72640150969; 0.0434825250025
23703.23537669475; 0.0438728471512
23705.7443518798; 0.0442739998661
23708.25332706486; 0.0446817028842
23710.76230224992; 0.0450970783311
23713.27127743498; 0.0455230666964
23715.78025262004; 0.0459550003381
23718.28922780509; 0.0463992364623
23720.79820299015; 0.0468528545856
23723.30717817521; 0.0473152602723
23725.81615336027; 0.0477887041392
23728.32512854533; 0.0482714627851
23730.83410373038; 0.0487623143658
23733.34307891544; 0.0492662897661
23735.8520541005; 0.0497813106371
23738.36102928556; 0.0503089466279
23740.87000447062; 0.0508454968604
23743.37897965567; 0.0513955017036
23745.88795484073; 0.0519571620656
23748.39693002579; 0.0525340465041
23750.90590521085; 0.0531207255335
23753.41488039591; 0.053722371945
23755.92385558096; 0.0543367223669
23758.43283076602; 0.0549663740315
23760.94180595108; 0.0556113208244
23763.45078113614; 0.0562657364906
23765.9597563212; 0.0569384165825
23768.46873150625; 0.0576221320655
23770.97770669131; 0.0583249212321
23773.48668187637; 0.0590402155739
23775.99565706143; 0.0597729209566
23778.50463224649; 0.0605179378075
23781.01360743155; 0.0612810302741
23783.5225826166; 0.0620592026879
23786.03155780166; 0.0628517900514
23788.54053298672; 0.0636623214139
23791.04950817178; 0.0644890626889
23793.55848335684; 0.0653352138297
23796.06745854189; 0.0661942117938
23798.57643372695; 0.0670685230884
23801.08540891201; 0.0679564492767
23803.59438409707; 0.0688594285614
23806.10335928213; 0.0697778442879
23808.61233446718; 0.0707055110774
23811.12130965224; 0.0716483095761
23813.6302848373; 0.0726032114599
23816.13926002236; 0.0735665422791
23818.64823520742; 0.0745390297248
23821.15721039247; 0.0755211141647
23823.66618557753; 0.0765141276659
23826.17516076259; 0.0775112716084
23828.68413594765; 0.0785040634788
23831.19311113271; 0.0795074103473
23833.70208631776; 0.0804920304503
23836.21106150282; 0.0814628409171
23838.72003668788; 0.0824202935815
23841.22901187294; 0.0833633148005
23843.737987058; 0.0842841495645
23846.24696224305; 0.0851747365751
23848.75593742811; 0.0860412566142
23851.26491261317; 0.0868723798409
23853.77388779823; 0.0876594745943
23856.28286298329; 0.0884009585857
23858.79183816834; 0.0890938485938
23861.3008133534; 0.0897275041218
23863.80978853846; 0.0902985427568
23866.31876372352; 0.0907987525558
23868.82773890858; 0.091226886211
23871.33671409364; 0.0915769595333
23873.84568927869; 0.0918444711803
23876.35466446375; 0.0920248437269
23878.86363964881; 0.0921196837666
23881.37261483387; 0.0921131325021
23883.88159001893; 0.0920171111112
23886.39056520398; 0.0918269789743
23888.89954038904; 0.0915391224982
23891.4085155741; 0.0911545763545
23893.91749075916; 0.0906819922666
23896.42646594422; 0.0901125399041
23898.93544112927; 0.0894553122997
23901.44441631433; 0.0887198859691
23903.95339149939; 0.0879003089591
23906.46236668445; 0.0870117254583
23908.97134186951; 0.0860557505333
23911.48031705456; 0.0850359421645
23913.98929223962; 0.0839636370887
23916.49826742468; 0.082841096326
23919.00724260974; 0.0816775019643
23921.5162177948; 0.0804779675938
23924.02519297985; 0.0792475594783
23926.53416816491; 0.0779911991517
23929.04314334997; 0.0767161179951
23931.55211853503; 0.0754252865688
23934.06109372009; 0.0741276861835
23936.57006890514; 0.072825550362
23939.0790440902; 0.071523226572
23941.58801927526; 0.070221527205
23944.09699446032; 0.0689273408885
23946.60596964538; 0.0676372258647
23949.11494483043; 0.0663619339623
23951.62392001549; 0.065098452015
23954.13289520055; 0.0638488532701
23956.64187038561; 0.0626211093635
23959.15084557067; 0.0614106571446
23961.65982075573; 0.0602214517956
23964.16879594078; 0.0590525500424
23966.67777112584; 0.0579047345101
23969.1867463109; 0.0567783416969
23971.69572149596; 0.0556713763445
23974.20469668102; 0.0545886353014
23976.71367186607; 0.0535289112087
23979.22264705113; 0.0524926692541
23981.73162223619; 0.0514784562389
23984.24059742125; 0.050490212687
23986.74957260631; 0.0495234271888
23989.25854779136; 0.0485820191493
23991.76752297642; 0.047656961044
23994.27649816148; 0.0467574213829
23996.78547334654; 0.0458780579626
23999.2944485316; 0.0450174396605
24001.80342371665; 0.0441773355538
24004.31239890171; 0.0433596057099
24006.82137408677; 0.0425604572421
24009.33034927183; 0.0417816135787
24011.83932445689; 0.0410222368287
24014.34829964194; 0.040280904817
24016.857274827; 0.039556491801
24019.36625001206; 0.0388525929215
24021.87522519712; 0.0381654842148
24024.38420038218; 0.0374916834073
24026.89317556723; 0.036836610858
24029.40215075229; 0.0361950311755
24031.91112593735; 0.0355680070174
24034.42010112241; 0.03495452084
24036.92907630747; 0.0343565011799
24039.43805149253; 0.0337719332069
24041.94702667758; 0.0332004835547
24044.45600186264; 0.0326436196804
24046.9649770477; 0.0320987690541
24049.47395223276; 0.0315660213406
24051.98292741782; 0.0310484425063
24054.49190260287; 0.0305408680011
24057.00087778793; 0.0300445210748
24059.50985297299; 0.029560480146
24062.01882815805; 0.0290856939015
24064.52780334311; 0.0286234634202
24067.03677852816; 0.0281699763467
24069.54575371322; 0.027728221444
24072.05472889828; 0.0272941242628
24074.56370408334; 0.0268714532589
24077.0726792684; 0.0264554479587
24079.58165445345; 0.0260504980549
24082.09062963851; 0.0256509689001
24084.59960482357; 0.0252619129129
24087.10858000863; 0.0248795847501
24089.61755519369; 0.0245063552727
24092.12653037874; 0.0241387549419
24094.6355055638; 0.023779953253
24097.14448074886; 0.0234266739598
24099.65345593392; 0.0230809190135
24102.16243111898; 0.0227421584802
24104.67140630403; 0.0224096222444
24107.18038148909; 0.0220839367853
24109.68935667415; 0.0217647751501
24112.19833185921; 0.0214512684365
24114.70730704427; 0.0211440666887
24117.21628222932; 0.0208430462851
24119.72525741438; 0.0205468992842
24122.23423259944; 0.0202564031727
24124.7432077845; 0.0199721136598
24127.25218296956; 0.0196925519171
24129.76115815462; 0.0194174434158
24132.27013333967; 0.0191484914924
24134.77910852473; 0.0188838648249
24137.28808370979; 0.0186232527635
24139.79705889485; 0.0183683803991
24142.30603407991; 0.0181179811939
24144.81500926496; 0.0178723916084
24147.32398445002; 0.0176294842051
24149.83295963508; 0.0173908940653
24152.34193482014; 0.0171569492868
24154.8509100052; 0.016927392437
24157.35988519025; 0.016700846158
24159.86886037531; 0.0164775818598
24162.37783556037; 0.0162597133171
24164.88681074543; 0.0160445846403
24167.39578593049; 0.0158320173341
24169.90476111554; 0.0156237857099
24172.4137363006; 0.0154186630209
24174.92271148566; 0.0152161758003
24177.43168667072; 0.0150174270248
24179.94066185578; 0.0148228846842
24182.44963704083; 0.0146289838524
24184.95861222589; 0.014438910261
24187.46758741095; 0.0142531756767
24189.97656259601; 0.014068310103
24192.48553778107; 0.0138865135756
24194.99451296612; 0.0137080204878
24197.50348815118; 0.0135319885115
24200.01246333624; 0.0133588001243
24202.5214385213; 0.0131879252584
24205.03041370636; 0.0130187851475
24207.53938889142; 0.0128545336787
24210.04836407647; 0.0126904098856
24212.55733926153; 0.0125287473984
24215.06631444659; 0.012368805857
24217.57528963165; 0.0122122730916
24220.08426481671; 0.0120579743004
24222.59324000176; 0.0119054534065
24225.10221518682; 0.0117560289949
24227.61119037188; 0.0116075776132
24230.12016555694; 0.0114611862399
24232.629140742; 0.0113172320645
24235.13811592705; 0.0111750791737
24237.64709111211; 0.0110342115788
24240.15606629717; 0.0108966948502
24242.66504148223; 0.0107598338792
24245.17401666729; 0.0106251097044
24247.68299185234; 0.0104936251652
24250.1919670374; 0.0103608712444
24252.70094222246; 0.0102320614221
24255.20991740752; 0.0101039176249
24257.71889259258; 0.00997865020578
24260.22786777763; 0.00985371692921
24262.73684296269; 0.00973105345633
24265.24581814775; 0.00960975778668
24267.75479333281; 0.00949002021043
24270.26376851787; 0.0093719169343
24272.77274370292; 0.00925556459249
24275.28171888798; 0.00914012535052
24277.79069407304; 0.00902663488656
24280.2996692581; 0.00891411590478
24282.80864444315; 0.00880269951173
24285.31761962821; 0.00869308093916
24287.82659481327; 0.00858501517858
24290.33556999833; 0.008477800617
24292.84454518339; 0.00837219467209
24295.35352036844; 0.00826796474404
24297.86249555351; 0.00816443529759
24300.37147073856; 0.00806281464417
24302.88044592362; 0.0079618703515
24305.38942110868; 0.00786262432547
24307.89839629373; 0.00776417649014
24310.4073714788; 0.00766723230143
24312.91634666385; 0.0075708895325
24315.42532184891; 0.00747662405911
24317.93429703397; 0.0073825051239
24320.44327221902; 0.00728899857377
24322.95224740409; 0.00719772087931
24325.46122258914; 0.00710696178168
24327.9701977742; 0.00701668257842
24330.47917295926; 0.00692912307796
24332.98814814432; 0.00684117203437
24335.49712332938; 0.00675430399685
24338.00609851443; 0.00666845668394
24340.51507369949; 0.00658454755203
24343.02404888455; 0.00649975405322
24345.53302406961; 0.00641741724577
24348.04199925467; 0.00633556038011
24350.55097443972; 0.00625405966394
24353.05994962478; 0.00617304407308
24355.56892480984; 0.00609455210794
24358.0778999949; 0.00601557071611
24360.58687517996; 0.00593719250503
24363.09585036501; 0.00586029347643
24365.60482555007; 0.00578447790813
24368.11380073513; 0.00570904441472
24370.62277592019; 0.00563454250077
24373.13175110524; 0.00556112657781
24375.6407262903; 0.00548769192403
24378.14970147536; 0.00541562163312
24380.65867666042; 0.00534353124117
24383.16765184548; 0.0052729862245
24385.67662703053; 0.0052036484079
24388.1856022156; 0.00513335509499
24390.69457740065; 0.00506450889597
24393.20355258571; 0.00499728639345
24395.71252777077; 0.00492981780232
24398.22150295582; 0.004863739065
24400.73047814089; 0.00479721777998
24403.23945332594; 0.00473154668901
24405.748428511; 0.0046668693018
24408.25740369606; 0.0046035646231
24410.76637888112; 0.00453974458554
24413.27535406617; 0.00447695787932
24415.78432925123; 0.00441499848064
24418.29330443629; 0.00435521127779
24420.80227962135; 0.00429415212121
24423.31125480641; 0.00423386154119
24425.82022999146; 0.00417400218925
24428.32920517652; 0.00411510498336
24430.83818036158; 0.00405620542138
24433.34715554664; 0.00399826092661
24435.8561307317; 0.00394153639007
24438.36510591675; 0.00388492009994
24440.87408110181; 0.00382856607101
24443.38305628687; 0.00377265349387
24445.89203147193; 0.00371787903813
24448.40100665699; 0.00366336614489
24450.90998184204; 0.00360965670208
24453.4189570271; 0.00355565843883
24455.92793221216; 0.00350311190542
24458.43690739722; 0.003450162063
24460.94588258228; 0.00339855090294
24463.45485776733; 0.00334688817448
24465.9638329524; 0.00329605880751
24468.47280813745; 0.00324700368361
24470.98178332251; 0.00319661701845
24473.49075850757; 0.00314711946179
24475.99973369262; 0.00309838965094
24478.50870887769; 0.00304976834432
24481.01768406274; 0.00300301631642
24483.5266592478; 0.00295525176617
24486.03563443286; 0.00290896975963
24488.54460961791; 0.00286204339568
24491.05358480298; 0.00281718762305
24493.56255998803; 0.00277178201179
24496.07153517309; 0.00272762745383
24498.58051035815; 0.00268311975964
24501.08948554321; 0.00263975202221
24503.59846072826; 0.00259718492635
24506.10743591332; 0.00255355379604
24508.61641109838; 0.0025122518653
24511.12538628344; 0.00247013087735
24513.6343614685; 0.00242973907169
24516.14333665355; 0.00238911130617
24518.65231183861; 0.00234804573529
24521.16128702367; 0.00230969387468
24523.67026220873; 0.00227055838838
24526.17923739379; 0.00223263753333
24528.68821257884; 0.00219439789124
24531.1971877639; 0.00215630729572
24533.70616294896; 0.00212069923934
24536.21513813402; 0.00208436361933
24538.72411331908; 0.00204906036767
24541.23308850413; 0.00201280639887
24543.74206368919; 0.00197856891245
24546.25103887425; 0.00194436291206
24548.76001405931; 0.00191097299641
24551.26898924437; 0.00187850182577
24553.77796442942; 0.00184575520945
24556.28693961448; 0.00181476049131
24558.79591479954; 0.0017831929885
24561.3048899846; 0.00175213099069
24563.81386516966; 0.00172293758449
24566.32284035471; 0.00169354624518
24568.83181553977; 0.00166534512493
24571.34079072483; 0.00163721377265
24573.84976590989; 0.00161025660491
24576.35874109495; 0.00158363441154
24578.86771628; 0.00155755844041
24581.37669146506; 0.00153281793394
24583.88566665012; 0.00150793606627
24586.39464183518; 0.00148485464947
24588.90361702024; 0.00146161798831
24591.4125922053; 0.00144003633175
24593.92156739035; 0.00141790367758
24596.43054257541; 0.00139762413205
24598.93951776047; 0.0013774904349
24601.44849294553; 0.00135890975542
24603.95746813059; 0.0013402084578
24606.46644331564; 0.00132347293847
24608.9754185007; 0.00130666288542
24611.48439368576; 0.00129119887843
24613.99336887082; 0.00127676798229
24616.50234405588; 0.00126288001332
24619.01131924093; 0.00124942517225
24621.52029442599; 0.00123695468061
24624.02926961105; 0.00122609361416
24626.53824479611; 0.00121632759631
24629.04721998117; 0.00120661055181
24631.55619516622; 0.00119891657211
24634.06517035128; 0.00119143436675
24636.57414553634; 0.00118581861062
24639.0831207214; 0.00117983693154
24641.59209590646; 0.00117475894997
24644.10107109151; 0.00117058868155
24646.61004627657; 0.00116829259423
24649.11902146163; 0.00116661007623
24651.62799664669; 0.00116541889531
24654.13697183175; 0.00116577198948
24656.6459470168; 0.0011660504739
24659.15492220186; 0.00116752055678
24661.66389738692; 0.00116938269336
24664.17287257198; 0.00117335299848
24666.68184775704; 0.00117645942567
24669.1908229421; 0.00118184737828
24671.69979812715; 0.00118632206889
24674.20877331221; 0.00119221311098
24676.71774849727; 0.00119876834336
24679.22672368233; 0.00120650588147
24681.73569886739; 0.00121504630433
24684.24467405244; 0.00122290736565
24686.7536492375; 0.00123170752662
24689.26262442256; 0.00124258835815
24691.77159960762; 0.00125259691291
24694.28057479268; 0.00126348687058
24696.78954997773; 0.00127467409898
24699.29852516279; 0.00128640527212
24701.80750034785; 0.00129769420706
24704.31647553291; 0.00131026702727
24706.82545071797; 0.00132341039227
24709.33442590302; 0.00133685750659
24711.84340108808; 0.00135092780436
24714.35237627314; 0.00136436159657
24716.8613514582; 0.00137794777311
24719.37032664326; 0.00139297953563
24721.87930182831; 0.00140799612306
24724.38827701337; 0.00142328537345
24726.89725219843; 0.00143815605223
24729.40622738349; 0.00145380644028
24731.91520256855; 0.00147012979691
24734.4241777536; 0.00148669711843
24736.93315293866; 0.0015018097352
24739.44212812372; 0.00151823946749
24741.95110330878; 0.00153428232238
24744.46007849384; 0.00155141948097
24746.96905367889; 0.00156753711027
24749.47802886395; 0.00158520898896
24751.98700404901; 0.00160268829784
24754.49597923407; 0.0016194729155
24757.00495441913; 0.0016369472767
24759.51392960419; 0.00165466330086
24762.02290478924; 0.00167160831899
24764.5318799743; 0.0016896129372
24767.04085515936; 0.00170699555956
24769.54983034442; 0.00172472433086
24772.05880552948; 0.00174251678727
24774.56778071453; 0.00176037695459
24777.07675589959; 0.00177786018096
24779.58573108465; 0.00179540036069
24782.09470626971; 0.00181401257201
24784.60368145477; 0.00183168361463
24787.11265663982; 0.00184979851224
24789.62163182488; 0.00186721465789
24792.13060700994; 0.0018853928184
24794.639582195; 0.00190360192634
24797.14855738006; 0.00192264180133
24799.65753256511; 0.00193944263339
24802.16650775017; 0.00195742025961
24804.67548293523; 0.00197687001031
24807.18445812029; 0.00199389239717
24809.69343330535; 0.00201154160739
24812.2024084904; 0.00202951209357
24814.71138367546; 0.00204769900219
24817.22035886052; 0.00206585924767
24819.72933404558; 0.00208376417879
24822.23830923064; 0.00210179816564
24824.74728441569; 0.00211965453954
24827.25625960075; 0.00213763331593
24829.76523478581; 0.00215616582956
24832.27420997087; 0.00217303341835
24834.78318515593; 0.00219033557073
24837.29216034098; 0.00220858515701
24839.80113552604; 0.00222636324916
24842.3101107111; 0.00224391228924
24844.81908589616; 0.00226095658566
24847.32806108122; 0.00227908019402
24849.83703626628; 0.00229701773571
24852.34601145133; 0.00231450477005
24854.85498663639; 0.00233289230133
24857.36396182145; 0.00234631898869
24859.87293700651; 0.00224910242203
24862.38191219157; 0.00227968698554
24864.89088737662; 0.00233908604857
24867.39986256168; 0.00239133809871
24869.90883774674; 0.00242273658013
24872.4178129318; 0.00238285935907
24874.92678811686; 0.0026251923808
24877.43576330191; 0.00261181413092
24879.94473848697; 0.00255839938016
24882.45371367203; 0.00254564352215
24884.96268885709; 0.0025516282462
24887.47166404215; 0.00256480212921
24889.9806392272; 0.00257857122889
24892.48961441226; 0.00259425975666
24894.99858959732; 0.00261086033463
24897.50756478238; 0.00262722876258
24900.01653996744; 0.00264318451542
24902.52551515249; 0.00265963553944
24905.03449033755; 0.00267598556749
24907.54346552261; 0.00269301907007
24910.05244070767; 0.00270897560823
24912.56141589273; 0.00272578155115
24915.07039107778; 0.0027420202643
24917.57936626284; 0.00275759284296
24920.0883414479; 0.00277321585455
24922.59731663296; 0.00278953849586
24925.10629181802; 0.00280594386427
24927.61526700308; 0.00282144216158
24930.12424218813; 0.00283749811101
24932.63321737319; 0.00285384372509
24935.14219255825; 0.00286969377828
24937.65116774331; 0.00288591483569
24940.16014292837; 0.00290006583217
24942.66911811342; 0.00291608957332
24945.17809329848; 0.00293205280073
24947.68706848354; 0.0029481223467
24950.1960436686; 0.00296300295107
24952.70501885366; 0.00297869634589
24955.21399403871; 0.0029942183492
24957.72296922377; 0.00300943250299
24960.23194440883; 0.00302373785718
24962.74091959389; 0.00303898593578
24965.24989477895; 0.00305470809656
24967.758869964; 0.00306977503163
24970.26784514906; 0.00308521855716
24972.77682033412; 0.0031001428345
24975.28579551918; 0.00311518314349
24977.79477070424; 0.00313049649338
24980.30374588929; 0.00314376967005
24982.81272107435; 0.00315882284563
24985.32169625941; 0.00317430060303
24987.83067144447; 0.00318817388683
24990.33964662953; 0.00320322517472
24992.84862181458; 0.00321793953371
24995.35759699964; 0.00323288480547
24997.8665721847; 0.00324709678727
25000.37554736976; 0.00326262107
25002.88452255482; 0.00327593994269
25005.39349773987; 0.00329030159506
25007.90247292493; 0.0033045646158
25010.41144810999; 0.003318065028
25012.92042329505; 0.00333271034149
25015.42939848011; 0.00334609181468
25017.93837366517; 0.00336017962128
25020.44734885022; 0.00337435787659
25022.95632403528; 0.00338823946755
25025.46529922034; 0.00340197984162
25027.9742744054; 0.00341643173283
25030.48324959046; 0.00342877599807
25032.99222477551; 0.00344342185234
25035.50119996057; 0.00345676851653
25038.01017514563; 0.00347081759698
25040.51915033069; 0.00348369418334
25043.02812551575; 0.00349787636846
25045.5371007008; 0.00351128424351
25048.04607588586; 0.00352477806211
25050.55505107092; 0.00353802035896
25053.06402625598; 0.00355128086404
25055.57300144104; 0.00356531231096
25058.08197662609; 0.00357827648435
25060.59095181115; 0.00359165483327
25063.09992699621; 0.00360448827987
25065.60890218127; 0.00361775676232
25068.11787736633; 0.00363079391952
25070.62685255138; 0.00364421270911
25073.13582773644; 0.00365718818482
25075.6448029215; 0.00367025213149
25078.15377810656; 0.00368250969249
25080.66275329162; 0.00369605980825
25083.17172847667; 0.00370943026658
25085.68070366173; 0.00372281906812
25088.18967884679; 0.00373412234357
25090.69865403185; 0.00374788288766
25093.20762921691; 0.00376001046333
25095.71660440197; 0.00377285050412
25098.22557958702; 0.00378595333418
25100.73455477208; 0.00379767617927
25103.24352995714; 0.00381058788503
25105.7525051422; 0.00382292746784
25108.26148032726; 0.00383594245425
25110.77045551231; 0.003847333078
25113.27943069737; 0.00385996752648
25115.78840588243; 0.00387253845052
25118.29738106749; 0.003884338988
25120.80635625255; 0.00389706739956
25123.3153314376; 0.00390822707442
25125.82430662266; 0.00392117660387
25128.33328180772; 0.00393296786919
25130.84225699278; 0.0039441256561
25133.35123217784; 0.00395760062524
25135.86020736289; 0.00396842350524
25138.36918254795; 0.0039803269252
25140.87815773301; 0.0039924884808
25143.38713291807; 0.00400496693905
25145.89610810313; 0.0040162277089
25148.40508328818; 0.00402798732365
25150.91405847324; 0.00403989393398
25153.4230336583; 0.00405083143288
25155.93200884336; 0.00406316213496
25158.44098402842; 0.00407376475748
25160.94995921347; 0.00408636973454
25163.45893439853; 0.00409655228717
25165.96790958359; 0.00410881885209
25168.47688476865; 0.00412004588452
25170.9858599537; 0.00413203985313
25173.49483513876; 0.00414302090445
25176.00381032382; 0.00415470659766
25178.51278550888; 0.00416561267295
25181.02176069394; 0.00417686315744
25183.53073587899; 0.00418853052215
25186.03971106406; 0.00419924633272
25188.54868624911; 0.00420904750516
25191.05766143417; 0.00422036103522
25193.56663661923; 0.00423103984757
25196.07561180428; 0.00424252005313
25198.58458698935; 0.00425289150095
25201.0935621744; 0.00426420399932
25203.60253735946; 0.00427545982389
25206.11151254452; 0.00428628815212
25208.62048772957; 0.00429673446656
25211.12946291464; 0.00430780743799
25213.63843809969; 0.00431775490442
25216.14741328475; 0.0043284561384
25218.65638846981; 0.00433904645334
25221.16536365487; 0.00435013417352
25223.67433883993; 0.00436022546254
25226.18331402498; 0.00437117384375
25228.69228921004; 0.0043820601091
25231.2012643951; 0.00439225784668
25233.71023958016; 0.00440263769698
25236.21921476522; 0.00441380895387
25238.72818995027; 0.00442441887764
25241.23716513533; 0.00443503958788
25243.74614032039; 0.00444549709167
25246.25511550545; 0.00445590601382
25248.76409069051; 0.00446576805137
25251.27306587556; 0.00447572509369
25253.78204106062; 0.0044862994683
25256.29101624568; 0.00449627708208
25258.79999143074; 0.0045068512689
25261.3089666158; 0.00451732830627
25263.81794180085; 0.00452690867759
25266.32691698591; 0.00453747655475
25268.83589217097; 0.00454792177853
25271.34486735603; 0.00455736913634
25273.85384254108; 0.00456703067192
25276.36281772615; 0.00457716208107
25278.8717929112; 0.00458802939093
25281.38076809626; 0.00459668678262
25283.88974328132; 0.00460684877072
25286.39871846637; 0.00461657229689
25288.90769365144; 0.00462692968691
25291.41666883649; 0.00463416320684
25293.92564402155; 0.00464344028593
25296.43461920661; 0.00465323996136
25298.94359439167; 0.00466277746242
25301.45256957672; 0.00467254735641
25303.96154476178; 0.00468088973393
25306.47051994684; 0.00469086465475
25308.9794951319; 0.00470005231681
25311.48847031696; 0.0047093915783
25313.99744550201; 0.00471885259377
25316.50642068707; 0.004728604601
25319.01539587213; 0.00473720738294
25321.52437105719; 0.00474762474399
25324.03334624225; 0.00475664329434
25326.5423214273; 0.00476676360245
25329.05129661236; 0.00477512177767
25331.56027179742; 0.00478454691031
25334.06924698248; 0.00479426574339
25336.57822216754; 0.00480260463177
25339.08719735259; 0.00481129838192
25341.59617253765; 0.00482093286992
25344.10514772271; 0.00483037568015
25346.61412290777; 0.00483958223681
25349.12309809283; 0.00484759928253
25351.63207327788; 0.00485657409016
25354.14104846295; 0.00486695350454
25356.650023648; 0.0048758970422
25359.15899883306; 0.00488465811379
25361.66797401812; 0.00489348131192
25364.17694920317; 0.00490226020106
25366.68592438824; 0.00491133354818
25369.19489957329; 0.00492054434186
25371.70387475835; 0.00492897145901
25374.21284994341; 0.00493709696628
25376.72182512846; 0.00494751097703
25379.23080031353; 0.00495533100215
25381.73977549858; 0.00496405717959
25384.24875068364; 0.004973194382
25386.7577258687; 0.00498153777867
25389.26670105376; 0.00499074813999
25391.77567623882; 0.00499885652846
25394.28465142387; 0.00500669343619
25396.79362660893; 0.00501608981542
25399.30260179399; 0.0050247715486
25401.81157697905; 0.00503349091097
25404.3205521641; 0.0050418481083
25406.82952734916; 0.00505031173982
25409.33850253422; 0.00505925577316
25411.84747771928; 0.00506754696733
25414.35645290434; 0.00507538659141
25416.86542808939; 0.00508438741908
25419.37440327445; 0.00509189404449
25421.88337845951; 0.00510017482841
25424.39235364457; 0.00510926680056
25426.90132882963; 0.0051167198196
25429.41030401468; 0.00512473552006
25431.91927919974; 0.00513341762972
25434.4282543848; 0.00514190860402
25436.93722956986; 0.00514974319479
25439.44620475492; 0.0051582952674
25441.95517993997; 0.00516624656163
25444.46415512503; 0.00517360561664
25446.97313031009; 0.00518225711399
25449.48210549515; 0.00519026817437
25451.99108068021; 0.0051992166384
25454.50005586526; 0.00520637934548
25457.00903105032; 0.00521418722463
25459.51800623538; 0.00522177611471
25462.02698142044; 0.00523014730467
25464.5359566055; 0.00523873639837
25467.04493179055; 0.00524632415599
25469.55390697561; 0.00525433153937
25472.06288216067; 0.00526287002809
25474.57185734573; 0.0052704174211
25477.08083253079; 0.00527834078473
25479.58980771585; 0.00528708082584
25482.0987829009; 0.00529400279777
25484.60775808596; 0.00530233647921
25487.11673327102; 0.00530993589445
25489.62570845608; 0.00531725126559
22983.15949858309; -0.000640215716352; -0.0165050893791
22985.66847376814; -0.000643806627028; -0.0165275433236
22988.1774489532; -0.000646958400747; -0.0165497295259
22990.68642413826; -0.000650768176422; -0.0165724744346
22993.19539932332; -0.000654886390052; -0.0165946110598
22995.70437450838; -0.000657693309732; -0.0166169665153
22998.21334969343; -0.000661374552726; -0.0166399752019
23000.72232487849; -0.000664905293616; -0.0166624624203
23003.23130006355; -0.000669341142463; -0.0166849343642
23005.74027524861; -0.000672801052779; -0.0167082739787
23008.24925043367; -0.000676506556835; -0.0167316035046
23010.75822561872; -0.000679968362076; -0.0167551811955
23013.26720080378; -0.000683760396043; -0.0167787608562
23015.77617598884; -0.000687751467043; -0.0168025851558
23018.2851511739; -0.000690938577104; -0.0168265210005
23020.79412635896; -0.000695336285263; -0.0168494172073
23023.30310154401; -0.000698719630126; -0.0168731945164
23025.81207672907; -0.000703144682424; -0.0168977463029
23028.32105191413; -0.000706437638402; -0.0169225610763
23030.83002709919; -0.000710684315962; -0.01694698281
23033.33900228425; -0.000714698218065; -0.0169713706901
23035.8479774693; -0.000719490576072; -0.0169964132761
23038.35695265436; -0.000723278800297; -0.0170208993248
23040.86592783942; -0.00072743137819; -0.0170465204925
23043.37490302448; -0.000731236959096; -0.0170717623592
23045.88387820954; -0.000736108940395; -0.0170979760048
23048.39285339459; -0.000740510042811; -0.0171219467084
23050.90182857965; -0.000744988972305; -0.0171482218824
23053.41080376471; -0.000749406609008; -0.0171742769179
23055.91977894977; -0.000753292387451; -0.017200219477
23058.42875413483; -0.000757432232968; -0.017225803199
23060.93772931988; -0.000762301648249; -0.0172529857725
23063.44670450494; -0.000766825471511; -0.0172786319031
23065.95567969; -0.000771084473546; -0.0173046768228
23068.46465487506; -0.000776112111862; -0.0173312492694
23070.97363006012; -0.000780485932798; -0.0173579679101
23073.48260524518; -0.000785310253281; -0.0173849505203
23075.99158043023; -0.00078970733647; -0.0174122291823
23078.50055561529; -0.000794756999658; -0.0174390571894
23081.00953080035; -0.000799113064961; -0.0174662327121
23083.51850598541; -0.00080396442636; -0.0174938512016
23086.02748117047; -0.000808740184562; -0.0175210957514
23088.53645635552; -0.000813376325231; -0.0175504264855
23091.04543154058; -0.000818626151814; -0.0175775366933
23093.55440672564; -0.000823118203064; -0.0176066183082
23096.0633819107; -0.000828757143906; -0.0176355691077
23098.57235709576; -0.00083338256697; -0.0176634378524
23101.08133228081; -0.000839173199187; -0.0176914881059
23103.59030746587; -0.000844281457988; -0.0177203007024
23106.09928265093; -0.000849220162491; -0.0177496145859
23108.60825783599; -0.000854533634175; -0.0177786999303
23111.11723302105; -0.000860669778595; -0.0178072898709
23113.6262082061; -0.000865086845526; -0.0178361538126
23116.13518339116; -0.000870523234363; -0.0178670689281
23118.64415857622; -0.000876302518411; -0.0178965597116
23121.15313376128; -0.000880723806096; -0.0179258271107
23123.66210894634; -0.000887095198376; -0.0179569162459
23126.17108413139; -0.000892889779079; -0.0179876862472
23128.68005931645; -0.000898452237019; -0.0180177657744
23131.18903450151; -0.000903452512425; -0.0180486172307
23133.69800968657; -0.000910192616752; -0.018080284349
23136.20698487163; -0.000915606208798; -0.018111449684
23138.71596005668; -0.000920951908138; -0.0181424665342
23141.22493524174; -0.000927104088435; -0.0181744428908
23143.7339104268; -0.000932372234081; -0.0182063890905
23146.24288561186; -0.000939058170048; -0.0182382403647
23148.75186079692; -0.000945503409468; -0.0182702510696
23151.26083598198; -0.000951491277904; -0.0183030426255
23153.76981116703; -0.000957569032341; -0.0183360545274
23156.27878635209; -0.000964650725996; -0.018368676387
23158.78776153715; -0.000970878054095; -0.0184012628306
23161.29673672221; -0.000976863394307; -0.0184352380023
23163.80571190727; -0.000983778276719; -0.0184686300659
23166.31468709232; -0.00099049201744; -0.0185025375574
23168.82366227738; -0.000996779625351; -0.0185372988404
23171.33263746244; -0.00100378239341; -0.0185709062208
23173.8416126475; -0.00101073838148; -0.0186049854124
23176.35058783256; -0.00101758042116; -0.0186396964174
23178.85956301761; -0.00102501949398; -0.0186751661499
23181.36853820267; -0.0010317487442; -0.0187104390538
23183.87751338773; -0.00103941326851; -0.0187459834225
23186.38648857279; -0.0010467853951; -0.0187814096411
23188.89546375785; -0.00105410458573; -0.0188188877611
23191.4044389429; -0.00106086454737; -0.0188549824646
23193.91341412796; -0.00106913133844; -0.0188905503841
23196.42238931302; -0.00107619691727; -0.0189273532013
23198.93136449808; -0.00108350196559; -0.0189645197952
23201.44033968314; -0.00109163954219; -0.0190021556742
23203.94931486819; -0.00109987038177; -0.0190393886495
23206.45829005325; -0.00110536527111; -0.0190749374743
23208.96726523831; -0.00111370726829; -0.0191115409188
23211.47624042337; -0.00112169209069; -0.0191496958727
23213.98521560843; -0.00112966604194; -0.0191890810777
23216.49419079348; -0.00113826148943; -0.0192276058861
23219.00316597854; -0.00114676892707; -0.0192671379799
23221.5121411636; -0.00115528881562; -0.0193057655017
23224.02111634866; -0.00116348084267; -0.0193448129639
23226.53009153372; -0.00117154222542; -0.0193852270022
23229.03906671877; -0.00118051410626; -0.0194251171705
23231.54804190383; -0.00118920223688; -0.0194653565097
23234.05701708889; -0.00119780205568; -0.0195055276223
23236.56599227395; -0.00120644234907; -0.0195471848428
23239.07496745901; -0.00121621054153; -0.0195890191665
23241.58394264407; -0.00122450451462; -0.0196298183754
23244.09291782912; -0.00123338880172; -0.0196724336673
23246.60189301418; -0.00124379999946; -0.019714772854
23249.11086819924; -0.00125311028859; -0.01975805084
23251.6198433843; -0.00126296798438; -0.0198010979943
23254.12881856936; -0.00127261072288; -0.0198445572807
23256.63779375441; -0.00128231449086; -0.0198887374398
23259.14676893947; -0.00129279095189; -0.0199316816235
23261.65574412453; -0.00130231636813; -0.0199762177646
23264.16471930959; -0.00131275868209; -0.0200218306833
23266.67369449465; -0.00132259081056; -0.0200665518078
23269.1826696797; -0.00133369890621; -0.0201118035102
23271.69164486476; -0.00134366335236; -0.0201579234988
23274.20062004982; -0.00135370145296; -0.0202038432177
23276.70959523488; -0.00136564246988; -0.0202504793759
23279.21857041994; -0.00137673592654; -0.0202970397773
23281.72754560499; -0.00138742812573; -0.0203444231755
23284.23652079005; -0.00139915623308; -0.020391997818
23286.74549597511; -0.00141042547086; -0.0204401793898
23289.25447116017; -0.00142166829941; -0.0204885083869
23291.76344634523; -0.00143263234232; -0.0205362714163
23294.27242153028; -0.00144547139287; -0.0205856424577
23296.78139671534; -0.00145753091349; -0.0206350075983
23299.2903719004; -0.00147021221704; -0.0206855719677
23301.79934708546; -0.00148155450592; -0.0207355460751
23304.30832227052; -0.00149482342816; -0.0207856332607
23306.81729745557; -0.00150711780789; -0.0208377831895
23309.32627264063; -0.00152066451596; -0.0208880151783
23311.83524782569; -0.00153303819637; -0.0209398490629
23314.34422301075; -0.00154637276331; -0.0209921653188
23316.85319819581; -0.00156021057206; -0.0210447154277
23319.36217338086; -0.00157395986198; -0.0210974415301
23321.87114856592; -0.00158719317126; -0.0211513393738
23324.38012375098; -0.00160111174445; -0.0212043029056
23326.88909893604; -0.00161453023638; -0.021258773869
23329.3980741211; -0.00162923612657; -0.0213132396399
23331.90704930616; -0.0016436499301; -0.0213677804821
23334.41602449121; -0.00165858132151; -0.0214244923512
23336.92499967627; -0.00167335854864; -0.0214811690915
23339.43397486133; -0.00168849870073; -0.021538255807
23341.94295004638; -0.0017040449166; -0.0215946077835
23344.45192523145; -0.00171925458965; -0.0216525013148
23346.9609004165; -0.00173579759246; -0.0217096742843
23349.46987560156; -0.00175175573542; -0.0217685505536
23351.97885078662; -0.00176814347594; -0.0218276443034
23354.48782597168; -0.00178434139409; -0.0218872080008
23356.99680115674; -0.00180060697123; -0.0219473609933
23359.50577634179; -0.0018176303038; -0.0220088783376
23362.01475152685; -0.00183513666345; -0.0220702640609
23364.52372671191; -0.00185202624565; -0.0221323087134
23367.03270189697; -0.00186978802238; -0.0221946400203
23369.54167708203; -0.00188872669373; -0.0222569378059
23372.05065226708; -0.00190539990372; -0.022320749718
23374.55962745214; -0.00192392789195; -0.0223842170943
23377.0686026372; -0.00194347491155; -0.0224486317179
23379.57757782226; -0.00196182796467; -0.0225136769466
23382.08655300732; -0.00198035932031; -0.0225808152558
23384.59552819237; -0.00200072492926; -0.02264597066
23387.10450337743; -0.002020715273; -0.0227146954439
23389.61347856249; -0.00204058385018; -0.0227812948564
23392.12245374755; -0.00206195119785; -0.0228502193208
23394.63142893261; -0.00208162426976; -0.0229186663511
23397.14040411766; -0.00210207356885; -0.0229880101551
23399.64937930272; -0.00212396241247; -0.0230583079666
23402.15835448778; -0.00214579051207; -0.0231289788506
23404.66732967284; -0.00216761007978; -0.0232007480645
23407.17630485789; -0.00219071584903; -0.0232726857257
23409.68528004296; -0.00221291689212; -0.0233455721982
23412.19425522801; -0.00223594973472; -0.0234196245381
23414.70323041307; -0.00226052207488; -0.0234939279266
23417.21220559813; -0.00228308266607; -0.0235699430917
23419.72118078318; -0.00230765851263; -0.0236448494064
23422.23015596825; -0.00233131285681; -0.0237208664263
23424.7391311533; -0.00235702254555; -0.0237983639186
23427.24810633836; -0.00238263977605; -0.0238765705143
23429.75708152342; -0.00240875798656; -0.0239561978176
23432.26605670847; -0.00243525511712; -0.0240346155447
23434.77503189354; -0.00246128248099; -0.0241149326109
23437.28400707859; -0.00248858750295; -0.0241961585594
23439.79298226365; -0.00251613921069; -0.024278454931
23442.30195744871; -0.00254366713403; -0.0243611301968
23444.81093263377; -0.00257175377355; -0.024443925024
23447.31990781883; -0.00260151541134; -0.0245298982988
23449.82888300388; -0.00263084641696; -0.0246152394651
23452.33785818894; -0.00266031161729; -0.0247008032832
23454.846833374; -0.00268989016342; -0.0247886665198
23457.35580855906; -0.00272170822589; -0.0248773518626
23459.86478374412; -0.00275382150945; -0.0249646078576
23462.37375892917; -0.00278557412452; -0.0250554775362
23464.88273411423; -0.00281805510056; -0.0251460905737
23467.39170929929; -0.00285164251932; -0.0252383822293
23469.90068448435; -0.00288482064266; -0.0253317988664
23472.4096596694; -0.00291975105055; -0.0254249670614
23474.91863485446; -0.00295448625813; -0.0255211881997
23477.42761003952; -0.00299005955843; -0.0256158760411
23479.93658522458; -0.0030260682455; -0.0257134545476
23482.44556040964; -0.00306329315004; -0.0258118732034
23484.95453559469; -0.00310078600303; -0.0259110345054
23487.46351077975; -0.00313884549004; -0.0260105830485
23489.97248596481; -0.00317733467047; -0.0261114481455
23492.48146114987; -0.00321657756001; -0.0262134468258
23494.99043633493; -0.00325705876786; -0.0263171679669
23497.49941151998; -0.00329763187077; -0.0264222996906
23500.00838670505; -0.00334096909716; -0.0265281415359
23502.5173618901; -0.00338284188812; -0.0266349660388
23505.02633707516; -0.00342624284938; -0.0267434162331
23507.53531226022; -0.00347111780832; -0.0268536284159
23510.04428744527; -0.00351661968509; -0.0269642177608
23512.55326263034; -0.00356237186084; -0.0270773842088
23515.06223781539; -0.00360997228353; -0.0271898720588
23517.57121300045; -0.00365755502022; -0.027305441182
23520.08018818551; -0.00370587061997; -0.0274210628095
23522.58916337057; -0.00375554922306; -0.0275380041956
23525.09813855562; -0.00380682006733; -0.0276566963331
23527.60711374068; -0.00385859497804; -0.0277775425721
23530.11608892574; -0.00391107157345; -0.0278991266341
23532.6250641108; -0.00396526552659; -0.028020792178
23535.13403929586; -0.00401962029452; -0.0281464049912
23537.64301448091; -0.00407597629174; -0.0282717298988
23540.15198966597; -0.00413341783802; -0.0283998473592
23542.66096485103; -0.0041922651581; -0.0285283472395
23545.16994003609; -0.00425128604399; -0.0286589324979
23547.67891522115; -0.0043126561209; -0.0287924295299
23550.1878904062; -0.00437564930682; -0.0289275645165
23552.69686559126; -0.00443933189448; -0.0290627745402
23555.20584077632; -0.00450329142657; -0.0291993709014
23557.71481596138; -0.00457096857385; -0.0293388243164
23560.22379114644; -0.00463792269707; -0.0294790425083
23562.73276633149; -0.00470785419474; -0.0296217481967
23565.24174151655; -0.004779169412; -0.0297678287411
23567.75071670161; -0.00485117672346; -0.029913596903
23570.25969188667; -0.00492494390166; -0.0300625322541
23572.76866707173; -0.00500110180819; -0.0302136399478
23575.27764225678; -0.00507801009136; -0.0303660798148
23577.78661744185; -0.00515726033757; -0.0305188852789
23580.2955926269; -0.00523851649468; -0.0306763575448
23582.80456781196; -0.00532130824376; -0.030834090145
23585.31354299702; -0.00540679900521; -0.0309952116131
23587.82251818207; -0.00549288349382; -0.0311585170142
23590.33149336714; -0.00558224452298; -0.0313238866144
23592.84046855219; -0.00567340780618; -0.0314915630216
23595.34944373725; -0.00576704974476; -0.0316629785886
23597.85841892231; -0.00586161284507; -0.0318344299461
23600.36739410736; -0.00595981764881; -0.0320096711759
23602.87636929242; -0.0060598872461; -0.0321870164765
23605.38534447748; -0.00616270247077; -0.0323657333766
23607.89431966254; -0.00626772519896; -0.0325475284397
23610.4032948476; -0.00637520266397; -0.0327326511176
23612.91227003266; -0.00648560643442; -0.0329190751914
23615.42124521771; -0.00659923607899; -0.0331098720312
23617.93022040277; -0.00671494351257; -0.0333017445442
23620.43919558783; -0.00683361985535; -0.0334964458426
23622.94817077289; -0.00695577253307; -0.033694556439
23625.45714595795; -0.00708089278378; -0.0338969516192
23627.966121143; -0.00720952754517; -0.0341006826054
23630.47509632806; -0.00734104156038; -0.0343073022925
23632.98407151312; -0.00747722736503; -0.0345170367864
23635.49304669818; -0.0076163622749; -0.0347315188304
23638.00202188324; -0.00775956863208; -0.0349460751449
23640.51099706829; -0.00790632797644; -0.0351644164887
23643.01997225335; -0.00805672376177; -0.0353872345117
23645.52894743841; -0.00821212266155; -0.0356109386548
23648.03792262347; -0.00837070207681; -0.0358388048764
23650.54689780853; -0.00853367575799; -0.0360701938414
23653.05587299358; -0.0087016792964; -0.0363056402633
23655.56484817864; -0.00887478501386; -0.0365430519566
23658.0738233637; -0.00905271391735; -0.0367846494955
23660.58279854876; -0.00923621338885; -0.0370293014452
23663.09177373382; -0.00942379311878; -0.0372782353046
23665.60074891887; -0.00961761350855; -0.0375307530426
23668.10972410393; -0.00981811049865; -0.0377864134746
23670.61869928899; -0.0100236033138; -0.038046080289
23673.12767447405; -0.0102350806275; -0.0383098566588
23675.63664965911; -0.0104531096617; -0.0385771447238
23678.14562484416; -0.010677807267; -0.0388482430269
23680.65460002922; -0.0109096405924; -0.0391241665031
23683.16357521428; -0.0111476748188; -0.0394032606574
23685.67255039934; -0.0113950156818; -0.0396865175385
23688.1815255844; -0.0116491212998; -0.0399746786337
23690.69050076945; -0.0119108780374; -0.0402660586978
23693.19947595451; -0.0121826301983; -0.0405628519516
23695.70845113957; -0.012461374049; -0.0408639300204
23698.21742632463; -0.0127514619489; -0.041168762029
23700.72640150969; -0.0130490622309; -0.041478331156
23703.23537669475; -0.01335702891; -0.0417901483109
23705.7443518798; -0.0136750918056; -0.0421091311742
23708.25332706486; -0.0140042893822; -0.0424303482372
23710.76230224992; -0.0143441520247; -0.0427550204852
23713.27127743498; -0.0146969276661; -0.0430853794068
23715.78025262004; -0.0150600151389; -0.0434172546356
23718.28922780509; -0.0154369476264; -0.0437560257823
23720.79820299015; -0.015827409921; -0.0440985609518
23723.30717817521; -0.0162315174482; -0.0444440287999
23725.81615336027; -0.016649819482; -0.0447944612036
23728.32512854533; -0.0170831670082; -0.0451475306565
23730.83410373038; -0.0175310413233; -0.0455019328428
23733.34307891544; -0.0179955650587; -0.0458620425356
23735.8520541005; -0.0184776391556; -0.046225055327
23738.36102928556; -0.018977460589; -0.0465923395034
23740.87000447062; -0.0194958079492; -0.0469593230721
23743.37897965567; -0.0200340554335; -0.0473300561827
23745.88795484073; -0.0205904269645; -0.0477030502937
23748.39693002579; -0.0211705565505; -0.0480794506773
23750.90590521085; -0.0217705886949; -0.0484546483744
23753.41488039591; -0.0223939254626; -0.0488324210927
23755.92385558096; -0.023041521885; -0.0492094266051
23758.43283076602; -0.0237138834969; -0.0495878412886
23760.94180595108; -0.0244146678584; -0.0499654180129
23763.45078113614; -0.0251383178208; -0.0503378394448
23765.9597563212; -0.0258928355542; -0.0507103968618
23768.46873150625; -0.0266745182526; -0.0510762193175
23770.97770669131; -0.0274880804732; -0.051441246764
23773.48668187637; -0.0283336271497; -0.0517972260604
23775.99565706143; -0.0292128587649; -0.0521479717963
23778.50463224649; -0.030123828824; -0.0524878627251
23781.01360743155; -0.0310728613251; -0.0528189545573
23783.5225826166; -0.0320571980877; -0.0531383165806
23786.03155780166; -0.0330791662861; -0.0534426446809
23788.54053298672; -0.0341415596077; -0.0537330910647
23791.04950817178; -0.0352458539237; -0.0540052681475
23793.55848335684; -0.0363933059402; -0.0542606436463
23796.06745854189; -0.0375825146075; -0.0544906255312
23798.57643372695; -0.0388173065177; -0.0546937245392
23801.08540891201; -0.0400954912813; -0.0548673908365
23803.59438409707; -0.0414202720248; -0.0550089262501
23806.10335928213; -0.0427928698916; -0.0551154954609
23808.61233446718; -0.0442110406857; -0.0551783760019
23811.12130965224; -0.0456786174798; -0.0551991319701
23813.6302848373; -0.0471947965642; -0.0551713466535
23816.13926002236; -0.0487576166538; -0.0550883922541
23818.64823520742; -0.0503680810544; -0.0549465500574
23821.15721039247; -0.0520258633829; -0.0547425631838
23823.66618557753; -0.0537335543351; -0.054471248113
23826.17516076259; -0.0554860899836; -0.0541229253153
23828.68413594765; -0.0572742472189; -0.0536893712777
23831.19311113271; -0.0591085984972; -0.0531751998947
23833.70208631776; -0.0609626627839; -0.0525596871405
23836.21106150282; -0.0628414821142; -0.0518376559653
23838.72003668788; -0.0647396279117; -0.0510086793784
23841.22901187294; -0.0666531710955; -0.0500679242373
23843.737987058; -0.0685721506225; -0.0490069181526
23846.24696224305; -0.070485456321; -0.0478177393638
23848.75593742811; -0.0723918104652; -0.0465029420287
23851.26491261317; -0.0742749706372; -0.0450559553894
23853.77388779823; -0.0761215162439; -0.0434706596554
23856.28286298329; -0.0779221521852; -0.0417476667336
23858.79183816834; -0.0796673235034; -0.0398852281311
23861.3008133534; -0.0813362443286; -0.0378872056827
23863.80978853846; -0.0829185672534; -0.0357538533399
23866.31876372352; -0.0843975912491; -0.0334882077311
23868.82773890858; -0.0857622724428; -0.0310994757706
23871.33671409364; -0.0869980488444; -0.0285950872466
23873.84568927869; -0.0880922411158; -0.0259839169791
23876.35466446375; -0.0890310193106; -0.0232819557487
23878.86363964881; -0.0898094534454; -0.020501175798
23881.37261483387; -0.0904056981611; -0.0176532976903
23883.88159001893; -0.090825437589; -0.0147610509119
23886.39056520398; -0.0910608240945; -0.011837245574
23888.89954038904; -0.0911052990074; -0.00890142912782
23891.4085155741; -0.0909586771662; -0.00597292545901
23893.91749075916; -0.0906300638197; -0.00306842850533
23896.42646594422; -0.0901123093253; -0.000203852966331
23898.93544112927; -0.0894175440165; 0.00259917692574
23901.44441631433; -0.0885596269064; 0.00533016402716
23903.95339149939; -0.0875380991215; 0.00797154422248
23906.46236668445; -0.0863745699908; 0.0105106624972
23908.97134186951; -0.0850774109329; 0.0129393333987
23911.48031705456; -0.0836580039964; 0.0152463053603
23913.98929223962; -0.0821351726848; 0.017427155855
23916.49826742468; -0.0805193798766; 0.0194750277224
23919.00724260974; -0.0788276165412; 0.0213874074531
23921.5162177948; -0.0770723214458; 0.023163776354
23924.02519297985; -0.0752667532608; 0.0248010390275
23926.53416816491; -0.0734212469097; 0.0263048977823
23929.04314334997; -0.0715502451627; 0.027675353248
23931.55211853503; -0.0696630973561; 0.028914126664
23934.06109372009; -0.0677721527398; 0.0300308037177
23936.57006890514; -0.0658855572432; 0.0310266680822
23939.0790440902; -0.0640105576737; 0.0319095666779
23941.58801927526; -0.0621530154968; 0.0326812721241
23944.09699446032; -0.0603203877941; 0.0333530978821
23946.60596964538; -0.0585130974511; 0.0339265640663
23949.11494483043; -0.056742600036; 0.0344119691441
23951.62392001549; -0.0550080869013; 0.0348126245809
23954.13289520055; -0.0533128868415; 0.0351342021472
23956.64187038561; -0.0516634491089; 0.0353877290043
23959.15084557067; -0.0500572108881; 0.03557449155
23961.65982075573; -0.0484972696879; 0.0357020740179
23964.16879594078; -0.0469828013912; 0.0357745725334
23966.67777112584; -0.0455152791799; 0.0357954974804
23969.1867463109; -0.0440934787404; 0.0357707313095
23971.69572149596; -0.0427163239082; 0.0357017900933
23974.20469668102; -0.0413856322339; 0.0355970300542
23976.71367186607; -0.040100844806; 0.0354579551164
23979.22264705113; -0.038861102153; 0.0352887384993
23981.73162223619; -0.0376636677237; 0.0350924434934
23984.24059742125; -0.0365118222319; 0.0348733195221
23986.74957260631; -0.035400400213; 0.0346320877985
23989.25854779136; -0.0343311082877; 0.0343742285493
23991.76752297642; -0.0332971267547; 0.0340952677923
23994.27649816148; -0.0323037334431; 0.0338042195594
23996.78547334654; -0.0313455786658; 0.0335000134406
23999.2944485316; -0.0304219995018; 0.0331824022623
24001.80342371665; -0.0295320613511; 0.0328556590101
24004.31239890171; -0.028676998775; 0.0325220717141
24006.82137408677; -0.0278523923556; 0.0321813107366
24009.33034927183; -0.027058621768; 0.0318360522247
24011.83932445689; -0.0262952162271; 0.0314862750735
24014.34829964194; -0.0255594081481; 0.0311330683999
24016.857274827; -0.0248502473695; 0.030776309871
24019.36625001206; -0.0241682726794; 0.0304206931614
24021.87522519712; -0.0235121602996; 0.0300629756244
24024.38420038218; -0.0228781726522; 0.0297021134065
24026.89317556723; -0.0222676258376; 0.0293443135728
24029.40215075229; -0.0216785150655; 0.0289848627106
24031.91112593735; -0.0211096643878; 0.0286263024616
24034.42010112241; -0.0205605748538; 0.0282680259097
24036.92907630747; -0.0200308244169; 0.0279129942232
24039.43805149253; -0.0195198423735; 0.0275593763762
24041.94702667758; -0.0190261182577; 0.0272080674123
24044.45600186264; -0.0185510799847; 0.0268600695687
24046.9649770477; -0.01809204133; 0.0265143171758
24049.47395223276; -0.0176473806206; 0.0261721925048
24051.98292741782; -0.0172199238234; 0.0258356344142
24054.49190260287; -0.0168062354031; 0.025500883707
24057.00087778793; -0.0164059899934; 0.0251697584206
24059.50985297299; -0.0160203990855; 0.0248428822725
24062.01882815805; -0.015646710458; 0.0245185244576
24064.52780334311; -0.0152859573318; 0.0242000447647
24067.03677852816; -0.0149365246747; 0.0238840490289
24069.54575371322; -0.0145995262304; 0.0235734617376
24072.05472889828; -0.0142723297907; 0.0232652062449
24074.56370408334; -0.0139560470002; 0.0229630954441
24077.0726792684; -0.0136488867906; 0.0226627142256
24079.58165445345; -0.0133521853277; 0.0223684509048
24082.09062963851; -0.0130647226167; 0.0220745380125
24084.59960482357; -0.0127859081797; 0.0217872622429
24087.10858000863; -0.0125155509963; 0.0215024352247
24089.61755519369; -0.0122539738118; 0.0212226665282
24092.12653037874; -0.0119984461314; 0.0209455670865
24094.6355055638; -0.0117520286573; 0.020673074255
24097.14448074886; -0.0115127190655; 0.0204026065133
24099.65345593392; -0.0112806907285; 0.0201364058163
24102.16243111898; -0.0110541482157; 0.0198748982277
24104.67140630403; -0.0108350638599; 0.0196161301048
24107.18038148909; -0.0106218023279; 0.0193617555827
24109.68935667415; -0.0104149099156; 0.0191111247389
24112.19833185921; -0.0102141125876; 0.0188634254996
24114.70730704427; -0.0100188312524; 0.0186197362084
24117.21628222932; -0.00982821551763; 0.0183803905883
24119.72525741438; -0.0096439550772; 0.0181430207149
24122.23423259944; -0.00946525701452; 0.0179089580697
24124.7432077845; -0.00929052233694; 0.0176796922696
24127.25218296956; -0.00912118277184; 0.0174528114025
24129.76115815462; -0.00895497013657; 0.0172292083004
24132.27013333967; -0.00879489561077; 0.017009248591
24134.77910852473; -0.00863860161325; 0.0167921086494
24137.28808370979; -0.00848664636973; 0.0165771643199
24139.79705889485; -0.00833816366534; 0.0163668086435
24142.30603407991; -0.00819278548697; 0.0161598115245
24144.81500926496; -0.00805375585101; 0.01595491769
24147.32398445002; -0.00791597312282; 0.0157523357906
24149.83295963508; -0.00778182546879; 0.015552697154
24152.34193482014; -0.00765098820277; 0.0153565389444
24154.8509100052; -0.00752443345428; 0.015163097174
24157.35988519025; -0.00740063353702; 0.0149716026411
24159.86886037531; -0.0072797949285; 0.0147822626735
24162.37783556037; -0.00716240405824; 0.0145971999117
24164.88681074543; -0.007046970876; 0.0144141908463
24167.39578593049; -0.00693442963781; 0.0142325843917
24169.90476111554; -0.00682498038286; 0.0140542635055
24172.4137363006; -0.00671684449481; 0.0138787308275
24174.92271148566; -0.00661233275721; 0.013704344621
24177.43168667072; -0.00651076238077; 0.0135326674262
24179.94066185578; -0.00641074307919; 0.0133648899559
24182.44963704083; -0.00631194190159; 0.0131972178122
24184.95861222589; -0.00621736405748; 0.0130317502163
24187.46758741095; -0.00612389205387; 0.0128705463359
24189.97656259601; -0.00603314282803; 0.0127089943258
24192.48553778107; -0.00594326634821; 0.0125504121207
24194.99451296612; -0.00585660692032; 0.0123939493736
24197.50348815118; -0.00577145409386; 0.0122394865381
24200.01246333624; -0.00568794096327; 0.0120873846782
24202.5214385213; -0.00560641012665; 0.011936898178
24205.03041370636; -0.00552565434073; 0.0117879561766
24207.53938889142; -0.00544855044897; 0.011642694452
24210.04836407647; -0.00537132780847; 0.0114976232604
24212.55733926153; -0.0052969856144; 0.0113539180362
24215.06631444659; -0.00522290961471; 0.0112119834768
24217.57528963165; -0.00515117320274; 0.011072715507
24220.08426481671; -0.00508054352652; 0.010935393075
24222.59324000176; -0.00501175638325; 0.0107991721336
24225.10221518682; -0.00494513716788; 0.010665356821
24227.61119037188; -0.00487823974696; 0.010532741097
24230.12016555694; -0.00481368825235; 0.0104013073906
24232.629140742; -0.00475013002274; 0.0102720984403
24235.13811592705; -0.00468782238233; 0.0101442947438
24237.64709111211; -0.00462661126307; 0.0100173995321
24240.15606629717; -0.00456696926299; 0.00989347008936
24242.66504148223; -0.00450812391778; 0.00976989477173
24245.17401666729; -0.00445043088797; 0.00964814081268
24247.68299185234; -0.00439460805788; 0.0095290917262
24250.1919670374; -0.00433786891687; 0.00940906723341
24252.70094222246; -0.00428450000643; 0.0092918319314
24255.20991740752; -0.00423159811242; 0.00917511464705
24257.71889259258; -0.00418057236621; 0.00906069945535
24260.22786777763; -0.00412908163885; 0.00894686661019
24262.73684296269; -0.00407920135228; 0.00883479018978
24265.24581814775; -0.00402934730909; 0.00872420798591
24267.75479333281; -0.00398077270603; 0.00861475085288
24270.26376851787; -0.00393367017467; 0.00850641322652
24272.77274370292; -0.00388728555558; 0.00839967183497
24275.28171888798; -0.00384095837827; 0.0082939092206
24277.79069407304; -0.00379656588035; 0.00818939710182
24280.2996692581; -0.00375270245897; 0.00808570878886
24282.80864444315; -0.00370880117812; 0.00798325200122
24285.31761962821; -0.0036664880332; 0.0078820379165
24287.82659481327; -0.00362562417985; 0.0077818593487
24290.33556999833; -0.00358441998449; 0.00768277532383
24292.84454518339; -0.00354346808175; 0.00758534624002
24295.35352036844; -0.00350462776837; 0.00748844611477
24297.86249555351; -0.00346538616619; 0.00739250312463
24300.37147073856; -0.00342678036717; 0.00729836668724
24302.88044592362; -0.00338936736511; 0.00720441311686
24305.38942110868; -0.00335240936346; 0.00711211731788
24307.89839629373; -0.00331676289345; 0.00702007980572
24310.4073714788; -0.00328095638431; 0.00692977462608
24312.91634666385; -0.0032451198791; 0.00684014365958
24315.42532184891; -0.00321160299689; 0.00675170448936
24317.93429703397; -0.00317757437306; 0.00666366288224
24320.44327221902; -0.00314393863345; 0.00657610447587
24322.95224740409; -0.00311146990655; 0.00649044997494
24325.46122258914; -0.00307930549754; 0.00640521532964
24327.9701977742; -0.00304747083365; 0.00632034460488
24330.47917295926; -0.00301634431761; 0.00623814183769
24332.98814814432; -0.00298534665215; 0.00615543176148
24335.49712332938; -0.0029551810791; 0.00607351029237
24338.00609851443; -0.00292514546422; 0.00599264870977
24340.51507369949; -0.00289638442236; 0.00591330903495
24343.02404888455; -0.00286724373888; 0.00583315661493
24345.53302406961; -0.0028388988691; 0.00575533642086
24348.04199925467; -0.00281109561816; 0.00567776952294
24350.55097443972; -0.00278384229949; 0.00560031109241
24353.05994962478; -0.00275643741265; 0.00552345235503
24355.56892480984; -0.00272997703111; 0.00544892565613
24358.0778999949; -0.00270413281622; 0.00537352368123
24360.58687517996; -0.00267804503616; 0.00529889890695
24363.09585036501; -0.00265145347623; 0.00522616820369
24365.60482555007; -0.00262684095214; 0.00515362894297
24368.11380073513; -0.00260248117033; 0.005081365947
24370.62277592019; -0.00257730146892; 0.00501054750814
24373.13175110524; -0.00255349014655; 0.00494022437607
24375.6407262903; -0.00253027328087; 0.00486954615721
24378.14970147536; -0.00250705887776; 0.00480037638696
24380.65867666042; -0.00248360441365; 0.00473128262122
24383.16765184548; -0.00246087051598; 0.00466352870982
24385.67662703053; -0.00243967454606; 0.00459629686404
24388.1856022156; -0.0024169854846; 0.00452874328027
24390.69457740065; -0.00239543531108; 0.00446219004838
24393.20355258571; -0.00237405386162; 0.0043973559738
24395.71252777077; -0.00235256833922; 0.00433226566284
24398.22150295582; -0.00233264843096; 0.00426786937358
24400.73047814089; -0.00231178152014; 0.00420344675614
24403.23945332594; -0.00229190229869; 0.00413941033524
24405.748428511; -0.0022711652411; 0.00407694463143
24408.25740369606; -0.00225158646156; 0.00401536619067
24410.76637888112; -0.00223214531113; 0.00395307579133
24413.27535406617; -0.00221359768142; 0.00389141839925
24415.78432925123; -0.00219434955192; 0.00383106272828
24418.29330443629; -0.00217546676969; 0.00377295767379
24420.80227962135; -0.00215680491447; 0.00371321087484
24423.31125480641; -0.00213867267696; 0.00365399271083
24425.82022999146; -0.00212108956488; 0.00359489545517
24428.32920517652; -0.0021027051704; 0.00353733232684
24430.83818036158; -0.00208545630627; 0.00347903354613
24433.34715554664; -0.00206834545579; 0.00342170096775
24435.8561307317; -0.00205186574513; 0.00336534635338
24438.36510591675; -0.00203526536159; 0.00330912361372
24440.87408110181; -0.00201856790731; 0.00325319869722
24443.38305628687; -0.00200233902189; 0.00319742909636
24445.89203147193; -0.0019864743775; 0.00314269694525
24448.40100665699; -0.00197014446142; 0.00308849191559
24450.90998184204; -0.00195508048491; 0.0030343503101
24453.4189570271; -0.00193839728335; 0.00298082587641
24455.92793221216; -0.00192393268161; 0.00292750338319
24458.43690739722; -0.00190838898302; 0.00287431204821
24460.94588258228; -0.00189330461934; 0.00282232986347
24463.45485776733; -0.00187871942042; 0.00276985086093
24465.9638329524; -0.00186420890198; 0.00271822163047
24468.47280813745; -0.00185068781518; 0.00266795568406
24470.98178332251; -0.00183628054431; 0.00261656915162
24473.49075850757; -0.00182213440465; 0.00256596709218
24475.99973369262; -0.0018081921061; 0.00251604048784
24478.50870887769; -0.00179441289147; 0.00246600270254
24481.01768406274; -0.0017819920238; 0.00241714944176
24483.5266592478; -0.00176809966104; 0.00236798154344
24486.03563443286; -0.00175494893344; 0.00231996967728
24488.54460961791; -0.00174125916745; 0.00227141121565
24491.05358480298; -0.00172922276946; 0.0022240356825
24493.56255998803; -0.00171640678747; 0.00217640144753
24496.07153517309; -0.00170449383502; 0.00212947230395
24498.58051035815; -0.00169140384896; 0.00208285493117
24501.08948554321; -0.001679874276; 0.0020362497773
24503.59846072826; -0.00166791009019; 0.00199084039358
24506.10743591332; -0.00165565128526; 0.00194408225415
24508.61641109838; -0.00164377909222; 0.00189984202782
24511.12538628344; -0.00163207499679; 0.00185415149222
24513.6343614685; -0.00162049143425; 0.00181042521746
24516.14333665355; -0.00160921046551; 0.00176586933575
24518.65231183861; -0.00159748501531; 0.00172086036647
24521.16128702367; -0.0015869943498; 0.00167813429988
24523.67026220873; -0.00157621103705; 0.00163431764407
24526.17923739379; -0.00156516513913; 0.00159214586094
24528.68821257884; -0.00155417925361; 0.00154916395282
24531.1971877639; -0.00154325079731; 0.00150600070724
24533.70616294896; -0.00153335684767; 0.0014649853383
24536.21513813402; -0.00152280096351; 0.00142325293716
24538.72411331908; -0.00151307010837; 0.00138176236651
24541.23308850413; -0.00150219415997; 0.00133970231957
24543.74206368919; -0.0014924171472; 0.00129900962278
24546.25103887425; -0.00148220945041; 0.00125841260281
24548.76001405931; -0.00147278273651; 0.00121767352113
24551.26898924437; -0.00146316275763; 0.00117810180124
24553.77796442942; -0.0014524402911; 0.00113895982985
24556.28693961448; -0.00144418121189; 0.00109895235023
24558.79591479954; -0.00143406073028; 0.00105983350395
24561.3048899846; -0.0014244312345; 0.00102027381949
24563.81386516966; -0.001415665056; 0.000982041938651
24566.32284035471; -0.00140639492917; 0.00094347876911
24568.83181553977; -0.00139767215046; 0.000905476087462
24571.34079072483; -0.00138863188124; 0.000867277600174
24573.84976590989; -0.00137948610239; 0.000830628934576
24576.35874109495; -0.00137047077962; 0.000793541297992
24578.86771628; -0.00136159663999; 0.000756335167281
24581.37669146506; -0.00135377343202; 0.000718907722416
24583.88566665012; -0.00134439211366; 0.000682994161549
24586.39464183518; -0.00133688596219; 0.000646165036323
24588.90361702024; -0.00132788733993; 0.000610771934698
24591.4125922053; -0.00132019526958; 0.000575142666593
24593.92156739035; -0.001311344841; 0.000539282437022
24596.43054257541; -0.00130374194975; 0.0005035972031
24598.93951776047; -0.0012954818077; 0.0004681952415
24601.44849294553; -0.00128773489106; 0.00043402139779
24603.95746813059; -0.00127926383171; 0.000399553199515
24606.46644331564; -0.00127215576115; 0.000364966215205
24608.9754185007; -0.00126418708987; 0.000330452565327
24611.48439368576; -0.00125664936581; 0.000296693301375
24613.99336887082; -0.00124937182772; 0.000263071314833
24616.50234405588; -0.00124194024894; 0.000229020405432
24619.01131924093; -0.00123408129325; 0.000195209176739
24621.52029442599; -0.00122627275362; 0.000162209788925
24624.02926961105; -0.00121923205709; 0.000129532782096
24626.53824479611; -0.00121248159109; 9.66499498457e-05
24629.04721998117; -0.00120489495627; 6.43208217006e-05
24631.55619516622; -0.00119848549839; 3.21474264094e-05
24634.06517035128; -0.00119143429946; 4.00435201243e-07
24636.57414553634; -0.00118538695558; -3.19928559721e-05
24639.0831207214; -0.00117814383211; -6.3184617388e-05
24641.59209590646; -0.00117086476461; -9.55734979678e-05
24644.10107109151; -0.00116381897707; -0.000125710977959
24646.61004627657; -0.00115763971844; -0.000157409872724
24649.11902146163; -0.00115142872223; -0.000187592557414
24651.62799664669; -0.00114466724945; -0.000218947686833
24654.13697183175; -0.00113872429007; -0.000249662417384
24656.6459470168; -0.00113217840105; -0.000279008558788
24659.15492220186; -0.00112581898514; -0.00030925048619
24661.66389738692; -0.0011191967864; -0.000338901810036
24664.17287257198; -0.00111386906995; -0.0003688535672
24666.68184775704; -0.00110657097152; -0.00039944644853
24669.1908229421; -0.00110166036517; -0.000427910814722
24671.69979812715; -0.00109478116323; -0.000456961985046
24674.20877331221; -0.0010889558072; -0.000485332207809
24676.71774849727; -0.00108264810677; -0.000514702455742
24679.22672368233; -0.00107675083409; -0.000544301463635
24681.73569886739; -0.0010717624361; -0.000572418380429
24684.24467405244; -0.00106546483414; -0.00060023921246
24686.7536492375; -0.00105932108093; -0.000628444332174
24689.26262442256; -0.00105496545821; -0.000656562038043
24691.77159960762; -0.00104862563293; -0.000685115543677
24694.28057479268; -0.00104356743313; -0.00071229634608
24696.78954997773; -0.0010376453806; -0.000740328388442
24699.29852516279; -0.00103231695352; -0.000767567737474
24701.80750034785; -0.00102629887407; -0.000794179372772
24704.31647553291; -0.00102100589299; -0.000821186123383
24706.82545071797; -0.00101608294787; -0.000847933080745
24709.33442590302; -0.00101078636653; -0.000874927947977
24711.84340108808; -0.00100597663693; -0.000901674519193
24714.35237627314; -0.00100028702678; -0.00092785151304
24716.8613514582; -0.000994374340834; -0.000953918096964
24719.37032664326; -0.000989974216962; -0.000979970936524
24721.87930182831; -0.000985032434728; -0.00100606370826
24724.38827701337; -0.000980236530293; -0.00103192906682
24726.89725219843; -0.000974129263283; -0.00105800047683
24729.40622738349; -0.000969757670954; -0.00108310813192
24731.91520256855; -0.000964900264493; -0.00110916594761
24734.4241777536; -0.000961231484593; -0.00113415270355
24736.93315293866; -0.000955555158695; -0.00115859691844
24739.44212812372; -0.000950920097893; -0.00118355483526
24741.95110330878; -0.000945929974051; -0.00120798954009
24744.46007849384; -0.000940669980861; -0.00123371082229
24746.96905367889; -0.00093648192614; -0.00125704979778
24749.47802886395; -0.000932087576557; -0.00128222474174
24751.98700404901; -0.000927315726187; -0.00130717073254
24754.49597923407; -0.000922949803343; -0.00133073520452
24757.00495441913; -0.000918830500399; -0.00135474975484
24759.51392960419; -0.000914085845602; -0.00137925983995
24762.02290478924; -0.000909503576908; -0.00140252544209
24764.5318799743; -0.000904867046613; -0.00142688734857
24767.04085515936; -0.000900909332366; -0.00144989524285
24769.54983034442; -0.000896383410041; -0.00147348932797
24772.05880552948; -0.000892898689903; -0.00149636114742
24774.56778071453; -0.000888141805117; -0.00151991156199
24777.07675589959; -0.00088455461579; -0.00154218998658
24779.58573108465; -0.000879470688418; -0.00156524559203
24782.09470626971; -0.000875198762302; -0.00158892062038
24784.60368145477; -0.000871865892796; -0.00161087390229
24787.11265663982; -0.000867267422503; -0.00163389159791
24789.62163182488; -0.000862949206848; -0.001655840948
24792.13060700994; -0.000859345750528; -0.00167816297204
24794.639582195; -0.000854627369825; -0.00170097394239
24797.14855738006; -0.000851485350086; -0.00172381095101
24799.65753256511; -0.000847971303361; -0.00174424264278
24802.16650775017; -0.000843936967592; -0.00176614395435
24804.67548293523; -0.00084046379541; -0.00178931150063
24807.18445812029; -0.000836010595228; -0.0018101638534
24809.69343330535; -0.000832759530627; -0.00183106832271
24812.2024084904; -0.000828405857912; -0.00185274474025
24814.71138367546; -0.000824734521069; -0.00187426897038
24817.22035886052; -0.000821884226843; -0.00189533130319
24819.72933404558; -0.000817672017605; -0.00191663393073
24822.23830923064; -0.000813865241338; -0.00193782839747
24824.74728441569; -0.000810504661936; -0.00195857539042
24827.25625960075; -0.000807059421689; -0.00197942700882
24829.76523478581; -0.000803958513576; -0.00200067533423
24832.27420997087; -0.000800321255427; -0.00202028713934
24834.78318515593; -0.000795720540365; -0.00204068584894
24837.29216034098; -0.000792522617592; -0.00206149370515
24839.80113552604; -0.000789364580748; -0.00208172929937
24842.3101107111; -0.000785630686876; -0.00210188648257
24844.81908589616; -0.000783217261093; -0.00212096567727
24847.32806108122; -0.000779692375176; -0.00214156165703
24849.83703626628; -0.000775563410624; -0.00216212670172
24852.34601145133; -0.000773448069829; -0.00218144686249
24854.85498663639; -0.000769477208589; -0.00220233769324
24857.36396182145; -0.000766099124563; -0.00221772516964
24859.87293700651; -0.000763431853995; -0.00211556931087
24862.38191219157; -0.000759301755372; -0.00214951938729
24864.89088737662; -0.000795651873252; -0.00219960488252
24867.39986256168; -0.000802077644495; -0.00225281365287
24869.90883774674; -0.000798788951665; -0.0022872666542
24872.4178129318; -0.000765725017909; -0.00225647599634
24874.92678811686; -0.000923331142217; -0.00245745694531
24877.43576330191; -0.000848854160677; -0.00247002422425
24879.94473848697; -0.000792329437025; -0.00243261617433
24882.45371367203; -0.000757824912303; -0.0024302268092
24884.96268885709; -0.000742149230086; -0.00244131547062
24887.47166404215; -0.000735390137965; -0.00245711442692
24889.9806392272; -0.00072918043384; -0.00247332276045
24892.48961441226; -0.000724981132523; -0.00249090064886
24894.99858959732; -0.000721867795752; -0.00250908321353
24897.50756478238; -0.000718601567895; -0.00252704229437
24900.01653996744; -0.000715160867662; -0.00254459610075
24902.52551515249; -0.000713405786094; -0.00256216966398
24905.03449033755; -0.000710107443963; -0.00258004770797
24907.54346552261; -0.000706835180367; -0.00259860265134
24910.05244070767; -0.000703983165267; -0.00261590453744
24912.56141589273; -0.000701512894334; -0.00263396369066
24915.07039107778; -0.000698601068492; -0.00265153383477
24917.57936626284; -0.000696231395195; -0.00266825413556
24920.0883414479; -0.000693138835594; -0.00268519733549
24922.59731663296; -0.0006910884428; -0.00270257687848
24925.10629181802; -0.000688092177657; -0.00272026655394
24927.61526700308; -0.000685114369202; -0.00273699729124
24930.12424218813; -0.000682261150908; -0.00275425402822
24932.63321737319; -0.000680087705201; -0.0027716249242
24935.14219255825; -0.00067797000526; -0.00278845818564
24937.65116774331; -0.000675237711849; -0.00280580798904
24940.16014292837; -0.000672042549909; -0.00282112400331
24942.66911811342; -0.000669819863742; -0.00283811905137
24945.17809329848; -0.000667636032995; -0.00285502990417
24947.68706848354; -0.000665275086151; -0.00287207841656
24950.1960436686; -0.000661715761253; -0.00288816875188
24952.70501885366; -0.000659804093854; -0.002904701444
24955.21399403871; -0.000657575132006; -0.00292111938621
24957.72296922377; -0.000654717011423; -0.00293735078345
24960.23194440883; -0.000652424078376; -0.00295251307379
24962.74091959389; -0.000650669376366; -0.00296851223352
24965.24989477895; -0.000648160683775; -0.00298515146738
24967.758869964; -0.00064487469347; -0.00300127562455
24970.26784514906; -0.000643551054781; -0.00301735241319
24972.77682033412; -0.000641317414673; -0.00303308383794
24975.28579551918; -0.000638332529028; -0.00304908143542
24977.79477070424; -0.000636496464949; -0.00306510693862
24980.30374588929; -0.000633234478482; -0.00307933464137
24982.81272107435; -0.000631523331285; -0.00309505089653
24985.32169625941; -0.00062967509105; -0.00311122059618
24987.83067144447; -0.000627113995356; -0.00312588879673
24990.33964662953; -0.00062558491043; -0.00314154341683
24992.84862181458; -0.000622653685785; -0.00315712483602
24995.35759699964; -0.000621116311773; -0.00317265798546
24997.8665721847; -0.000618307221917; -0.00318768469664
25000.37554736976; -0.000616674763106; -0.00320381155547
25002.88452255482; -0.00061348927359; -0.00321798281836
25005.39349773987; -0.000612259885993; -0.00323283504349
25007.90247292493; -0.000610766990015; -0.00324763159608
25010.41144810999; -0.000607651283158; -0.00326194963911
25012.92042329505; -0.000605513925697; -0.0032772413866
25015.42939848011; -0.000603734244413; -0.00329117538189
25017.93837366517; -0.000601611332246; -0.00330588428293
25020.44734885022; -0.000599729840061; -0.00332063475833
25022.95632403528; -0.000597895955855; -0.00333506928196
25025.46529922034; -0.000595387670297; -0.00334947464012
25027.9742744054; -0.000593798848352; -0.00336443289616
25030.48324959046; -0.000590670237554; -0.00337751587938
25032.99222477551; -0.000590022894024; -0.00339249569457
25035.50119996057; -0.000586993700917; -0.00340656527487
25038.01017514563; -0.000584576728333; -0.00342123440299
25040.51915033069; -0.000582844852329; -0.00343459124805
25043.02812551575; -0.000580527715284; -0.00344936612449
25045.5371007008; -0.000579161176341; -0.00346319063445
25048.04607588586; -0.000576669809475; -0.00347728519365
25050.55505107092; -0.000574576500015; -0.00349105283633
25053.06402625598; -0.000572629923198; -0.00350480965908
25055.57300144104; -0.000570278060484; -0.00351940830373
25058.08197662609; -0.0005688912577; -0.00353276454571
25060.59095181115; -0.000567795432379; -0.003546490207
25063.09992699621; -0.000564836799071; -0.00355995718375
25065.60890218127; -0.000563052658957; -0.00357367257798
25068.11787736633; -0.000561629570502; -0.00358709307261
25070.62685255138; -0.000558405286112; -0.00360117616976
25073.13582773644; -0.000557657853426; -0.00361442154952
25075.6448029215; -0.000555471288699; -0.0036279749663
25078.15377810656; -0.00055387203932; -0.00364061854626
25080.66275329162; -0.000552656720319; -0.00365450799091
25083.17172847667; -0.000550853567297; -0.00366830113949
25085.68070366173; -0.000548509286149; -0.00368218948141
25088.18967884679; -0.000546550029171; -0.00369390751676
25090.69865403185; -0.00054567735711; -0.00370794584123
25093.20762921691; -0.000543303931135; -0.00372055097032
25095.71660440197; -0.000541582126381; -0.00373377687159
25098.22557958702; -0.000540158649916; -0.00374722180842
25100.73455477208; -0.000538300068276; -0.00375933204161
25103.24352995714; -0.000536268335064; -0.00377266435061
25105.7525051422; -0.000534504173843; -0.00378537708987
25108.26148032726; -0.000533371195205; -0.00379867999184
25110.77045551231; -0.00053049287978; -0.00381058382897
25113.27943069737; -0.000529645343763; -0.00382345722028
25115.78840588243; -0.000528116940125; -0.00383635850102
25118.29738106749; -0.000526149116199; -0.00384853952574
25120.80635625255; -0.000524790891828; -0.00386157077322
25123.3153314376; -0.000523275433159; -0.00387303778529
25125.82430662266; -0.000522051880769; -0.00388626913537
25128.33328180772; -0.000521278960205; -0.00389826942447
25130.84225699278; -0.000518507281387; -0.00390989480553
25133.35123217784; -0.000517204714637; -0.00392365926045
25135.86020736289; -0.000515242953552; -0.00393483288282
25138.36918254795; -0.000513767993225; -0.00394702988089
25140.87815773301; -0.000512449316252; -0.00395946460618
25143.38713291807; -0.000510622979673; -0.00397228200856
25145.89610810313; -0.000509991906494; -0.0039837160121
25148.40508328818; -0.000507689024281; -0.00399586457905
25150.91405847324; -0.000506975290111; -0.00400795696746
25153.4230336583; -0.000504926287617; -0.00401923932377
25155.93200884336; -0.00050317948345; -0.00403188503586
25158.44098402842; -0.000501898919938; -0.00404272887707
25160.94995921347; -0.000500466212394; -0.00405560737469
25163.45893439853; -0.000498474268015; -0.00406611166173
25165.96790958359; -0.000497265584112; -0.00407861732676
25168.47688476865; -0.000496174250817; -0.00409005980438
25170.9858599537; -0.000494027012194; -0.0041024005971
25173.49483513876; -0.000493495772441; -0.00411352453953
25176.00381032382; -0.000491680504677; -0.00412551053737
25178.51278550888; -0.000490067449643; -0.00413668500564
25181.02176069394; -0.000489188726676; -0.00414811767259
25183.53073587899; -0.000487380951837; -0.00416007785297
25186.03971106406; -0.000486555783946; -0.00417096310605
25188.54868624911; -0.000483406263698; -0.00418119591563
25191.05766143417; -0.000482316666568; -0.00419271009023
25193.56663661923; -0.000481846695612; -0.00420351304907
25196.07561180428; -0.000479943853255; -0.00421528531643
25198.58458698935; -0.000478688963856; -0.00422586594614
25201.0935621744; -0.000477047837397; -0.00423743567605
25203.60253735946; -0.000475556201925; -0.00424892963045
25206.11151254452; -0.000474623310971; -0.00425992944023
25208.62048772957; -0.000473178312271; -0.00427060058551
25211.12946291464; -0.000472183080236; -0.0042818510088
25213.63843809969; -0.000471000889857; -0.00429198853405
25216.14741328475; -0.000469161533342; -0.00430295479847
25218.65638846981; -0.000468298187218; -0.00431370153489
25221.16536365487; -0.000466627048657; -0.00432503485825
25223.67433883993; -0.000463263373; -0.00433554530958
25226.18331402498; -0.000462409362261; -0.00434664679425
25228.69228921004; -0.00045985581295; -0.00435786454942
25231.2012643951; -0.000459183708955; -0.00436818947771
25233.71023958016; -0.000458768644587; -0.00437866989183
25236.21921476522; -0.000457316245707; -0.00439005368221
25238.72818995027; -0.000455737790405; -0.00440088462371
25241.23716513533; -0.000455194986783; -0.00441161803311
25243.74614032039; -0.000453476314711; -0.00442230749994
25246.25511550545; -0.000452486714118; -0.00443287200103
25248.76409069051; -0.000451369049043; -0.00444289885888
25251.27306587556; -0.00044953082374; -0.00445309298722
25253.78204106062; -0.000449543656694; -0.0044637196843
25256.29101624568; -0.000447484179273; -0.0044739541245
25258.79999143074; -0.000445993748115; -0.00448472941621
25261.3089666158; -0.000445906238044; -0.00449526669437
25263.81794180085; -0.000443192210983; -0.00450516179946
25266.32691698591; -0.000442179978078; -0.00451587979821
25268.83589217097; -0.000441878331993; -0.00452640431727
25271.34486735603; -0.000439681238135; -0.00453610999136
25273.85384254108; -0.000439368497747; -0.00454584694875
25276.36281772615; -0.0004381066842; -0.0045561469741
25278.8717929112; -0.00043725188911; -0.00456714620715
25281.38076809626; -0.000435705615712; -0.00457599060248
25283.88974328132; -0.00043489784068; -0.00458627511871
25286.39871846637; -0.000433915375833; -0.00459613503055
25288.90769365144; -0.000432650137322; -0.0046066573767
25291.41666883649; -0.000428822858141; -0.00461427996376
25293.92564402155; -0.000427097488934; -0.00462375663546
25296.43461920661; -0.000425712581572; -0.00463372538417
25298.94359439167; -0.000424575685155; -0.00464340706288
25301.45256957672; -0.000423488286173; -0.00465331671707
25303.96154476178; -0.000422003001598; -0.00466182820017
25306.47051994684; -0.000420741477972; -0.00467195760019
25308.9794951319; -0.000419931127472; -0.00468125513393
25311.48847031696; -0.000419370467144; -0.00469068198123
25313.99744550201; -0.000418394367117; -0.0047002676472
25316.50642068707; -0.000416597954246; -0.0047102173641
25319.01539587213; -0.000416704413819; -0.00471884426745
25321.52437105719; -0.000415580177547; -0.00472940100074
25324.03334624225; -0.000413960857275; -0.00473859597752
25326.5423214273; -0.000413219341724; -0.00474881932877
25329.05129661236; -0.00041179597516; -0.0047573324528
25331.56027179742; -0.000411449679724; -0.00476682266274
25334.06924698248; -0.000409961251528; -0.00477670553734
25336.57822216754; -0.000408941864851; -0.00478516225433
25339.08719735259; -0.000407414732164; -0.00479401766328
25341.59617253765; -0.00040681642707; -0.00480373751686
25344.10514772271; -0.000405692189307; -0.00481330895112
25346.61412290777; -0.000405592130484; -0.00482255650568
25349.12309809283; -0.000403802295026; -0.00483075175418
25351.63207327788; -0.00040287117082; -0.00483983540143
25354.14104846295; -0.000401877852732; -0.00485033304082
25356.650023648; -0.000401037870558; -0.00485937656418
25359.15899883306; -0.00040000748593; -0.00486825214012
25361.66797401812; -0.000399179234216; -0.00487717287874
25364.17694920317; -0.000398214578832; -0.00488605978557
25366.68592438824; -0.000396699723501; -0.00489528615618
25369.19489957329; -0.000396004368316; -0.00490458328103
25371.70387475835; -0.000395450963456; -0.00491308235014
25374.21284994341; -0.000395173785429; -0.00492125635725
25376.72182512846; -0.000393267581513; -0.00493185618983
25379.23080031353; -0.000392514540384; -0.00493976089264
25381.73977549858; -0.000391405310475; -0.00494860238503
25384.24875068364; -0.000391445308915; -0.00495776491287
25386.7577258687; -0.00038981548189; -0.00496626243068
25389.26670105376; -0.000389721033623; -0.00497550846776
25391.77567623882; -0.000388829023427; -0.00498371132618
25394.28465142387; -0.000386742017249; -0.00499173414517
25396.79362660893; -0.000386039114811; -0.0050012129367
25399.30260179399; -0.000385868715121; -0.00500993357743
25401.81157697905; -0.000384854509589; -0.00501875659474
25404.3205521641; -0.00038431413722; -0.0050271796259
25406.82952734916; -0.0003830890303; -0.00503576125966
25409.33850253422; -0.000382315317925; -0.00504478978511
25411.84747771928; -0.000381726310547; -0.00505314924477
25414.35645290434; -0.000380200294898; -0.00506112603953
25416.86542808939; -0.000380212414986; -0.00507015127454
25419.37440327445; -0.000378402182413; -0.00507781417035
25421.88337845951; -0.000377462966421; -0.00508618766753
25424.39235364457; -0.000377237774022; -0.00509532127556
25426.90132882963; -0.00037551913875; -0.00510292142686
25429.41030401468; -0.000375637508305; -0.0051109500695
25431.91927919974; -0.000374517796507; -0.00511973758909
25434.4282543848; -0.0003730661734; -0.00512835701978
25436.93722956986; -0.000372261093434; -0.00513627069483
25439.44620475492; -0.000372269629922; -0.00514484454462
25441.95517993997; -0.000371067666528; -0.00515290329061
25444.46415512503; -0.000369832423459; -0.00516037005021
25446.97313031009; -0.000369895471811; -0.00516903918881
25449.48210549515; -0.000369098847896; -0.00517712755902
25451.99108068021; -0.000367795269409; -0.00518619130893
25454.50005586526; -0.000367020941637; -0.00519342676057
25457.00903105032; -0.000366266607429; -0.00520130725739
25459.51800623538; -0.000366375786559; -0.00520890723427
25462.02698142044; -0.000365050902157; -0.00521739194114
25464.5359566055; -0.000363885416884; -0.00522608328052
25467.04493179055; -0.000363201313891; -0.00523373690162
25469.55390697561; -0.000362645149815; -0.00524180202039
25472.06288216067; -0.000362129449145; -0.00525039647976
25474.57185734573; -0.000361632309346; -0.00525799599329
25477.08083253079; -0.000359759898057; -0.00526606629805
25479.58980771585; -0.000360027199025; -0.00527480843964
25482.0987829009; -0.000358732614284; -0.00528183458035
25484.60775808596; -0.000358180673198; -0.00529022482926
25487.11673327102; -0.000357396752568; -0.00529789455958
25489.62570845608; -0.000356773547892; -0.00530526848113
