% Module: Sweep, ID: c0p1t8p1cfm0
% Devices: DEV646
% Time: 2026/01/16 13:36:03
% Demod 1 Sample X, /dev646/demods/0/sample.X
% Demod 1 Sample Y, /dev646/demods/0/sample.Y
% Frequency (Hz); Demod 1 Sample X  Amplitude (V); Demod 1 Sample Y  Amplitude (V)
22796.82710691672; -0.00023389827464; -0.00762072830461
22799.33306789327; -0.000236611067489; -0.00763198277194
22801.83902886981; -0.000237912985518; -0.0076402584896
22804.34498984636; -0.000240515598404; -0.00764881322911
22806.85095082291; -0.000242130571916; -0.00765834274627
22809.35691179946; -0.000244456255683; -0.00766699144559
22811.86287277601; -0.000245974410962; -0.00767640847145
22814.36883375255; -0.000248418504348; -0.00768579841015
22816.8747947291; -0.000250645097772; -0.00769509969581
22819.38075570565; -0.000252793617309; -0.00770449533898
22821.8867166822; -0.000254747444597; -0.00771315917459
22824.39267765875; -0.000257075821325; -0.0077224960913
22826.8986386353; -0.000259904275984; -0.00773163216259
22829.40459961184; -0.000261933907358; -0.00774144160599
22831.91056058839; -0.000263619900118; -0.00775109110449
22834.41652156494; -0.000265988290034; -0.00776049566686
22836.92248254149; -0.000268321494832; -0.00776967817174
22839.42844351804; -0.000270866035963; -0.00777917630561
22841.93440449459; -0.000273391838673; -0.00778937847548
22844.44036547114; -0.000275822764716; -0.00779904577284
22846.94632644768; -0.000277611362714; -0.0078091111566
22849.45228742423; -0.000280380726219; -0.00781877952852
22851.95824840078; -0.000282387786423; -0.00782884794424
22854.46420937733; -0.000285235976057; -0.00783832852085
22856.97017035387; -0.000287563448388; -0.00784832467747
22859.47613133042; -0.000290758589452; -0.00785808100749
22861.98209230697; -0.000291979152239; -0.00786844193556
22864.48805328352; -0.000294922900934; -0.00787855895798
22866.99401426007; -0.000298018358647; -0.00788879263684
22869.49997523662; -0.000300676353634; -0.00789922134526
22872.00593621317; -0.000302867939173; -0.00790833468915
22874.51189718971; -0.00030582004891; -0.00791934642654
22877.01785816626; -0.000307768848049; -0.00792962476743
22879.52381914281; -0.000310879553212; -0.00794040232661
22882.02978011936; -0.000313433218243; -0.00795077572901
22884.5357410959; -0.000315829907565; -0.00796038270013
22887.04170207245; -0.00031840883142; -0.00797097991966
22889.547663049; -0.000321620614953; -0.00798184414124
22892.05362402555; -0.00032443401132; -0.00799210340316
22894.5595850021; -0.000326364102344; -0.00800266441886
22897.06554597865; -0.000329916181674; -0.00801382499461
22899.5715069552; -0.000332734548342; -0.0080246355065
22902.07746793174; -0.000335268510707; -0.00803570936177
22904.58342890829; -0.000338105415179; -0.00804642835397
22907.08938988484; -0.000341096869096; -0.00805788534127
22909.59535086139; -0.000344510955526; -0.00806778785739
22912.10131183794; -0.000347077420356; -0.00807964270554
22914.60727281449; -0.000349502764165; -0.00809040849933
22917.11323379103; -0.000353421308127; -0.00810240159631
22919.61919476758; -0.000355641585231; -0.0081139500763
22922.12515574413; -0.000358967762248; -0.00812490889424
22924.63111672068; -0.000362201425095; -0.00813682797839
22927.13707769723; -0.000365091747332; -0.00814762575033
22929.64303867377; -0.000368825300491; -0.00815892425805
22932.14899965032; -0.000370531409616; -0.00817019481715
22934.65496062687; -0.00037489091897; -0.00818267141444
22937.16092160342; -0.000377176281467; -0.00819338689058
22939.66688257997; -0.000380888467166; -0.00820577430428
22942.17284355652; -0.000384488514182; -0.00821735854779
22944.67880453306; -0.00038788757632; -0.00822900403187
22947.18476550961; -0.000390545090839; -0.00824134252741
22949.69072648616; -0.000394229139443; -0.00825271513596
22952.19668746271; -0.000397579562808; -0.00826489469446
22954.70264843926; -0.000400337153221; -0.00827714578129
22957.2086094158; -0.000404702173038; -0.00828910407408
22959.71457039235; -0.000408258131885; -0.00830102178828
22962.2205313689; -0.000411975577659; -0.00831318426046
22964.72649234545; -0.00041558941772; -0.0083264590571
22967.232453322; -0.000418859885708; -0.00833911331816
22969.73841429855; -0.000422564905382; -0.00835118580159
22972.2443752751; -0.000426067677082; -0.00836443090019
22974.75033625164; -0.000429345395867; -0.00837753285658
22977.25629722819; -0.000432563300642; -0.00839006799479
22979.76225820474; -0.000436698819557; -0.00840239542994
22982.26821918129; -0.000440430183454; -0.00841531632005
22984.77418015784; -0.000444236404192; -0.00842826929008
22987.28014113439; -0.000448239344748; -0.00844142981286
22989.78610211093; -0.00045215406227; -0.00845424598855
22992.29206308748; -0.000456104438303; -0.0084678723623
22994.79802406403; -0.000459976588216; -0.00848114505322
22997.30398504058; -0.000464280160308; -0.00849436985491
22999.80994601713; -0.000467502674302; -0.0085076718324
23002.31590699367; -0.000471908161238; -0.00852158095605
23004.82186797022; -0.000476164226725; -0.00853505758535
23007.32782894677; -0.000480267527103; -0.00854877910739
23009.83378992332; -0.000484477267312; -0.00856224136272
23012.33975089987; -0.000488855367239; -0.00857660783353
23014.84571187642; -0.000492970162089; -0.0085896438666
23017.35167285296; -0.000497433436006; -0.00860366348214
23019.85763382951; -0.000501636737969; -0.00861805067725
23022.36359480606; -0.000505718160571; -0.00863225766293
23024.86955578261; -0.000510152516612; -0.00864546117555
23027.37551675916; -0.000514920475507; -0.00865947303067
23029.8814777357; -0.000518805174754; -0.00867457714913
23032.38743871225; -0.000523024683257; -0.0086887373136
23034.8933996888; -0.000528229270251; -0.00870320873638
23037.39936066535; -0.000533035349308; -0.00871910051496
23039.9053216419; -0.000537563732926; -0.00873219776098
23042.41128261845; -0.00054191854252; -0.00874771186354
23044.91724359499; -0.000547470197716; -0.0087630505572
23047.42320457154; -0.000552590299962; -0.00877810118288
23049.92916554809; -0.0005564529062; -0.00879312904478
23052.43512652464; -0.000561444115446; -0.0088086015419
23054.94108750119; -0.000566654684295; -0.00882326349594
23057.44704847774; -0.000571768475605; -0.00883908573522
23059.95300945428; -0.000577044789318; -0.00885456810609
23062.45897043083; -0.000581906835254; -0.00887011014705
23064.96493140738; -0.000587112044334; -0.00888537105244
23067.47089238393; -0.000592384329144; -0.00890085883985
23069.97685336048; -0.000597247400786; -0.0089170605091
23072.48281433703; -0.000602491823274; -0.00893250272639
23074.98877531357; -0.000608716573647; -0.00894893625088
23077.49473629012; -0.000613697536977; -0.00896508739325
23080.00069726667; -0.000619614792408; -0.00898114091584
23082.50665824322; -0.000624639466749; -0.00899781365291
23085.01261921977; -0.00062996763859; -0.00901336434561
23087.51858019632; -0.000635638521185; -0.0090301493239
23090.02454117286; -0.000641572907092; -0.00904731280531
23092.53050214941; -0.000647476552251; -0.00906333012822
23095.03646312596; -0.00065369934875; -0.00908101426124
23097.54242410251; -0.00065927465013; -0.00909681566376
23100.04838507906; -0.000664889840927; -0.00911506600819
23102.5543460556; -0.000671045169306; -0.00913158041284
23105.06030703215; -0.000677396661494; -0.00914874765669
23107.5662680087; -0.00068322453626; -0.00916609489919
23110.07222898525; -0.000690013403096; -0.00918354540278
23112.5781899618; -0.000696007407242; -0.00920168178604
23115.08415093835; -0.000702210816848; -0.00921866529156
23117.59011191489; -0.000708732762246; -0.0092369360626
23120.09607289144; -0.000714745899204; -0.00925457479827
23122.60203386799; -0.000721820173665; -0.00927369752589
23125.10799484454; -0.000728118619324; -0.00929147514917
23127.61395582109; -0.000734949836613; -0.00931019502502
23130.11991679763; -0.000741881259414; -0.00932827175419
23132.62587777418; -0.000748122285327; -0.00934740045136
23135.13183875073; -0.000755494793444; -0.00936560660116
23137.63779972728; -0.000762565905553; -0.00938376592013
23140.14376070383; -0.000770032460479; -0.00940327972351
23142.64972168038; -0.000777466123702; -0.00942235846511
23145.15568265692; -0.00078420282633; -0.009441618165
23147.66164363347; -0.000790909259293; -0.00946222129235
23150.16760461002; -0.000798580154914; -0.0094800991313
23152.67356558657; -0.000806423203924; -0.00950004727712
23155.17952656312; -0.00081376101539; -0.00951948421816
23157.68548753967; -0.000822339684242; -0.00953961418828
23160.19144851622; -0.000829237785719; -0.00955975231783
23162.69740949276; -0.000837950351103; -0.00958035018226
23165.20337046931; -0.000845266272718; -0.00960031005025
23167.70933144586; -0.000854056290058; -0.00961953687428
23170.21529242241; -0.000861410615992; -0.00964148982651
23172.72125339896; -0.000870285496701; -0.00966237727578
23175.2272143755; -0.00087834399718; -0.00968330756029
23177.73317535205; -0.000886953561474; -0.00970398478701
23180.2391363286; -0.000895231015781; -0.00972491291933
23182.74509730515; -0.000903607967975; -0.00974723684833
23185.2510582817; -0.000913255389132; -0.00976804157796
23187.75701925825; -0.000921600146557; -0.00978910589992
23190.26298023479; -0.000931221915577; -0.00981109488728
23192.76894121134; -0.000939005155884; -0.00983337318686
23195.27490218789; -0.000948554258248; -0.00985557824477
23197.78086316444; -0.000958501263388; -0.00987802838296
23200.28682414099; -0.000967567090139; -0.0099006054252
23202.79278511753; -0.000977133186054; -0.00992228116361
23205.29874609408; -0.000986655093106; -0.00994538269759
23207.80470707063; -0.000996461515309; -0.00996815434216
23210.31066804718; -0.00100617442094; -0.00999177914502
23212.81662902373; -0.00101654104986; -0.0100150519331
23215.32259000028; -0.00102629054732; -0.0100377430729
23217.82855097682; -0.00103646166221; -0.0100611890034
23220.33451195337; -0.00104630994355; -0.010085692212
23222.84047292992; -0.00105739543669; -0.0101087538045
23225.34643390647; -0.00106796393696; -0.010132883181
23227.85239488302; -0.00107842334505; -0.0101576851607
23230.35835585957; -0.00109033519402; -0.0101819198461
23232.86431683611; -0.00110067888323; -0.0102065675621
23235.37027781266; -0.00111199333787; -0.0102316237187
23237.87623878921; -0.00112391474982; -0.0102567706263
23240.38219976576; -0.00113533862557; -0.0102815686742
23242.88816074231; -0.00114654993543; -0.0103070816281
23245.39412171885; -0.00115860401698; -0.0103324333376
23247.9000826954; -0.00117082435167; -0.0103585743806
23250.40604367195; -0.00118299979403; -0.0103851191501
23252.9120046485; -0.00119430515293; -0.0104102368974
23255.41796562505; -0.00120763848787; -0.0104374592794
23257.9239266016; -0.00122021626538; -0.0104642242005
23260.42988757815; -0.00123292043539; -0.010490935333
23262.93584855469; -0.00124596335879; -0.0105180823635
23265.44180953124; -0.00125945941429; -0.0105444642456
23267.94777050779; -0.00127197950889; -0.0105728650904
23270.45373148434; -0.00128498502298; -0.0106000687666
23272.95969246088; -0.00129909044275; -0.010628618321
23275.46565343743; -0.00131347139477; -0.0106561317676
23277.97161441398; -0.00132765908033; -0.0106847409663
23280.47757539053; -0.00134132594428; -0.0107135348198
23282.98353636708; -0.00135626442659; -0.0107425767828
23285.48949734363; -0.0013704686427; -0.0107711510637
23287.99545832018; -0.00138558214183; -0.0108004796509
23290.50141929672; -0.00140109125969; -0.0108290047635
23293.00738027327; -0.00141669678202; -0.0108593137632
23295.51334124982; -0.00143151748426; -0.010889427969
23298.01930222637; -0.00144716586774; -0.0109196903919
23300.52526320292; -0.00146334947896; -0.0109503430955
23303.03122417946; -0.00147938356527; -0.010980557508
23305.53718515601; -0.0014957833892; -0.0110111595973
23308.04314613256; -0.00151235077592; -0.0110434376512
23310.54910710911; -0.00152957209492; -0.0110741547124
23313.05506808566; -0.00154747930591; -0.0111066731696
23315.56102906221; -0.00156425188279; -0.0111386691452
23318.06699003875; -0.00158170041236; -0.0111706990136
23320.5729510153; -0.00159955783816; -0.0112032464362
23323.07891199185; -0.001617584071; -0.0112352786866
23325.5848729684; -0.00163605316187; -0.0112688524275
23328.09083394495; -0.00165485211609; -0.0113021353083
23330.5967949215; -0.00167372439289; -0.011336067978
23333.10275589805; -0.00169387909759; -0.0113697588715
23335.60871687459; -0.00171277212946; -0.011403650498
23338.11467785114; -0.00173312032901; -0.0114385898588
23340.62063882769; -0.00175349852692; -0.0114740092398
23343.12659980424; -0.00177388967854; -0.011508681119
23345.63256078078; -0.00179446889641; -0.0115436297874
23348.13852175733; -0.00181570348673; -0.0115790931239
23350.64448273388; -0.00183667713993; -0.0116143698212
23353.15044371043; -0.00185936920982; -0.0116509579994
23355.65640468698; -0.00188086104398; -0.0116876296876
23358.16236566353; -0.00190336085411; -0.0117250323596
23360.66832664008; -0.00192584849984; -0.0117624273661
23363.17428761662; -0.00195004178507; -0.0118007216195
23365.68024859317; -0.00197364995577; -0.011837786761
23368.18620956972; -0.001997354416; -0.0118757239248
23370.69217054627; -0.00202149113858; -0.0119145030423
23373.19813152281; -0.0020465076256; -0.0119535358532
23375.70409249936; -0.00207227958774; -0.0119926274587
23378.21005347591; -0.00209759986504; -0.0120325191135
23380.71601445246; -0.00212417186379; -0.012072004194
23383.22197542901; -0.00215029810625; -0.0121129999031
23385.72793640556; -0.00217693684465; -0.0121520821128
23388.23389738211; -0.00220401031405; -0.0121934828924
23390.73985835865; -0.00223192238385; -0.0122359412495
23393.2458193352; -0.00226037382575; -0.0122771568836
23395.75178031175; -0.0022892563946; -0.0123189612184
23398.2577412883; -0.00231915495322; -0.0123612669653
23400.76370226485; -0.00234836743095; -0.0124047413772
23403.2696632414; -0.00237799075871; -0.0124473241157
23405.77562421795; -0.00240905885593; -0.0124913507501
23408.28158519449; -0.00244026866164; -0.0125343695179
23410.78754617104; -0.00247224181706; -0.0125793160776
23413.29350714759; -0.00250430351458; -0.012623095331
23415.79946812414; -0.00253814990159; -0.0126685807893
23418.30542910068; -0.0025710795534; -0.0127136464914
23420.81139007723; -0.00260616622924; -0.012760472818
23423.31735105378; -0.00264055780837; -0.0128067094173
23425.82331203033; -0.00267573962981; -0.0128534198655
23428.32927300688; -0.00271164074932; -0.012901026919
23430.83523398343; -0.00274862546634; -0.0129480015602
23433.34119495998; -0.00278638886191; -0.0129967341088
23435.84715593652; -0.00282393270817; -0.0130451653028
23438.35311691307; -0.00286286571156; -0.0130938354473
23440.85907788962; -0.00290205434307; -0.0131442707997
23443.36503886617; -0.00294309004765; -0.0131935213323
23445.87099984271; -0.00298351109128; -0.0132437357715
23448.37696081926; -0.00302598831242; -0.0132947313326
23450.88292179581; -0.00306796395277; -0.0133448225775
23453.38888277236; -0.00311156120849; -0.0133960574494
23455.89484374891; -0.00315546880666; -0.0134482706272
23458.40080472546; -0.00320077819513; -0.0135019414019
23460.90676570201; -0.00324718225121; -0.0135533616347
23463.41272667855; -0.00329312976235; -0.0136078703684
23465.9186876551; -0.00334099539582; -0.0136619228824
23468.42464863165; -0.00338989390261; -0.0137161302868
23470.9306096082; -0.00343930321411; -0.0137712882735
23473.43657058475; -0.00348992331617; -0.0138260712272
23475.94253156129; -0.00354141944801; -0.0138822225363
23478.44849253784; -0.00359329641723; -0.0139378394229
23480.95445351439; -0.00364748713527; -0.0139948918117
23483.46041449094; -0.00370169545126; -0.0140515951991
23485.96637546749; -0.00375816520956; -0.0141093933105
23488.47233644404; -0.0038153880201; -0.014168758926
23490.97829742058; -0.00387338207368; -0.0142264380022
23493.48425839713; -0.00393245517326; -0.0142853579993
23495.99021937368; -0.00399342154541; -0.0143442475964
23498.49618035023; -0.00405466791181; -0.0144048450852
23501.00214132678; -0.00411855091011; -0.0144659915073
23503.50810230333; -0.00418122715775; -0.01452683401
23506.01406327988; -0.00424759620158; -0.0145874598069
23508.52002425642; -0.00431503431025; -0.0146498130593
23511.02598523297; -0.00438314906716; -0.014712297515
23513.53194620952; -0.0044532867425; -0.0147761795273
23516.03790718607; -0.00452417262632; -0.0148388707214
23518.54386816261; -0.00459657768274; -0.0149020095923
23521.04982913916; -0.00467184497576; -0.0149674954519
23523.55579011571; -0.00474908770616; -0.015031928049
23526.06175109226; -0.00482610777598; -0.0150961872149
23528.56771206881; -0.00490579328328; -0.0151626704464
23531.07367304536; -0.00498725297344; -0.0152283884403
23533.57963402191; -0.00507028918519; -0.0152942152623
23536.08559499845; -0.00515497052487; -0.0153605508679
23538.591555975; -0.00524204198148; -0.0154276985723
23541.09751695155; -0.00533100877462; -0.015496157223
23543.6034779281; -0.00542147646309; -0.0155636176548
23546.10943890464; -0.00551428403953; -0.0156311896151
23548.61539988119; -0.00560963484601; -0.0157001098516
23551.12136085774; -0.00570621895562; -0.015768449833
23553.62732183429; -0.00580588576891; -0.0158374047199
23556.13328281084; -0.00590683865084; -0.015906937794
23558.63924378739; -0.00601121169953; -0.0159762202221
23561.14520476394; -0.00611719269847; -0.0160467064823
23563.65116574048; -0.0062256041456; -0.0161154346922
23566.15712671703; -0.00633650813112; -0.0161854037352
23568.66308769358; -0.00644999568825; -0.016255099153
23571.16904867013; -0.00656714639331; -0.0163255843853
23573.67500964668; -0.00668663850981; -0.0163960088175
23576.18097062323; -0.00680823766234; -0.0164658713617
23578.68693159978; -0.00693346126954; -0.0165364087034
23581.19289257632; -0.00706108695706; -0.0166061876911
23583.69885355287; -0.007192233485; -0.0166765222389
23586.20481452942; -0.00732524381048; -0.0167451171118
23588.71077550597; -0.00746244095407; -0.0168148190997
23591.21673648251; -0.00760243101035; -0.0168834283874
23593.72269745906; -0.0077464723125; -0.0169519636916
23596.22865843561; -0.00789276985779; -0.0170193391216
23598.73461941216; -0.00804393440341; -0.0170872574978
23601.24058038871; -0.00819765919107; -0.0171532340842
23603.74654136526; -0.00835560634566; -0.0172194296924
23606.25250234181; -0.00851664308103; -0.0172844458047
23608.75846331835; -0.00868307096284; -0.0173487755406
23611.2644242949; -0.00885163750481; -0.0174126900777
23613.77038527145; -0.0090246599146; -0.0174739598319
23616.276346248; -0.00920209869063; -0.0175344808726
23618.78230722454; -0.00938402264204; -0.0175950822322
23621.28826820109; -0.00957043243423; -0.0176524724443
23623.79422917764; -0.00975940858587; -0.017708549741
23626.30019015419; -0.00995485756274; -0.0177630276829
23628.80615113074; -0.010154919744; -0.0178156647518
23631.31211210729; -0.0103590504534; -0.0178667088954
23633.81807308384; -0.0105668050748; -0.0179153895942
23636.32403406038; -0.0107799079661; -0.0179615314131
23638.82999503693; -0.0109987038185; -0.0180046161342
23641.33595601348; -0.0112227066582; -0.0180454832602
23643.84191699003; -0.0114504987505; -0.0180816778947
23646.34787796658; -0.0116838879755; -0.0181150276165
23648.85383894313; -0.0119231888183; -0.0181467006624
23651.35979991967; -0.0121672864068; -0.018173737086
23653.86576089622; -0.0124167260129; -0.0181958223934
23656.37172187277; -0.0126710223137; -0.0182149520825
23658.87768284932; -0.0129307178195; -0.0182293619594
23661.38364382587; -0.0131965585921; -0.018238406059
23663.88960480241; -0.0134673299212; -0.0182426966777
23666.39556577896; -0.0137436020204; -0.0182411058244
23668.90152675551; -0.0140254798166; -0.0182336393172
23671.40748773206; -0.014312563572; -0.0182202360613
23673.91344870861; -0.0146047521858; -0.0182008567241
23676.41940968516; -0.014902060037; -0.0181742000809
23678.92537066171; -0.0152052858642; -0.0181402357471
23681.43133163825; -0.0155125935881; -0.0180978740165
23683.9372926148; -0.0158258611436; -0.0180496937869
23686.44325359135; -0.0161438002726; -0.0179927334612
23688.9492145679; -0.0164665479793; -0.0179249584417
23691.45517554444; -0.0167932601102; -0.0178494140298
23693.96113652099; -0.0171238715501; -0.0177635237911
23696.46709749754; -0.0174589669142; -0.0176671313158
23698.97305847409; -0.0177986602142; -0.0175604424919
23701.47901945064; -0.0181412910487; -0.0174434405557
23703.98498042719; -0.0184857507022; -0.0173142685994
23706.49094140374; -0.0188347947193; -0.0171737719811
23708.99690238028; -0.0191841230758; -0.0170208791912
23711.50286335683; -0.0195352800535; -0.0168539764225
23714.00882433338; -0.0198901024158; -0.016675202496
23716.51478530993; -0.0202433845521; -0.0164832695146
23719.02074628648; -0.0205972966348; -0.0162762014847
23721.52670726302; -0.0209501649609; -0.0160544124947
23724.03266823957; -0.0213025426338; -0.0158188792033
23726.53862921612; -0.021651708028; -0.0155693283556
23729.04459019267; -0.0219993396985; -0.0153035413193
23731.55055116922; -0.0223431104791; -0.0150225547263
23734.05651214577; -0.0226823480697; -0.0147265432204
23736.56247312231; -0.0230161550004; -0.0144142640585
23739.06843409886; -0.0233446592242; -0.0140870881398
23741.57439507541; -0.023665340402; -0.0137442906169
23744.08035605196; -0.0239784568311; -0.0133853629432
23746.58631702851; -0.0242823396065; -0.013012097501
23749.09227800506; -0.0245747651427; -0.0126220509938
23751.59823898161; -0.0248591127678; -0.0122185784178
23754.10419995815; -0.0251299629969; -0.0118003106697
23756.6101609347; -0.0253886081136; -0.0113689135982
23759.11612191125; -0.0256310320582; -0.0109222101502
23761.6220828878; -0.0258600701993; -0.010464300356
23764.12804386434; -0.0260734246602; -0.0099926995205
23766.63400484089; -0.0262708949031; -0.00951031402915
23769.13996581744; -0.0264489897243; -0.0090182687853
23771.64592679399; -0.026611457263; -0.00851669106303
23774.15188777054; -0.0267538812002; -0.00800559103838
23776.65784874709; -0.0268776473172; -0.00748785778429
23779.16380972364; -0.0269805247117; -0.00696213395276
23781.66977070018; -0.0270633968777; -0.00643294354267
23784.17573167673; -0.0271248467257; -0.00589862038861
23786.68169265328; -0.0271652971656; -0.00536145635557
23789.18765362983; -0.0271858022508; -0.00482309149324
23791.69361460637; -0.0271834393968; -0.00428440301183
23794.19957558292; -0.0271613875674; -0.00374667111957
23796.70553655947; -0.0271182516677; -0.0032109181235
23799.21149753602; -0.0270530435382; -0.00267875816542
23801.71745851257; -0.0269681822569; -0.00215042814811
23804.22341948912; -0.0268620725723; -0.00162915545202
23806.72938046567; -0.0267363916852; -0.00111414698348
23809.23534144221; -0.0265921891106; -0.00060681227576
23811.74130241876; -0.0264296408516; -0.000108729554303
23814.24726339531; -0.0262484382894; 0.000380387911305
23816.75322437186; -0.0260510952942; 0.000856989743682
23819.25918534841; -0.0258383699611; 0.00132227116864
23821.76514632496; -0.0256091861761; 0.00177556075863
23824.2711073015; -0.0253662368019; 0.00221629067553
23826.77706827805; -0.0251107788013; 0.00264313489673
23829.2830292546; -0.0248413081494; 0.0030560803099
23831.78899023115; -0.0245616313615; 0.00345445679419
23834.2949512077; -0.0242702001008; 0.00383814563031
23836.80091218424; -0.0239699477235; 0.00420743960366
23839.30687316079; -0.0236603357312; 0.00456048840769
23841.81283413734; -0.0233455813164; 0.00489801528274
23844.31879511389; -0.0230225501094; 0.00522183530572
23846.82475609044; -0.0226934617562; 0.00552867729012
23849.33071706699; -0.0223598180581; 0.00582036852731
23851.83667804354; -0.0220219473215; 0.00609741169427
23854.34263902008; -0.0216809429334; 0.00635941583433
23856.84859999663; -0.0213381597667; 0.00660689858366
23859.35456097318; -0.0209937900683; 0.00683983176563
23861.86052194973; -0.020647820392; 0.00705734490347
23864.36648292627; -0.020300589555; 0.00726160029038
23866.87244390282; -0.0199548890473; 0.00745307103781
23869.37840487937; -0.0196092115597; 0.00763041271245
23871.88436585592; -0.0192649658171; 0.00779570499708
23874.39032683247; -0.0189229126944; 0.00794928536405
23876.89628780902; -0.01858142792; 0.00808847319815
23879.40224878557; -0.0182448355023; 0.00821753910384
23881.90820976211; -0.017911191774; 0.00833624705735
23884.41417073866; -0.017578061896; 0.00844318194764
23886.92013171521; -0.0172507608267; 0.00854036759101
23889.42609269176; -0.0169274256678; 0.00862678502672
23891.93205366831; -0.0166073128121; 0.0087049405488
23894.43801464485; -0.0162923059918; 0.00877335971214
23896.9439756214; -0.0159811837243; 0.00883335127641
23899.44993659795; -0.0156747628807; 0.00888499844041
23901.9558975745; -0.0153734398488; 0.00892916653846
23904.46185855105; -0.0150774437703; 0.00896652752472
23906.9678195276; -0.014786274118; 0.0089960207807
23909.47378050414; -0.0144995995805; 0.00901862296153
23911.97974148069; -0.0142196075278; 0.00903559712199
23914.48570245724; -0.0139435230477; 0.00904730912956
23916.99166343379; -0.0136723418319; 0.00905185904226
23919.49762441034; -0.0134065915342; 0.00905208787
23922.00358538689; -0.013146388279; 0.00904597110379
23924.50954636344; -0.0128916267923; 0.00903643187818
23927.01550733998; -0.012642694825; 0.0090236464127
23929.52146831653; -0.0123983034324; 0.00900374169711
23932.02742929308; -0.0121588885999; 0.00898221654132
23934.53339026963; -0.0119240287881; 0.00895623843899
23937.03935124617; -0.0116950086154; 0.00892664965834
23939.54531222272; -0.0114704090561; 0.00889378646364
23942.05127319927; -0.0112519496844; 0.00885909523907
23944.55723417582; -0.0110377848936; 0.00882135017408
23947.06319515237; -0.0108271375305; 0.00878079784966
23949.56915612892; -0.0106226283211; 0.00873663075593
23952.07511710547; -0.0104219896975; 0.00869193042387
23954.58107808201; -0.0102250485684; 0.00864459260696
23957.08703905856; -0.0100334163778; 0.00859474706568
23959.59300003511; -0.0098468895695; 0.00854373366922
23962.09896101166; -0.00966267580844; 0.00849110205404
23964.6049219882; -0.00948382309624; 0.0084357934666
23967.11088296475; -0.00930819263211; 0.0083799546528
23969.6168439413; -0.00913797471541; 0.00832293392016
23972.12280491785; -0.00897111497911; 0.00826538341184
23974.6287658944; -0.00880799926473; 0.00820616893032
23977.13472687095; -0.00864749049792; 0.00814457102558
23979.6406878475; -0.00849156129623; 0.0080840157444
23982.14664882404; -0.00833921813966; 0.00802280344965
23984.65260980059; -0.0081901100465; 0.00796118638318
23987.15857077714; -0.00804463601584; 0.00789711528002
23989.66453175369; -0.00790190305259; 0.00783342037318
23992.17049273024; -0.00776286564072; 0.00776918554138
23994.67645370679; -0.00762691234094; 0.00770505067831
23997.18241468333; -0.00749439337781; 0.00763941066162
23999.68837565988; -0.00736368204179; 0.00757555743205
24002.19433663643; -0.00723664982838; 0.00750975476417
24004.70029761298; -0.00711306563573; 0.00744400267287
24007.20625858953; -0.00699174524605; 0.00737870406399
24009.71221956607; -0.00687293921567; 0.007312710839
24012.21818054262; -0.00675684949197; 0.00724643796324
24014.72414151917; -0.00664343455326; 0.0071805402654
24017.23010249572; -0.00653200780233; 0.00711429929017
24019.73606347227; -0.00642393629284; 0.00704931659858
24022.24202444882; -0.00631720691672; 0.00698297558861
24024.74798542537; -0.00621331410106; 0.00691891801112
24027.25394640191; -0.00611175779187; 0.00685335088154
24029.75990737846; -0.00601308629483; 0.00678772476381
24032.26586835501; -0.00591489222941; 0.00672201478119
24034.77182933156; -0.00582077775786; 0.00665710724614
24037.2777903081; -0.00572676001786; 0.00659318783531
24039.78375128465; -0.00563604773749; 0.00652928120052
24042.2897122612; -0.00554660840028; 0.00646435338825
24044.79567323775; -0.00545898832182; 0.00640148269375
24047.3016342143; -0.00537391005283; 0.00633821761752
24049.80759519085; -0.00529067623311; 0.00627503073627
24052.3135561674; -0.00520904474525; 0.00621227560904
24054.81951714394; -0.00512800373131; 0.00615024986871
24057.32547812049; -0.00505020877755; 0.00608763551873
24059.83143909704; -0.00497331755672; 0.0060257350472
24062.33740007359; -0.00489739475316; 0.00596461498631
24064.84336105014; -0.00482424999568; 0.0059033931645
24067.34932202668; -0.0047520223068; 0.00584400574373
24069.85528300323; -0.00468144869876; 0.00578421901078
24072.36124397978; -0.00461248369406; 0.00572418429758
24074.86720495633; -0.00454374593008; 0.00566537700304
24077.37316593288; -0.00447776265347; 0.00560613174131
24079.87912690943; -0.0044121795882; 0.00554847885838
24082.38508788597; -0.00434879770177; 0.00549056694735
24084.89104886252; -0.00428590964994; 0.00543255648692
24087.39700983907; -0.00422473777669; 0.00537590751259
24089.90297081562; -0.00416400051005; 0.00531886096765
24092.40893179217; -0.00410528627961; 0.00526306674941
24094.91489276872; -0.00404798156705; 0.00520784655009
24097.42085374527; -0.0039904336547; 0.00515222232667
24099.92681472181; -0.00393597895719; 0.00509734210098
24102.43277569836; -0.00388062242475; 0.00504254860792
24104.93873667491; -0.00382725452734; 0.00498907310805
24107.44469765146; -0.00377431249656; 0.0049349533941
24109.950658628; -0.00372380067336; 0.0048824929146
24112.45661960455; -0.00367215482707; 0.00482967084485
24114.9625805811; -0.00362315728347; 0.00477790014762
24117.46854155765; -0.00357416915908; 0.00472577358175
24119.9745025342; -0.00352604438422; 0.00467411928957
24122.48046351075; -0.00347935355065; 0.0046228292056
24124.9864244873; -0.00343364371375; 0.00457201912435
24127.49238546384; -0.00338767356636; 0.00452246817237
24129.99834644039; -0.00334415101947; 0.00447299653767
24132.50430741694; -0.00330020659155; 0.00442376241592
24135.01026839349; -0.00325775314043; 0.00437401432434
24137.51622937003; -0.00321512356841; 0.00432513301195
24140.02219034658; -0.00317352564709; 0.00427737642535
24142.52815132313; -0.00313364304918; 0.00423025874268
24145.03411229968; -0.00309357203388; 0.00418355921168
24147.54007327623; -0.0030542779217; 0.00413634490824
24150.04603425278; -0.00301657472638; 0.00408877641257
24152.55199522933; -0.00297892921251; 0.00404407150967
24155.05795620587; -0.00294087621295; 0.00399778191763
24157.56391718242; -0.00290471120951; 0.00395318997181
24160.06987815897; -0.00286985657983; 0.00390877632886
24162.57583913552; -0.00283416704343; 0.00386397171084
24165.08180011207; -0.00279860800312; 0.00381956866727
24167.58776108862; -0.00276482793422; 0.00377530612141
24170.09372206516; -0.00273166369083; 0.00373310577384
24172.59968304171; -0.00269916604298; 0.00368962975247
24175.10564401826; -0.0026657754605; 0.00364714464867
24177.61160499481; -0.00263488790217; 0.00360480571705
24180.11756597136; -0.00260267508202; 0.00356333563048
24182.6235269479; -0.00257192801216; 0.00352174157344
24185.12948792445; -0.00254212861011; 0.00348115658963
24187.635448901; -0.00251205577545; 0.00344009372897
24190.14140987755; -0.00248333334143; 0.00339942448894
24192.6473708541; -0.00245371880672; 0.00335924371807
24195.15333183065; -0.00242613385615; 0.00331969530579
24197.6592928072; -0.00239791195553; 0.00328017679117
24200.16525378374; -0.00236992241463; 0.00324141674364
24202.67121476029; -0.0023432831686; 0.00320268664123
24205.17717573684; -0.00231662491484; 0.00316379818356
24207.68313671339; -0.00229058981577; 0.0031260051358
24210.18909768993; -0.0022640943928; 0.00308822500407
24212.69505866648; -0.00223918317152; 0.00305097340999
24215.20101964303; -0.00221435307524; 0.00301383593132
24217.70698061958; -0.00218999030689; 0.00297732109179
24220.21294159613; -0.00216481904219; 0.00294078309723
24222.71890257268; -0.00214110434105; 0.00290428810522
24225.22486354923; -0.00211773272943; 0.00286907959924
24227.73082452577; -0.00209439701948; 0.00283361194317
24230.23678550232; -0.00207168250412; 0.00279748905471
24232.74274647887; -0.00205010115767; 0.00276284667785
24235.24870745542; -0.00202707769819; 0.00272833892429
24237.75466843197; -0.00200557465095; 0.00269340946985
24240.26062940851; -0.00198401413058; 0.00265944975829
24242.76659038506; -0.00196387695666; 0.00262633998891
24245.27255136161; -0.00194265107292; 0.00259272617
24247.77851233816; -0.00192170020597; 0.00255922306176
24250.28447331471; -0.00190181010898; 0.002526334284
24252.79043429126; -0.00188108412348; 0.0024946877768
24255.2963952678; -0.00186182232656; 0.00246195159331
24257.80235624435; -0.0018425726782; 0.00242883236656
24260.3083172209; -0.00182380294818; 0.0023971601763
24262.81427819745; -0.00180419884751; 0.00236549782788
24265.320239174; -0.00178586936772; 0.00233382295812
24267.82620015055; -0.00176823136482; 0.00230290185762
24270.33216112709; -0.00174928996465; 0.00227208370852
24272.83812210364; -0.00173214282901; 0.0022412867801
24275.34408308019; -0.00171417179096; 0.00221172369005
24277.85004405674; -0.00169718447493; 0.00218129421374
24280.35600503329; -0.00167976353537; 0.00215112895091
24282.86196600983; -0.00166322253826; 0.00212211188691
24285.36792698638; -0.00164651465038; 0.00209191690942
24287.87388796293; -0.00163061414852; 0.00206314938807
24290.37984893948; -0.00161415993443; 0.0020342413084
24292.88580991603; -0.00159900785967; 0.00200523383907
24295.39177089258; -0.00158242405218; 0.00197710503733
24297.89773186912; -0.00156729249064; 0.00194889471995
24300.40369284567; -0.00155197964612; 0.00192031616054
24302.90965382222; -0.00153675476748; 0.00189251985655
24305.41561479877; -0.00152172783367; 0.00186505603687
24307.92157577532; -0.00150801364189; 0.00183809915229
24310.42753675186; -0.00149197517759; 0.00181072970442
24312.93349772841; -0.0014783589566; 0.00178361396326
24315.43945870496; -0.00146388228098; 0.00175652440602
24317.94541968151; -0.00145007116758; 0.00173042652605
24320.45138065806; -0.00143651216371; 0.00170359206992
24322.95734163461; -0.00142298050608; 0.00167764998026
24325.46330261116; -0.00140934765847; 0.00165203183501
24327.9692635877; -0.00139601493346; 0.00162568338322
24330.47522456425; -0.00138372899267; 0.0015997913682
24332.9811855408; -0.00137073493474; 0.00157497924872
24335.48714651735; -0.00135757757694; 0.00154976947586
24337.9931074939; -0.00134525450685; 0.00152432401454
24340.49906847045; -0.00133298332504; 0.00150025062641
24343.00502944699; -0.00132097761973; 0.0014761605335
24345.51099042354; -0.00130829553704; 0.00145067093347
24348.01695140009; -0.00129645774374; 0.001426305127
24350.52291237664; -0.00128481220836; 0.0014022139527
24353.02887335319; -0.00127238613118; 0.0013788216197
24355.53483432973; -0.00126119247634; 0.00135511040314
24358.04079530628; -0.00124948244357; 0.00133158281145
24360.54675628283; -0.00123814066538; 0.00130765918015
24363.05271725938; -0.00122763328721; 0.00128489581363
24365.55867823593; -0.00121630827826; 0.00126226103549
24368.06463921248; -0.00120615457239; 0.00123892703433
24370.57060018902; -0.00119487968585; 0.00121636336167
24373.07656116557; -0.00118444752715; 0.00119366094209
24375.58252214212; -0.00117380090468; 0.00117142447404
24378.08848311867; -0.00116336736212; 0.00114892694217
24380.59444409522; -0.00115351803153; 0.00112720655527
24383.10040507176; -0.00114356943606; 0.00110525811049
24385.60636604831; -0.00113319028835; 0.00108285516783
24388.11232702486; -0.00112298663892; 0.00106142063187
24390.61828800141; -0.00111412905261; 0.00104009324214
24393.12424897796; -0.00110432390242; 0.00101966180778
24395.63020995451; -0.0010947748776; 0.000998339431279
24398.13617093105; -0.00108487831164; 0.000977117306673
24400.6421319076; -0.00107571530458; 0.000955963681971
24403.14809288415; -0.00106606649832; 0.000935702246277
24405.6540538607; -0.00105732414382; 0.000914958532445
24408.16001483725; -0.00104818125774; 0.000894269154469
24410.6659758138; -0.00103998015129; 0.000873813061371
24413.17193679035; -0.00103079101062; 0.000854574802945
24415.67789776689; -0.00102239960937; 0.000833528433856
24418.18385874344; -0.00101328631394; 0.00081408450933
24420.68981971999; -0.00100505896943; 0.000794458249501
24423.19578069654; -0.000996588072967; 0.000774872405943
24425.70174167309; -0.000988192481045; 0.000754895014855
24428.20770264963; -0.000979986561455; 0.000735743656827
24430.71366362618; -0.000972118737552; 0.000716706349586
24433.21962460273; -0.000964148211101; 0.000697714229146
24435.72558557928; -0.000955534378285; 0.000678756392966
24438.23154655583; -0.00094793565262; 0.000659376962518
24440.73750753238; -0.000940803257942; 0.000641795072504
24443.24346850892; -0.000932512402365; 0.000622415847828
24445.74942948547; -0.000925274926951; 0.000604447967056
24448.25539046202; -0.000917495148386; 0.000585969743283
24450.76135143857; -0.000910408442516; 0.000567223183975
24453.26731241512; -0.000902486500454; 0.000549423017912
24455.77327339166; -0.000894675770599; 0.000530896801836
24458.27923436821; -0.00088777595679; 0.000513164331666
24460.78519534476; -0.000881364606745; 0.000496039971819
24463.29115632131; -0.000873841535933; 0.000478751609471
24465.79711729786; -0.000867097883975; 0.000461549970594
24468.30307827441; -0.000860268527098; 0.000442763329097
24470.80903925095; -0.000853509971311; 0.000426370937963
24473.3150002275; -0.000846621355585; 0.000408788157706
24475.82096120405; -0.000839673991325; 0.000391860150133
24478.3269221806; -0.000832488691735; 0.000375072147488
24480.83288315715; -0.000827250884496; 0.000358908830327
24483.33884413369; -0.000819935448119; 0.000341356795202
24485.84480511024; -0.000813059270264; 0.00032461928505
24488.35076608679; -0.000806938316531; 0.000308158227471
24490.85672706334; -0.000800474179422; 0.000291486809188
24493.36268803989; -0.000794212325826; 0.000275535131366
24495.86864901644; -0.000788527359798; 0.000259278422637
24498.37460999298; -0.000782065996498; 0.000242803521476
24500.88057096953; -0.000775445775462; 0.000227252478084
24503.38653194608; -0.000770427850141; 0.00021065051541
24505.89249292263; -0.000764561211589; 0.000195354623595
24508.39845389918; -0.000759023237666; 0.000179184791033
24510.90441487573; -0.000752434271231; 0.000163780675745
24513.41037585228; -0.000746862123358; 0.000147827880676
24515.91633682882; -0.000741226837734; 0.000132896578774
24518.42229780537; -0.000734861283576; 0.000117710119679
24520.92825878192; -0.00073025394375; 0.000101798078655
24523.43421975847; -0.000723991929689; 8.64483584537e-05
24525.94018073502; -0.000718818976148; 7.16144789467e-05
24528.44614171156; -0.000713203659118; 5.66509086595e-05
24530.95210268811; -0.000708429843446; 4.25163593212e-05
24533.45806366466; -0.000702869918517; 2.72512725622e-05
24535.96402464121; -0.000697792256033; 1.1744124106e-05
24538.46998561776; -0.000691789344144; -2.00769375137e-06
24540.97594659431; -0.000687269576342; -1.65913449826e-05
24543.48190757085; -0.000681467129093; -3.12415173972e-05
24545.9878685474; -0.000676991013454; -4.53060701946e-05
24548.49382952395; -0.000671597580832; -6.00936985007e-05
24550.9997905005; -0.000666914995237; -7.40184592962e-05
24553.50575147705; -0.000662134103541; -8.83318718883e-05
24556.01171245359; -0.000655852938129; -0.000102190022807
24558.51767343014; -0.000652022041191; -0.000116575745973
24561.02363440669; -0.000646985744838; -0.000130369021578
24563.52959538324; -0.000642928262424; -0.000144523829129
24566.03555635979; -0.000637178351852; -0.000157756548937
24568.54151733634; -0.000633104154122; -0.000170974147913
24571.04747831288; -0.00062804123608; -0.000185226090779
24573.55343928943; -0.000623744469855; -0.000199001027352
24576.05940026598; -0.000619345564322; -0.000211281860452
24578.56536124253; -0.000614586559477; -0.000225522869161
24581.07132221908; -0.000609762019003; -0.000238194527703
24583.57728319563; -0.000605512340529; -0.000251880422001
24586.08324417218; -0.000601131310559; -0.000265000619506
24588.58920514872; -0.000597314782135; -0.000277963828531
24591.09516612527; -0.00059289933375; -0.000291358620891
24593.60112710182; -0.000588462758061; -0.000303610221495
24596.10708807837; -0.000584089012119; -0.000316767314913
24598.61304905491; -0.000579401476683; -0.000330042529175
24601.11901003146; -0.000576010739895; -0.000342271915615
24603.62497100801; -0.000571663810875; -0.000355052535718
24606.13093198456; -0.000567344733716; -0.000367663460007
24608.63689296111; -0.000562438538456; -0.000380502561639
24611.14285393766; -0.000558922142484; -0.000391546071404
24613.64881491421; -0.000555548417785; -0.000404912560744
24616.15477589075; -0.000551493999954; -0.000417807535638
24618.6607368673; -0.000548058046519; -0.000429341946741
24621.16669784385; -0.000543508238978; -0.000441649155757
24623.6726588204; -0.000539487980944; -0.000453604456425
24626.17861979694; -0.000535361301694; -0.000465581557406
24628.68458077349; -0.000532897823877; -0.00047798142521
24631.19054175004; -0.000528880335036; -0.000489788128443
24633.69650272659; -0.000525270734268; -0.000501412124444
24636.20246370314; -0.000521090528712; -0.000513230120223
24638.70842467969; -0.000517593592557; -0.000524831679365
24641.21438565624; -0.000513858920997; -0.000537393246485
24643.72034663278; -0.000510254214914; -0.000547355035836
24646.22630760933; -0.000506928544827; -0.000560340927725
24648.73226858588; -0.000503015846795; -0.000571411380106
24651.23822956243; -0.000499225734826; -0.000582603466614
24653.74419053898; -0.000496284670555; -0.0005940308448
24656.25015151553; -0.000492781622235; -0.000605325375544
24658.75611249208; -0.000489044445024; -0.00061643997225
24661.26207346862; -0.000485479254122; -0.000627792984832
24663.76803444517; -0.000481652308164; -0.000638905295659
24666.27399542172; -0.000478807389269; -0.00065009305749
24668.77995639827; -0.00047574823146; -0.000660794088581
24671.28591737481; -0.000472491181894; -0.00067195313877
24673.79187835136; -0.000469423892892; -0.000683221817837
24676.29783932791; -0.000466126465363; -0.000694384578464
24678.80380030446; -0.000462625018605; -0.000703903793246
24681.30976128101; -0.000459646766186; -0.0007145265136
24683.81572225756; -0.000456577434385; -0.000725938210715
24686.32168323411; -0.000453387618166; -0.000736536368718
24688.82764421065; -0.000450278718645; -0.000747443895305
24691.3336051872; -0.000448139020772; -0.000757819023652
24693.83956616375; -0.00044402308483; -0.000768206438944
24696.3455271403; -0.000440675945435; -0.000778615233466
24698.85148811684; -0.000438351100296; -0.000788211276349
24701.35744909339; -0.000435549690716; -0.000799159266207
24703.86341006994; -0.000432626883706; -0.000809327380436
24706.36937104649; -0.000428955615824; -0.000819586975975
24708.87533202304; -0.000426658993473; -0.000829512840658
24711.38129299959; -0.000422944045658; -0.000839797132397
24713.88725397614; -0.000420621204085; -0.000849738822383
24716.39321495268; -0.000418551637217; -0.000859812580568
24718.89917592923; -0.000415184455228; -0.000869188488221
24721.40513690578; -0.000412684411964; -0.00087978425719
24723.91109788233; -0.000409612517511; -0.000890046794156
24726.41705885888; -0.000406382028326; -0.000899812904166
24728.92301983543; -0.000403849554367; -0.000909191828939
24731.42898081197; -0.000401538312115; -0.000919306301554
24733.93494178852; -0.000398255060481; -0.000929361630398
24736.44090276507; -0.00039589515684; -0.000938140059495
24738.94686374162; -0.000393215406695; -0.000948198664541
24741.45282471817; -0.000390857841856; -0.000957719929968
24743.95878569471; -0.000388018181652; -0.000967067045055
24746.46474667126; -0.000385560633151; -0.000976553389213
24748.97070764781; -0.000382593718432; -0.000985781777138
24751.47666862436; -0.000380610777343; -0.000995206844957
24753.98262960091; -0.000378634914047; -0.00100509906754
24756.48859057746; -0.000375197747287; -0.00101398808215
24758.99455155401; -0.00037190018014; -0.00102310279629
24761.50051253055; -0.00037095323381; -0.00103219360448
24764.0064735071; -0.000367625783544; -0.00104189687182
24766.51243448365; -0.000365266785992; -0.00105084241238
24769.0183954602; -0.0003629725806; -0.00106007048707
24771.52435643674; -0.000360553406571; -0.00106856322723
24774.03031741329; -0.00035766814456; -0.00107743345111
24776.53627838984; -0.000355663989013; -0.00108718217364
24779.04223936639; -0.000353694935584; -0.00109557664439
24781.54820034294; -0.000350941120994; -0.00110495817558
24784.05416131949; -0.000348058330096; -0.0011134346652
24786.56012229604; -0.00034592897614; -0.00112222151788
24789.06608327258; -0.000343172132353; -0.00113148593817
24791.57204424913; -0.000341680362759; -0.00113978225159
24794.07800522568; -0.000339602038535; -0.00114807495297
24796.58396620223; -0.000337224232099; -0.00115692885022
24799.08992717877; -0.000334910353886; -0.00116543907671
24801.59588815532; -0.000332791500465; -0.00117435743073
24804.10184913187; -0.000330563269094; -0.00118261757525
24806.60781010842; -0.000328574840465; -0.00119104326714
24809.11377108497; -0.000326222148235; -0.00119986823683
24811.61973206152; -0.000323842009457; -0.00120808488488
24814.12569303807; -0.000321932851348; -0.00121659220587
24816.63165401461; -0.000319933523947; -0.00122471235338
24819.13761499116; -0.000317765202434; -0.00123327595279
24821.64357596771; -0.000315710539164; -0.00124146676585
24824.14953694426; -0.000313111743024; -0.00124965272547
24826.65549792081; -0.000310999287465; -0.00125830093885
24829.16145889736; -0.000309189873168; -0.001265751112
24831.66741987391; -0.000307493869034; -0.00127361515024
24834.17338085045; -0.000305121854989; -0.00128216916827
24836.679341827; -0.000303001439469; -0.00128998634591
24839.18530280355; -0.000300931808369; -0.00129873778116
24841.6912637801; -0.000299331896381; -0.00130592579525
24844.19722475664; -0.00029750195956; -0.00131417184211
24846.70318573319; -0.000295425078894; -0.00132215959981
24849.20914670974; -0.000293729031991; -0.00133030743757
24851.71510768629; -0.000291872453403; -0.00133781946037
24854.22106866284; -0.000289390905174; -0.00134575664427
24856.72702963939; -0.000288100938162; -0.00135340641951
24859.23299061594; -0.000285405863182; -0.00136075367904
24861.73895159248; -0.000284331554259; -0.00136896946208
24864.24491256903; -0.000282444920857; -0.00137714526262
24866.75087354558; -0.000280055973569; -0.00138438065662
24869.25683452213; -0.000278343622662; -0.00139160393714
24871.76279549867; -0.000277088732692; -0.00139943465836
24874.26875647522; -0.000275203515079; -0.00140679773757
24876.77471745177; -0.000273264470772; -0.00141414954762
24879.28067842832; -0.000271406979941; -0.00142247756573
24881.78663940487; -0.000269999478862; -0.00143031039659
24884.29260038142; -0.000267617762062; -0.00143698232814
24886.79856135797; -0.00026605883266; -0.00144439658178
24889.30452233451; -0.000264565292041; -0.00145237650382
24891.81048331106; -0.000262670185132; -0.00145960168052
24894.31644428761; -0.000261020186811; -0.00146630376704
24896.82240526416; -0.000259039827605; -0.00147388231118
24899.32836624071; -0.000257659715072; -0.00148125567216
24901.83432721726; -0.000255932637108; -0.00148752895607
24904.3402881938; -0.000254154231717; -0.00149541486608
24906.84624917035; -0.000252529177753; -0.00150251533946
24909.3522101469; -0.000250795484926; -0.00151003825257
24911.85817112345; -0.000249855661621; -0.00151708551596
24914.3641321; -0.000247652352683; -0.001523679108
24916.87009307654; -0.000246487592619; -0.00153175595974
24919.37605405309; -0.00024431589275; -0.00153769820506
24921.88201502964; -0.000242784260431; -0.0015446811463
24924.38797600619; -0.000241234962013; -0.00155147008252
24926.89393698274; -0.000240339339341; -0.00155830204151
24929.39989795929; -0.000238226671471; -0.00156656508369
24931.90585893584; -0.000236310548801; -0.00157277667395
24934.41181991238; -0.000235402628645; -0.00157996133814
24936.91778088893; -0.00023376243231; -0.00158651548477
24939.42374186548; -0.000231849291759; -0.00159375249049
24941.92970284203; -0.000230155727121; -0.00159921033365
24944.43566381857; -0.000228699949428; -0.00160702661935
24946.94162479512; -0.000227013002193; -0.00161334698025
24949.44758577167; -0.000225763312219; -0.00162002463603
24951.95354674822; -0.0002245469378; -0.00162726081065
24954.45950772477; -0.000222392515948; -0.00163353445219
24956.96546870132; -0.000221645513173; -0.0016397550592
24959.47142967787; -0.000220303464723; -0.0016472702372
24961.97739065441; -0.000218700070762; -0.00165308600618
24964.48335163096; -0.000217215365423; -0.00165984667215
24966.98931260751; -0.000215413448772; -0.00166614017882
24969.49527358406; -0.000214351772799; -0.00167275322806
24972.00123456061; -0.000212545386315; -0.00167944230777
24974.50719553715; -0.000211102650424; -0.0016858333983
24977.0131565137; -0.000210216500118; -0.0016918911222
24979.51911749025; -0.000208227625482; -0.00169823446689
24982.0250784668; -0.000207589091184; -0.00170526826269
24984.53103944335; -0.000205768750501; -0.00171096207585
24987.0370004199; -0.000204290157788; -0.00171736712149
24989.54296139644; -0.000202939116286; -0.00172394051478
24992.04892237299; -0.000201520458586; -0.00173063231653
24994.55488334954; -0.000201124883152; -0.00173696945513
24997.06084432609; -0.000198808127513; -0.00174252266397
24999.56680530264; -0.000198419383176; -0.00174912496144
25002.07276627919; -0.000197066644266; -0.00175534031252
25004.57872725574; -0.000195070001288; -0.00176141848456
25007.08468823228; -0.00019422876101; -0.00176727944604
25009.59064920883; -0.000192818861897; -0.00177366631042
25012.09661018538; -0.000192697964935; -0.00177918283773
25014.60257116193; -0.000190502435955; -0.00178580983602
25017.10853213847; -0.00018952871178; -0.00179216082781
25019.61449311502; -0.000187222016747; -0.00179729027989
25022.12045409157; -0.000186965798616; -0.00180398973221
25024.62641506812; -0.000185442588803; -0.00180958969379
25027.13237604467; -0.000184627503745; -0.00181589600248
25029.63833702122; -0.000183167422298; -0.00182188014834
25032.14429799777; -0.00018211410629; -0.00182778831402
25034.65025897431; -0.000180555536663; -0.00183323607027
25037.15621995086; -0.000179255159272; -0.00183913060791
25039.66218092741; -0.000177887796921; -0.00184479811784
25042.16814190396; -0.000176921834242; -0.00185095786928
25044.6741028805; -0.000176081414591; -0.00185690928274
25047.18006385705; -0.000174705134574; -0.00186263722062
25049.6860248336; -0.00017256839659; -0.00186847904812
25052.19198581015; -0.000172201407335; -0.00187420307425
25054.6979467867; -0.000171233839555; -0.00188067900845
25057.20390776325; -0.000169861773368; -0.00188521251783
25059.7098687398; -0.000168643285226; -0.00189171637851
25062.21582971634; -0.000167788608679; -0.00189710763341
25064.72179069289; -0.000166272125039; -0.00190252337612
25067.22775166944; -0.000165328161444; -0.00190852059477
25069.73371264599; -0.000163697774327; -0.00191360113237
25072.23967362254; -0.000163062641462; -0.00191936873612
25074.74563459909; -0.000162278091304; -0.00192488240816
25077.25159557563; -0.000160850904558; -0.00193067000227
25079.75755655218; -0.000160879991513; -0.00193654638996
25082.26351752873; -0.000158876705286; -0.00194202310539
25084.76947850528; -0.000157978433961; -0.00194755739934
25087.27543948183; -0.000156337465615; -0.00195227446443
25089.78140045837; -0.000155074087215; -0.00195754286926
25092.28736143492; -0.000154663396488; -0.00196383081808
25094.79332241147; -0.00015344343594; -0.00196978612367
25097.29928338802; -0.000152363256471; -0.00197423291989
25099.80524436457; -0.000151681351706; -0.00198091704938
25102.31120534112; -0.000150854121629; -0.00198561362502
25104.81716631767; -0.000149600851912; -0.00198992251257
25107.32312729421; -0.000148102872152; -0.00199645743062
25109.82908827076; -0.000147414258676; -0.00200119991999
25112.33504924731; -0.000146071406137; -0.00200718001086
25114.84101022386; -0.000145448876146; -0.0020118160841
25117.3469712004; -0.000144030748529; -0.00201718716548
25119.85293217695; -0.000143169742276; -0.00202218684931
25122.3588931535; -0.000142181365276; -0.00202823939952
25124.86485413005; -0.000140870783354; -0.00203303919364
25127.3708151066; -0.000140529020536; -0.00203802410626
25129.87677608315; -0.000139441688504; -0.00204394913857
25132.3827370597; -0.000138329640963; -0.00204803268636
25134.88869803624; -0.000137585127609; -0.00205428875572
25137.39465901279; -0.000136666731534; -0.00205873048302
25139.90061998934; -0.000134957902216; -0.002063628166
25142.40658096589; -0.000134509487487; -0.00206890183599
25144.91254194244; -0.000133531231324; -0.00207425982633
25147.41850291898; -0.000132223929372; -0.002079012115
25149.92446389553; -0.00013189896018; -0.00208388947031
25152.43042487208; -0.000130810417976; -0.0020891390048
25154.93638584863; -0.000129666393131; -0.00209407652004
25157.44234682518; -0.000129114384457; -0.0020986565474
25159.94830780173; -0.000127572453683; -0.0021039183656
25162.45426877827; -0.00012699200514; -0.00210882933962
25164.96022975482; -0.000126294810848; -0.00211406520406
25167.46619073137; -0.00012434586863; -0.00211923863084
25169.97215170792; -0.000124093829329; -0.00212463092998
25172.47811268447; -0.000123543372138; -0.00212828717596
25174.98407366102; -0.000122860009813; -0.00213370443038
25177.49003463757; -0.00012154560876; -0.00213787457941
25179.99599561411; -0.000120898020563; -0.00214371045145
25182.50195659066; -0.000119512776033; -0.00214901695859
25185.00791756721; -0.000119062648356; -0.00215321148512
25187.51387854376; -0.000118113092758; -0.00215794439275
25190.0198395203; -0.000117919060518; -0.00216306840343
25192.52580049685; -0.000116469482682; -0.00216770086293
25195.0317614734; -0.000115355063492; -0.00217233672116
25197.53772244995; -0.000115153943996; -0.00217771246122
25200.0436834265; -0.000113904530027; -0.00218179290758
25202.54964440305; -0.000112997674194; -0.00218681154245
25205.0556053796; -0.000112256342193; -0.00219086890494
25207.56156635614; -0.000111704148362; -0.00219606848063
25210.06752733269; -0.00011047420798; -0.00220078809606
25212.57348830924; -0.000109239633377; -0.00220476726328
25215.07944928579; -0.000109059066329; -0.00221002104705
25217.58541026233; -0.0001088760234; -0.00221470589053
25220.09137123888; -0.000107240488902; -0.00221886821983
25222.59733221543; -0.000106104409171; -0.00222344932243
25225.10329319198; -0.000105361533379; -0.00222842015323
25227.60925416853; -0.000104721985835; -0.00223302568634
25230.11521514508; -0.000104232624981; -0.00223809961977
25232.62117612163; -0.000103340082276; -0.00224215859682
25235.12713709817; -0.000102711310195; -0.00224723168639
25237.63309807472; -0.000101557047127; -0.00225127775103
25240.13905905127; -0.000100795501221; -0.00225604926497
25242.64502002782; -0.000100575284837; -0.00226040568059
25245.15098100437; -9.90971316686e-05; -0.00226389543764
25247.65694198092; -9.85951243257e-05; -0.00226862628178
25250.16290295746; -9.75274872673e-05; -0.00227364880509
25252.66886393401; -9.6651019485e-05; -0.0022778015924
25255.17482491056; -9.60568030523e-05; -0.00228244867672
25257.68078588711; -9.58826396351e-05; -0.0022867430013
25260.18674686366; -9.47269085459e-05; -0.00229120643891
25262.6927078402; -9.42023838036e-05; -0.00229578818237
25265.19866881675; -9.28757346514e-05; -0.00230025008711
25267.7046297933; -9.26930940359e-05; -0.00230482160835
25270.21059076985; -9.22018413085e-05; -0.00230882506306
25272.7165517464; -9.1305512011e-05; -0.00231340296039
25275.22251272295; -9.06730708772e-05; -0.00231754676858
25277.7284736995; -8.90095869782e-05; -0.00232127806478
25280.23443467604; -8.89248856883e-05; -0.00232559289149
25282.74039565259; -8.86773117582e-05; -0.00233037075022
25285.24635662914; -8.70677109386e-05; -0.00233471607053
25287.75231760569; -8.6557769482e-05; -0.00233892215392
25290.25827858223; -8.61439388634e-05; -0.00234317105507
25292.76423955878; -8.58090083747e-05; -0.00234705573224
25295.27020053533; -8.45919627921e-05; -0.00235172905924
25297.77616151188; -8.44003675868e-05; -0.00235559881858
25300.28212248843; -8.29128695926e-05; -0.00236036139409
