% Module: Sweep, ID: c0p1t8p1cfm0
% Devices: DEV646
% Time: 2026/02/03 13:08:18
% Demod 1 Sample X, /dev646/demods/0/sample.X
% Demod 1 Sample Y, /dev646/demods/0/sample.Y
% Frequency (Hz); Demod 1 Sample X  Amplitude (V); Demod 1 Sample Y  Amplitude (V)
22484.71139061542; -0.000518566097792; -0.0077153786616
22489.50622069767; -0.000527490197052; -0.00773701717955
22494.30105077992; -0.000529587902015; -0.00775483568726
22499.09588086216; -0.000537452299176; -0.00777727508761
22503.89071094441; -0.000534765206157; -0.00780071451474
22508.68554102665; -0.000547517375007; -0.00781881227276
22513.4803711089; -0.000549957337948; -0.00784327500592
22518.27520119115; -0.000552642496709; -0.00786947947634
22523.07003127339; -0.000563948015842; -0.00789062594763
22527.86486135564; -0.000567029710743; -0.00791268012792
22532.65969143789; -0.000567700557042; -0.00793214510452
22537.45452152013; -0.000569485583066; -0.00795842888084
22542.24935160238; -0.00057507545127; -0.0079813543033
22547.04418168463; -0.000586478313258; -0.00800302640497
22551.83901176687; -0.000583651158926; -0.0080235223871
22556.63384184912; -0.000594327043657; -0.00805241736758
22561.42867193136; -0.000598920086278; -0.00807844595025
22566.22350201361; -0.000605082441527; -0.0080974347478
22571.01833209586; -0.000602530627291; -0.00812138150688
22575.81316217811; -0.000611907447034; -0.00815282463601
22580.60799226035; -0.000623560314679; -0.00817722717686
22585.4028223426; -0.000626722007341; -0.00820128292558
22590.19765242485; -0.000633713544157; -0.00822649883807
22594.99248250709; -0.000637685023107; -0.00825288411546
22599.78731258934; -0.000642841129023; -0.00828350389788
22604.58214267158; -0.000653965790412; -0.00830819882114
22609.37697275383; -0.0006596867368; -0.00833878614463
22614.17180283608; -0.000670184217592; -0.00836247923024
22618.96663291832; -0.000669869696934; -0.00839014956503
22623.76146300057; -0.00067493873468; -0.00841449074646
22628.55629308282; -0.000690688029604; -0.00844547830906
22633.35112316506; -0.000695570775681; -0.00847252148095
22638.14595324731; -0.000699994119872; -0.00850406310542
22642.94078332956; -0.000712881847663; -0.00853415095445
22647.7356134118; -0.00071606201382; -0.00856286286547
22652.53044349405; -0.000729191882848; -0.00859952576165
22657.32527357629; -0.000736116336395; -0.00863181674331
22662.12010365854; -0.000740881391403; -0.00865136097843
22666.91493374079; -0.000751935388933; -0.00869101253265
22671.70976382303; -0.000760773885967; -0.00871256464367
22676.50459390528; -0.000765831359316; -0.00875214486117
22681.29942398753; -0.000771710088426; -0.00878688409597
22686.09425406977; -0.000784479837297; -0.00881724329404
22690.88908415202; -0.000796246117489; -0.00885086726309
22695.68391423427; -0.00080598203099; -0.00888131316194
22700.47874431651; -0.000813328875432; -0.00891660997518
22705.27357439876; -0.000824204249943; -0.00895580848737
22710.068404481; -0.00083250853502; -0.00899377385406
22714.86323456325; -0.000846213677593; -0.00903102259025
22719.6580646455; -0.000852547254063; -0.00906207993663
22724.45289472774; -0.000860213623235; -0.00910175072489
22729.24772480999; -0.000875793591272; -0.00913292860561
22734.04255489224; -0.000888312744861; -0.00917025575485
22738.83738497449; -0.000900670733451; -0.00921193511957
22743.63221505673; -0.000911758594543; -0.0092520875695
22748.42704513898; -0.000926190771682; -0.00928657965452
22753.22187522122; -0.000934043259673; -0.00932314332444
22758.01670530347; -0.000948081772559; -0.0093669088215
22762.81153538572; -0.000961998584394; -0.00940874958476
22767.60636546796; -0.000972127662757; -0.00945163205909
22772.40119555021; -0.00098628112352; -0.00949251006418
22777.19602563246; -0.000996142527971; -0.00953453902537
22781.9908557147; -0.00102002571361; -0.0095762654433
22786.78568579695; -0.00102985726409; -0.0096202588697
22791.5805158792; -0.00104535532388; -0.00966619756488
22796.37534596144; -0.00105455573518; -0.00971277286286
22801.17017604369; -0.00107322819696; -0.00976049341471
22805.96500612593; -0.00108798241125; -0.00980705850471
22810.75983620818; -0.00110369364155; -0.00985152178445
22815.55466629043; -0.00112628109109; -0.0099017906364
22820.34949637267; -0.00113334194975; -0.00995068572461
22825.14432645492; -0.0011530150941; -0.00999612131097
22829.93915653717; -0.00117395200385; -0.010048085718
22834.73398661941; -0.00119499156961; -0.0101036632346
22839.52881670166; -0.00121131334304; -0.010149636017
22844.32364678391; -0.0012307437406; -0.010201449898
22849.11847686615; -0.0012524528701; -0.0102546923299
22853.9133069484; -0.00126835269211; -0.010309381061
22858.70813703064; -0.00129267276177; -0.0103648004739
22863.50296711289; -0.00131245709409; -0.0104184669866
22868.29779719514; -0.0013271284302; -0.0104832421104
22873.09262727738; -0.00135200747355; -0.0105328275185
22877.88745735963; -0.00138340402856; -0.0106034347968
22882.68228744188; -0.00140508246962; -0.0106554693935
22887.47711752413; -0.00142432165075; -0.0107132949629
22892.27194760637; -0.00145466552837; -0.0107852844293
22897.06677768862; -0.00148142096176; -0.0108426494258
22901.86160777086; -0.00150598004192; -0.0109091984095
22906.65643785311; -0.00153027550861; -0.0109761260636
22911.45126793536; -0.00156349327654; -0.0110439243737
22916.2460980176; -0.00159070981699; -0.0111134490175
22921.04092809985; -0.00162082477972; -0.0111821866278
22925.8357581821; -0.00165201537246; -0.0112475516507
22930.63058826434; -0.00168449581191; -0.0113221378189
22935.42541834659; -0.00171492114331; -0.0113922908914
22940.22024842884; -0.00174952202135; -0.0114677029681
22945.01507851108; -0.00177898492813; -0.0115470641622
22949.80990859333; -0.00181843973391; -0.0116190674337
22954.60473867557; -0.00185600396393; -0.0116988437084
22959.39956875782; -0.00190055256243; -0.0117791794887
22964.19439884007; -0.00193676313599; -0.0118627497107
22968.98922892231; -0.00197664612645; -0.0119476436486
22973.78405900456; -0.00201514304851; -0.0120339894918
22978.57888908681; -0.00206134020824; -0.012118550118
22983.37371916905; -0.00210583889749; -0.0122058138878
22988.1685492513; -0.00215565936718; -0.0122984902871
22992.96337933355; -0.00220298224448; -0.0123939974764
22997.75820941579; -0.00225454720285; -0.0124850847406
23002.55303949804; -0.00230866865598; -0.0125839187954
23007.34786958028; -0.00235889823791; -0.0126804383221
23012.14269966253; -0.00241482378133; -0.012782444682
23016.93752974478; -0.00248080846689; -0.0128865415361
23021.73235982702; -0.00253466422706; -0.0129853502462
23026.52718990927; -0.00260645530492; -0.0131000537841
23031.32201999152; -0.00265858023353; -0.0132032242748
23036.11685007376; -0.00273675817401; -0.0133097296014
23040.91168015601; -0.00279819026114; -0.0134227821897
23045.70651023825; -0.00287843784387; -0.0135416699776
23050.5013403205; -0.00295447443007; -0.0136617807006
23055.29617040275; -0.00304197557091; -0.0137787042005
23060.091000485; -0.003118595964; -0.0139083381276
23064.88583056724; -0.00320420664477; -0.0140305526177
23069.68066064949; -0.00329611133059; -0.0141596617918
23074.47549073174; -0.00338285329679; -0.0142907236658
23079.27032081398; -0.00348063406991; -0.0144319663551
23084.06515089623; -0.0035859300722; -0.0145650494556
23088.85998097848; -0.00370061223452; -0.0147059295342
23093.65481106072; -0.00380112195557; -0.0148538135052
23098.44964114297; -0.00392057523821; -0.0150013579845
23103.24447122521; -0.00404307671427; -0.0151514978892
23108.03930130746; -0.00416911026838; -0.0153035758287
23112.83413138971; -0.00430283902638; -0.015460601654
23117.62896147195; -0.00444418611332; -0.0156221964627
23122.4237915542; -0.004587142116; -0.0157923917515
23127.21862163645; -0.00474128268739; -0.0159520455846
23132.01345171869; -0.00490623992375; -0.0161335328729
23136.80828180094; -0.00507568045439; -0.01630434688
23141.60311188319; -0.00525027212696; -0.0164828118201
23146.39794196543; -0.00543426626386; -0.016665506689
23151.19277204768; -0.00563273731186; -0.0168512649618
23155.98760212992; -0.00584040164743; -0.0170417206819
23160.78243221217; -0.00605354659463; -0.0172316013409
23165.57726229442; -0.00629119350126; -0.0174293505649
23170.37209237666; -0.00652974117433; -0.0176265813341
23175.16692245891; -0.00678482433866; -0.0178324545077
23179.96175254116; -0.00705121610655; -0.0180346141551
23184.7565826234; -0.00733953118678; -0.0182452221792
23189.55141270565; -0.00763890072454; -0.0184593008713
23194.34624278789; -0.0079592894857; -0.0186702213792
23199.14107287014; -0.00829710928887; -0.0188708673359
23203.93590295239; -0.00864160584657; -0.0190918758141
23208.73073303464; -0.0090227265836; -0.0193029002266
23213.52556311688; -0.00941675676012; -0.0195129957274
23218.32039319913; -0.00984587818486; -0.0197238200447
23223.11522328138; -0.0102881048245; -0.0199372367358
23227.91005336362; -0.0107665996877; -0.0201326564207
23232.70488344587; -0.0112621637878; -0.0203298672489
23237.49971352812; -0.0117973060579; -0.0205230883909
23242.29454361036; -0.0123591728225; -0.0207000099101
23247.08937369261; -0.0129501388642; -0.0208665561949
23251.88420377485; -0.0135824624827; -0.0210190944859
23256.6790338571; -0.0142518960324; -0.0211503306034
23261.47386393935; -0.014950332565; -0.0212611406646
23266.26869402159; -0.0156959658968; -0.0213465509848
23271.06352410384; -0.0164782999819; -0.0214009319608
23275.85835418609; -0.0173008800375; -0.0214187074989
23280.65318426833; -0.0181706513887; -0.021394806836
23285.44801435058; -0.0190706771407; -0.0213174586514
23290.24284443283; -0.020021024757; -0.021186157019
23295.03767451507; -0.020997737404; -0.0209962993494
23299.83250459732; -0.0220137533854; -0.0207346068526
23304.62733467956; -0.023054873931; -0.0203908085959
23309.42216476181; -0.0241188051537; -0.0199614221116
23314.21699484406; -0.0251947865889; -0.0194405618955
23319.0118249263; -0.0262799375157; -0.0188088264296
23323.80665500855; -0.0273584296352; -0.0180827688967
23328.6014850908; -0.0284110316836; -0.0172386070709
23333.39631517304; -0.0294307532035; -0.0162706164622
23338.19114525529; -0.030404901984; -0.0151904635013
23342.98597533753; -0.0313002535101; -0.0139898755249
23347.78080541978; -0.032110755577; -0.0126870558736
23352.57563550203; -0.0328078303722; -0.0112858043685
23357.37046558427; -0.0333896717574; -0.00979441640828
23362.16529566652; -0.0338285737118; -0.00823044870763
23366.96012574877; -0.0341218661316; -0.00661719752707
23371.75495583102; -0.0342557463328; -0.00497587787447
23376.54978591326; -0.0342330018579; -0.00332277616529
23381.34461599551; -0.0340565896425; -0.00168790782216
23386.13944607776; -0.0337200081894; -9.16819723252e-05
23390.93427616; -0.0332339943233; 0.0014454464802
23395.72910624225; -0.0326281605084; 0.00290776939553
23400.52393632449; -0.0319052995031; 0.00427451957406
23405.31876640674; -0.031074494563; 0.00553941410026
23410.11359648899; -0.0301675199551; 0.00669373608453
23414.90842657123; -0.029205482074; 0.00773903560738
23419.70325665348; -0.0281997535653; 0.00865667736925
23424.49808673573; -0.0271524336184; 0.00946745085663
23429.29291681797; -0.0260914863449; 0.0101701092523
23434.08774690022; -0.0250290680293; 0.0107633850485
23438.88257698247; -0.0239716860642; 0.0112604044143
23443.67740706471; -0.0229340360789; 0.0116666102278
23448.47223714696; -0.0219244334066; 0.0119958215798
23453.2670672292; -0.0209374601917; 0.0122444034402
23458.06189731145; -0.0199862061006; 0.0124266258489
23462.8567273937; -0.0190668266226; 0.012548785035
23467.65155747594; -0.0181904521909; 0.0126218273714
23472.44638755819; -0.0173499938089; 0.0126469524171
23477.24121764044; -0.0165541256099; 0.0126339592991
23482.03604772268; -0.0157963768454; 0.0125898873422
23486.83087780493; -0.0150772738489; 0.0125111190657
23491.62570788717; -0.014386632593; 0.0124095313061
23496.42053796942; -0.0137411298354; 0.0122857615933
23501.21536805167; -0.0131277141315; 0.0121447520714
23506.01019813391; -0.0125434698501; 0.0119940359423
23510.80502821616; -0.0119976999018; 0.011822816231
23515.59985829841; -0.0114819222595; 0.0116428701349
23520.39468838066; -0.0109903111735; 0.0114598866587
23525.1895184629; -0.0105313732045; 0.0112676138623
23529.98434854515; -0.0100919467634; 0.0110782941644
23534.7791786274; -0.00967808557089; 0.0108734794909
23539.57400870964; -0.00928133306716; 0.0106744610358
23544.36883879189; -0.0089140321978; 0.0104794265028
23549.16366887413; -0.00856842499989; 0.0102760663718
23553.95849895638; -0.0082364287252; 0.0100775685117
23558.75332903863; -0.00792414493172; 0.0098716514751
23563.54815912087; -0.00762324899263; 0.00967572696588
23568.34298920312; -0.00734586006849; 0.00948048028883
23573.13781928537; -0.00707840753856; 0.00929296533289
23577.93264936761; -0.00682031038415; 0.00909895442608
23582.72747944986; -0.00658072776526; 0.00890663173421
23587.52230953211; -0.00635727507436; 0.00871947622465
23592.31713961435; -0.00614104225047; 0.00853496769968
23597.1119696966; -0.00593160656576; 0.00835973476186
23601.90679977884; -0.00573043702467; 0.00817860251694
23606.70162986109; -0.0055481841167; 0.00800512399062
23611.49645994334; -0.00536886089683; 0.00783265196495
23616.29129002558; -0.00520186253301; 0.00766915219546
23621.08612010783; -0.00503651667654; 0.00750150247592
23625.88095019008; -0.00488507445157; 0.00733951158204
23630.67578027232; -0.00473429476654; 0.00718301508184
23635.47061035457; -0.00459705987587; 0.00703011187056
23640.26544043681; -0.00445752464234; 0.00687340562935
23645.06027051906; -0.0043317066347; 0.00672701605489
23649.85510060131; -0.00420680378256; 0.00658680343442
23654.64993068355; -0.004089215131; 0.0064402999964
23659.4447607658; -0.00397786774398; 0.00630249340055
23664.23959084805; -0.00386801201032; 0.00616575547607
23669.03442093029; -0.00376351065764; 0.00603595491856
23673.82925101254; -0.00366134497888; 0.00590256260091
23678.62408109479; -0.00356791677408; 0.00577172926269
23683.41891117703; -0.00347909098151; 0.00565411218719
23688.21374125928; -0.00338779314807; 0.00552881062618
23693.00857134153; -0.00330108117015; 0.00541088469887
23697.80340142377; -0.00322200308293; 0.00529710539194
23702.59823150602; -0.00314471580121; 0.00517474389312
23707.39306158827; -0.00306955908238; 0.00506707687518
23712.18789167051; -0.00299823461474; 0.00495125701334
23716.98272175276; -0.00292790590928; 0.00484517280915
23721.77755183501; -0.00285969317851; 0.00474331476095
23726.57238191725; -0.00279231116787; 0.00464225126758
23731.3672119995; -0.00272862810766; 0.00453864683783
23736.16204208175; -0.00267203296926; 0.0044360347679
23740.95687216399; -0.00260811098578; 0.00433549715545
23745.75170224624; -0.00255606998383; 0.00424261538494
23750.54653232848; -0.00250094075366; 0.00415121395586
23755.34136241073; -0.00244640980528; 0.00405550587965
23760.13619249298; -0.00239462254058; 0.00396975272846
23764.93102257522; -0.00234535404164; 0.00388218207709
23769.72585265747; -0.0023020326621; 0.00380185650709
23774.52068273972; -0.0022525160583; 0.00371274715245
23779.31551282196; -0.00220702130002; 0.00362668840404
23784.11034290421; -0.00216922628662; 0.00355238223839
23788.90517298645; -0.00212632191758; 0.00347073262335
23793.7000030687; -0.0020898579054; 0.00338552435542
23798.49483315095; -0.00205095302449; 0.00331540967103
23803.28966323319; -0.0020071171935; 0.00324190582464
23808.08449331544; -0.00197317864933; 0.00316277896096
23812.87932339769; -0.00193569505092; 0.00309313650025
23817.67415347993; -0.00189511562373; 0.00301732636299
23822.46898356218; -0.00186906930219; 0.00294739126494
23827.26381364443; -0.00183797722986; 0.00288117041554
23832.05864372667; -0.0018039745273; 0.00280872026617
23836.85347380892; -0.00177051651616; 0.00274486835877
23841.64830389117; -0.00173902547981; 0.00267740464626
23846.44313397341; -0.00171160685777; 0.00261602406741
23851.23796405566; -0.00168479695345; 0.00255330201004
23856.03279413791; -0.00165947974505; 0.00248647033474
23860.82762422015; -0.0016288310523; 0.0024315769091
23865.6224543024; -0.00160240948661; 0.00236405169125
23870.41728438465; -0.00157732150919; 0.00231524264797
23875.21211446689; -0.00155272741537; 0.0022534521257
23880.00694454914; -0.00153119085403; 0.00220110380866
23884.80177463139; -0.00150497885358; 0.00213638667764
23889.59660471363; -0.00148658180566; 0.00208429681445
23894.39143479588; -0.00146068554427; 0.00203410864919
23899.18626487812; -0.00144286077647; 0.00197334247775
23903.98109496037; -0.0014199539009; 0.00192243026627
23908.77592504262; -0.00139701120211; 0.00187371054404
23913.57075512486; -0.00137620219027; 0.00182165573174
23918.36558520711; -0.00136066270135; 0.00176970320098
23923.16041528936; -0.0013442639452; 0.00172043138114
23927.9552453716; -0.00132356463924; 0.00167523314565
23932.75007545385; -0.00130474436664; 0.00162214711388
23937.5449055361; -0.0012837923369; 0.0015785208429
23942.33973561834; -0.00126787348109; 0.00153333477419
23947.13456570059; -0.00124967260421; 0.00148763081476
23951.92939578283; -0.00123390088774; 0.00144401904714
23956.72422586508; -0.00121726328455; 0.00139588586815
23961.51905594733; -0.00120701466017; 0.00135087647236
23966.31388602957; -0.00118823399061; 0.00130748966234
23971.10871611182; -0.0011760856331; 0.00126623299244
23975.90354619407; -0.00116063487506; 0.00122863748675
23980.69837627631; -0.00114964578685; 0.00118537250086
23985.49320635856; -0.00113195239331; 0.00114436072147
23990.2880364408; -0.0011163596744; 0.00110125639734
23995.08286652305; -0.00110155773712; 0.00106581939409
23999.8776966053; -0.00108994931049; 0.00102455379922
24004.67252668754; -0.00107690597694; 0.000989975967663
24009.46735676979; -0.00106365013426; 0.00094781429219
24014.26218685204; -0.00105341145594; 0.000918897630778
24019.05701693429; -0.00103822209142; 0.000872579452013
24023.85184701653; -0.0010275377908; 0.000838660388502
24028.64667709878; -0.00101682090948; 0.000800711175893
24033.44150718103; -0.00100269883825; 0.000761692424429
24038.23633726327; -0.000996023665962; 0.000735268145171
24043.03116734552; -0.000984737195333; 0.000699422580534
24047.82599742776; -0.000970119631539; 0.000663709532255
24052.62082751001; -0.000968335355064; 0.000632234742979
24057.41565759226; -0.000951645478824; 0.000605992436251
24062.2104876745; -0.000946138419806; 0.000561783060684
24067.00531775675; -0.000933414538285; 0.000529283206498
24071.800147839; -0.00092173169421; 0.000500214378215
24076.59497792124; -0.000914474120662; 0.000461470183529
24081.38980800349; -0.00090839467137; 0.000431179513594
24086.18463808574; -0.000899708052588; 0.000402926453686
24090.97946816798; -0.000888930329244; 0.000376045389502
24095.77429825023; -0.000873341120151; 0.00034270920157
24100.56912833247; -0.000862534296545; 0.000310577141343
24105.36395841472; -0.000859565600185; 0.000279061505251
24110.15878849697; -0.000850851674627; 0.000254089072938
24114.95361857921; -0.000849202086235; 0.000227546584449
24119.74844866146; -0.000839866373542; 0.000206531047725
24124.54327874371; -0.000833096581441; 0.000168292877978
24129.33810882595; -0.000823489292551; 0.000145649281477
24134.1329389082; -0.000814636152153; 0.000119878660042
24138.92776899044; -0.0008104185126; 8.71803104741e-05
24143.72259907269; -0.00079905725367; 6.36866535694e-05
24148.51742915494; -0.000792779202995; 3.4902192051e-05
24153.31225923718; -0.000790104372074; 1.49801408323e-05
24158.10708931943; -0.000774626877427; -1.54816447833e-05
24162.90191940168; -0.000774399894638; -3.72049227967e-05
24167.69674948393; -0.000762502391797; -6.91592983255e-05
24172.49157956617; -0.000753876631041; -9.26439721016e-05
24177.28640964842; -0.000755601067966; -0.000118990085471
24182.08123973067; -0.000742814453931; -0.000145618763194
24186.87606981291; -0.000742122659255; -0.000170840574924
24191.67089989516; -0.000730299261552; -0.000190248514242
24196.4657299774; -0.000732812944704; -0.000215286421184
24201.26056005965; -0.000724574224259; -0.000233589319139
24206.0553901419; -0.000717333306641; -0.000258548996345
24210.85022022414; -0.000707887725144; -0.000285442311166
24215.64505030639; -0.000702795321833; -0.000307522228364
24220.43988038864; -0.00069509180913; -0.000323111620151
24225.23471047088; -0.000697846135112; -0.00035252909912
24230.02954055313; -0.000687116328609; -0.000374311398747
24234.82437063538; -0.000681323675039; -0.000395902873027
24239.61920071762; -0.000679472424605; -0.000416407383356
24244.41403079987; -0.000671900984793; -0.000436443514209
24249.20886088211; -0.000667683549781; -0.000458060330698
24254.00369096436; -0.000664784405879; -0.000480177765356
24258.79852104661; -0.000661132737893; -0.00050027025063
24263.59335112885; -0.000653260462619; -0.000524626577043
24268.3881812111; -0.000651762140162; -0.000541373375021
24273.18301129335; -0.00064672708598; -0.00055807616283
24277.97784137559; -0.000641725192119; -0.000582261089327
24282.77267145784; -0.000638121501666; -0.000598626266993
24287.56750154008; -0.000629292174532; -0.000620345831723
24292.36233162233; -0.000627474894354; -0.000638064475388
24297.15716170458; -0.000625305026511; -0.000656129333472
24301.95199178682; -0.000619502333028; -0.000674412655838
24306.74682186907; -0.000617452983142; -0.000694060392744
24311.54165195132; -0.000608891330765; -0.000718313560449
24316.33648203356; -0.00060876299108; -0.00072914725544
24321.13131211581; -0.000600969613859; -0.00075560001649
24325.92614219806; -0.000600716448772; -0.000771183228112
24330.72097228031; -0.000592973040959; -0.000788973718037
24335.51580236255; -0.000590068801984; -0.000807384041529
24340.3106324448; -0.000589931796637; -0.000825697323787
24345.10546252704; -0.000585792172586; -0.000839229704809
24349.90029260929; -0.000585112147617; -0.000857156349529
24354.69512269154; -0.000578790173852; -0.000870591258156
24359.48995277378; -0.000574460284845; -0.000887355546615
24364.28478285603; -0.000573703724319; -0.000912152777111
24369.07961293828; -0.000563585200415; -0.000925300051465
24373.87444302052; -0.000564725391974; -0.000947182374294
24378.66927310277; -0.000562996791835; -0.000956103695822
24383.46410318502; -0.000555687392468; -0.000974352922701
24388.25893326726; -0.000552646534459; -0.000993209463353
24393.05376334951; -0.000554624413168; -0.00101081979062
24397.84859343175; -0.000551150287955; -0.00102341959321
24402.643423514; -0.000542144773375; -0.0010410800462
24407.43825359625; -0.000540166111578; -0.00105354405776
24412.23308367849; -0.000537532970101; -0.00106415684567
24417.02791376074; -0.000533698601267; -0.00108896511709
24421.82274384299; -0.000528730760817; -0.00109584942976
24426.61757392523; -0.000526293442375; -0.00111727997389
24431.41240400748; -0.000528843138196; -0.00113574376276
24436.20723408972; -0.000524458438097; -0.00114556326038
24441.00206417197; -0.000518224489284; -0.00115198888463
24445.79689425422; -0.000522818459534; -0.00117204840636
24450.59172433646; -0.000518885696753; -0.00118840601915
24455.38655441871; -0.000518996944731; -0.00119868741784
24460.18138450096; -0.000509045236524; -0.00121310027071
24464.9762145832; -0.000510454528706; -0.00122983380849
24469.77104466545; -0.000505225355437; -0.0012438009329
24474.5658747477; -0.000501898338869; -0.00126556971802
24479.36070482995; -0.000499053949674; -0.00127575148222
24484.15553491219; -0.000498872103993; -0.0012829546656
24488.95036499444; -0.000500602852932; -0.00129688708174
24493.74519507668; -0.000493238449546; -0.00131176112005
24498.54002515893; -0.000489847215982; -0.00132582832042
24503.33485524118; -0.000486964857628; -0.00134213347769
24508.12968532342; -0.000486494216119; -0.00134833034697
24512.92451540567; -0.000478638775624; -0.0013644217111
24517.71934548792; -0.000480267162174; -0.00138068908337
24522.51417557016; -0.000481695984636; -0.00139095627332
24527.30900565241; -0.000476080264215; -0.00140472113322
24532.10383573466; -0.000470592225393; -0.00141329587709
24536.8986658169; -0.000474534523695; -0.00142824147296
24541.69349589915; -0.000465165045057; -0.00143960096902
24546.48832598139; -0.000467971700096; -0.00145375538872
24551.28315606364; -0.000461910572605; -0.00146134801953
24556.07798614589; -0.000462579365336; -0.0014754242248
24560.87281622813; -0.000455769165733; -0.00148734082407
24565.66764631038; -0.00045899625387; -0.00150305994864
24570.46247639263; -0.00045694099336; -0.00151081774897
24575.25730647487; -0.000452921764649; -0.00152090507219
24580.05213655712; -0.0004492458897; -0.00153536509665
24584.84696663936; -0.000453531036835; -0.00154668543331
24589.64179672161; -0.000448947755662; -0.00155893222053
24594.43662680386; -0.00044465202376; -0.00157140209172
24599.2314568861; -0.000446603028776; -0.00158776527305
24604.02628696835; -0.000446447505241; -0.00159217550006
24608.8211170506; -0.000441117834686; -0.00160844026113
24613.61594713284; -0.000438346292612; -0.00161725595276
24618.41077721509; -0.000437322268639; -0.00162541634216
24623.20560729734; -0.000437820594776; -0.00163822078099
24628.00043737958; -0.000434323225153; -0.00165035134879
24632.79526746183; -0.000430015267768; -0.00166403598953
24637.59009754407; -0.000433659490571; -0.00167194436832
24642.38492762632; -0.000430240784613; -0.0016821073684
24647.17975770857; -0.000425402630943; -0.00169235330366
24651.97458779082; -0.000426906271707; -0.00169833035718
24656.76941787306; -0.000420086908588; -0.00171449597545
24661.56424795531; -0.000421063660037; -0.00172430746996
24666.35907803756; -0.000421494117124; -0.00173360243153
24671.1539081198; -0.000418388950887; -0.00174883782894
24675.94873820205; -0.000417670727371; -0.00175298712459
24680.7435682843; -0.000417369503365; -0.00176206359757
24685.53839836654; -0.000416259485546; -0.00177110704485
24690.33322844879; -0.000413722876528; -0.00178517305274
24695.12805853103; -0.00041625176482; -0.00179521952654
24699.92288861328; -0.000410779579301; -0.00180910817582
24704.71771869553; -0.000412120336579; -0.00181825577651
24709.51254877777; -0.000409949738187; -0.00182393975668
24714.30737886002; -0.000406383703734; -0.00184048261035
24719.10220894227; -0.000407852334228; -0.00184433642285
24723.89703902451; -0.000407470982689; -0.00185911829238
24728.69186910676; -0.000402841284389; -0.00186491917453
24733.486699189; -0.000399316921457; -0.00187640993262
24738.28152927125; -0.000402050220676; -0.00188128884464
24743.0763593535; -0.000402703099872; -0.00189268909628
24747.87118943574; -0.000395621387688; -0.0019045708509
24752.66601951799; -0.000388394125344; -0.00190919138407
24757.46084960024; -0.000394370720547; -0.0019221817711
24762.25567968248; -0.000393593746267; -0.00193134029249
24767.05050976473; -0.000390420983139; -0.0019318173787
24771.84533984698; -0.000393832631919; -0.00195244593596
24776.64016992922; -0.00038841922478; -0.00195279587667
24781.43500001147; -0.000390258997204; -0.0019623827638
24786.22983009371; -0.000387169836273; -0.00197529236652
24791.02466017596; -0.000387185136722; -0.00198281762252
24795.81949025821; -0.000384744373077; -0.00198845950493
24800.61432034046; -0.000383993231012; -0.00200096413277
24805.4091504227; -0.000385872848622; -0.0020106587003
24810.20398050495; -0.000383966991867; -0.00201777132115
24814.9988105872; -0.000382959870676; -0.00202760969497
24819.79364066944; -0.000384369569479; -0.00203890224499
24824.58847075169; -0.000383229783618; -0.00204455983609
24829.38330083394; -0.000381972241071; -0.0020544775095
24834.17813091618; -0.000376552218145; -0.00206710926101
24838.97296099843; -0.000384148561083; -0.00207536373353
24843.76779108067; -0.000375091090528; -0.00208082385579
24848.56262116292; -0.000375066433098; -0.0020879601053
24853.35745124517; -0.000376880057994; -0.00209266311734
24858.15228132741; -0.000382025606604; -0.00209882530251
24862.94711140966; -0.000374928885821; -0.00210789728527
24867.74194149191; -0.000374349159365; -0.00211727201752
24872.53677157415; -0.000378888844607; -0.00212622152276
24877.3316016564; -0.000369620422724; -0.00213165669306
