% Module: Sweep, ID: c0p1t8p1cfm0
% Devices: DEV646
% Time: 2026/02/03 14:01:27
% Demod 1 Sample X, /dev646/demods/0/sample.X
% Demod 1 Sample Y, /dev646/demods/0/sample.Y
% Frequency (Hz); Demod 1 Sample X  Amplitude (V); Demod 1 Sample Y  Amplitude (V)
22484.71139061542; -0.000496309643143; -0.0077209093685
22489.50622069767; -0.00050272481632; -0.00773350543473
22494.30105077992; -0.000502836752692; -0.00776148295223
22499.09588086216; -0.000509710383434; -0.00778139927467
22503.89071094441; -0.000512337376516; -0.00780803191791
22508.68554102665; -0.000516312532442; -0.00782354901074
22513.4803711089; -0.000523815987435; -0.0078455276848
22518.27520119115; -0.000529406278183; -0.00786900771535
22523.07003127339; -0.000532295596406; -0.00788969033046
22527.86486135564; -0.00053361527669; -0.00791056649073
22532.65969143789; -0.00053890234048; -0.0079370638068
22537.45452152013; -0.000542821877303; -0.00796030886161
22542.24935160238; -0.000548844545089; -0.00798168915133
22547.04418168463; -0.000550950541018; -0.00801031666021
22551.83901176687; -0.000557836356858; -0.00803308842347
22556.63384184912; -0.000560864992999; -0.00805276320869
22561.42867193136; -0.000570208498034; -0.00808553194496
22566.22350201361; -0.00057235015455; -0.00811108992619
22571.01833209586; -0.000578934450841; -0.00813546251268
22575.81316217811; -0.000587124587359; -0.00815694864099
22580.60799226035; -0.000588899123003; -0.00818303437702
22585.4028223426; -0.000603223305903; -0.00821254443262
22590.19765242485; -0.000606144823741; -0.00823118219306
22594.99248250709; -0.00060979108188; -0.00825967811229
22599.78731258934; -0.000623524628784; -0.00828527465231
22604.58214267158; -0.000617972290886; -0.00831015617048
22609.37697275383; -0.000627230427853; -0.00834062756869
22614.17180283608; -0.000638120114954; -0.00837211223696
22618.96663291832; -0.000646731534197; -0.00840018971797
22623.76146300057; -0.000655147459565; -0.00843406688441
22628.55629308282; -0.00066063652271; -0.00845288308457
22633.35112316506; -0.000658849085036; -0.00848560855652
22638.14595324731; -0.000671043956904; -0.00850642391438
22642.94078332956; -0.000680809118209; -0.00854391912741
22647.7356134118; -0.000685232943637; -0.00857160756762
22652.53044349405; -0.000695443250394; -0.00860267360519
22657.32527357629; -0.000700726588131; -0.00863726379393
22662.12010365854; -0.00071421857996; -0.00866909123749
22666.91493374079; -0.000718852171931; -0.00869805266931
22671.70976382303; -0.000730909661678; -0.00872857306484
22676.50459390528; -0.000739246759455; -0.00876433709731
22681.29942398753; -0.000746077317504; -0.00879369829894
22686.09425406977; -0.000753825879545; -0.00882721201403
22690.88908415202; -0.000759954172536; -0.00886353690676
22695.68391423427; -0.000775723681827; -0.00888907735044
22700.47874431651; -0.000782987569081; -0.00893209356899
22705.27357439876; -0.000794368086056; -0.00896322173377
22710.068404481; -0.000802933609797; -0.00900639228507
22714.86323456325; -0.000813062108843; -0.00903759927013
22719.6580646455; -0.000819937836307; -0.00907487466116
22724.45289472774; -0.000833041404343; -0.00910884419548
22729.24772480999; -0.000843136525065; -0.00914651792499
22734.04255489224; -0.000856518146928; -0.00918849621414
22738.83738497449; -0.000871427322283; -0.00922820137013
22743.63221505673; -0.000880035591482; -0.00926782747075
22748.42704513898; -0.000892675172642; -0.00930650469155
22753.22187522122; -0.000903219235485; -0.00934141311862
22758.01670530347; -0.00091864902468; -0.0093845372171
22762.81153538572; -0.000924233604731; -0.00942515267712
22767.60636546796; -0.00093865481779; -0.00946738628178
22772.40119555021; -0.000961708928093; -0.00951248625441
22777.19602563246; -0.000965611234976; -0.00954634919219
22781.9908557147; -0.000981060255754; -0.00959528847557
22786.78568579695; -0.000997202159146; -0.00964093434255
22791.5805158792; -0.00101444960268; -0.00968179414554
22796.37534596144; -0.00102980422487; -0.00973196896899
22801.17017604369; -0.00104040186418; -0.00977576857
22805.96500612593; -0.00106016732584; -0.00982341131566
22810.75983620818; -0.00106982291243; -0.00986973927156
22815.55466629043; -0.00109106048556; -0.00991786225987
22820.34949637267; -0.00110925067967; -0.00997159142615
22825.14432645492; -0.00112040115681; -0.0100232523514
22829.93915653717; -0.00114384177127; -0.0100737906897
22834.73398661941; -0.00116234998155; -0.0101218757405
22839.52881670166; -0.00117816691321; -0.0101683780248
22844.32364678391; -0.00120178914065; -0.0102240315976
22849.11847686615; -0.00121765595125; -0.0102807798149
22853.9133069484; -0.00123479891329; -0.0103369997472
22858.70813703064; -0.00125793310143; -0.0103890339969
22863.50296711289; -0.00128056439299; -0.0104500698096
22868.29779719514; -0.00130719764231; -0.0105020174937
22873.09262727738; -0.00132303557728; -0.0105666020991
22877.88745735963; -0.00134984313925; -0.0106213779905
22882.68228744188; -0.00137309523331; -0.0106906311008
22887.47711752413; -0.00139676323764; -0.010742511865
22892.27194760637; -0.00142782647587; -0.0108077175607
22897.06677768862; -0.00144751133323; -0.0108709945523
22901.86160777086; -0.00147337389267; -0.0109365186569
22906.65643785311; -0.00150387631225; -0.0110047489726
22911.45126793536; -0.00153458098427; -0.0110704860321
22916.2460980176; -0.0015591673059; -0.0111398571653
22921.04092809985; -0.00158968702142; -0.0112139115671
22925.8357581821; -0.00162645345425; -0.011287853394
22930.63058826434; -0.00165818383103; -0.0113539846665
22935.42541834659; -0.00169091659463; -0.0114327881354
22940.22024842884; -0.00172040607963; -0.0115060969696
22945.01507851108; -0.00175626289066; -0.0115835171647
22949.80990859333; -0.00179232752328; -0.0116556369622
22954.60473867557; -0.00183520779073; -0.0117376776524
22959.39956875782; -0.00187110969749; -0.0118232109304
22964.19439884007; -0.00191347255153; -0.0119047340571
22968.98922892231; -0.00195276517599; -0.0119874553444
22973.78405900456; -0.00199049519354; -0.012075233636
22978.57888908681; -0.00204277234118; -0.0121600208218
22983.37371916905; -0.00208879969255; -0.0122598905506
22988.1685492513; -0.00213361386363; -0.012340810412
22992.96337933355; -0.00218367228618; -0.0124405341908
22997.75820941579; -0.00222736761908; -0.0125336074128
23002.55303949804; -0.00228558506656; -0.0126278996081
23007.34786958028; -0.00234208277918; -0.0127328228789
23012.14269966253; -0.00240019230873; -0.0128273371997
23016.93752974478; -0.00245555088672; -0.0129370595815
23021.73235982702; -0.00251723228796; -0.0130400311608
23026.52718990927; -0.00257849174831; -0.0131511375358
23031.32201999152; -0.00264813268384; -0.013254075233
23036.11685007376; -0.00271960657908; -0.0133754488043
23040.91168015601; -0.00278798422722; -0.0134842581692
23045.70651023825; -0.00286458643928; -0.0136059785551
23050.5013403205; -0.00294287535612; -0.0137270224042
23055.29617040275; -0.00301605849068; -0.0138488542709
23060.091000485; -0.00310337277038; -0.013972059548
23064.88583056724; -0.00319403714452; -0.0141011060622
23069.68066064949; -0.0032800042567; -0.0142320523096
23074.47549073174; -0.0033739002865; -0.0143709201109
23079.27032081398; -0.00347911056563; -0.0145077663379
23084.06515089623; -0.0035781503281; -0.014644231222
23088.85998097848; -0.00368711861043; -0.0147829402009
23093.65481106072; -0.0038002596243; -0.01493542265
23098.44964114297; -0.00392273866904; -0.0150928568727
23103.24447122521; -0.00404037623737; -0.0152346259899
23108.03930130746; -0.00417792386306; -0.0153974936995
23112.83413138971; -0.00429988931421; -0.0155517539919
23117.62896147195; -0.00445076755673; -0.0157155371982
23122.4237915542; -0.00459804976336; -0.0158900353096
23127.21862163645; -0.00475227732714; -0.0160632481975
23132.01345171869; -0.0049155334813; -0.0162348445729
23136.80828180094; -0.00508980370041; -0.0164154851942
23141.60311188319; -0.00526173461295; -0.016588534617
23146.39794196543; -0.00546231570362; -0.0167820941158
23151.19277204768; -0.00566084636693; -0.0169686467819
23155.98760212992; -0.00586839180088; -0.0171579271875
23160.78243221217; -0.00608923943039; -0.0173558678811
23165.57726229442; -0.00632567641062; -0.0175543034962
23170.37209237666; -0.0065706786295; -0.0177609458287
23175.16692245891; -0.00683071316412; -0.0179679388905
23179.96175254116; -0.00711003894331; -0.0181772509058
23184.7565826234; -0.00739825512074; -0.0183872821655
23189.55141270565; -0.00770913722084; -0.0186048086751
23194.34624278789; -0.00803547492226; -0.018820833885
23199.14107287014; -0.00837329021521; -0.0190336993289
23203.93590295239; -0.00873926888171; -0.0192504043091
23208.73073303464; -0.00912519333368; -0.0194683411241
23213.52556311688; -0.00953145505328; -0.0196867093043
23218.32039319913; -0.00996389167334; -0.0198970589463
23223.11522328138; -0.0104229134823; -0.0201042708356
23227.91005336362; -0.0109025725556; -0.020312731452
23232.70488344587; -0.011424347069; -0.0205138709302
23237.49971352812; -0.0119698874289; -0.0207092867671
23242.29454361036; -0.0125460807111; -0.0208858101071
23247.08937369261; -0.0131614095955; -0.0210503700321
23251.88420377485; -0.0138097083585; -0.0212041308293
23256.6790338571; -0.0144917434318; -0.0213341190934
23261.47386393935; -0.0152222071112; -0.0214406689373
23266.26869402159; -0.0159886586209; -0.02151435417
23271.06352410384; -0.0167868434507; -0.0215684761534
23275.85835418609; -0.0176378726692; -0.0215681010519
23280.65318426833; -0.0185328905524; -0.0215396327747
23285.44801435058; -0.0194631008105; -0.0214491372232
23290.24284443283; -0.0204345575705; -0.0213018132072
23295.03767451507; -0.0214493320136; -0.0210907235487
23299.83250459732; -0.022482187057; -0.020803465208
23304.62733467956; -0.0235504231246; -0.0204251841336
23309.42216476181; -0.0246446674604; -0.0199647391556
23314.21699484406; -0.0257476351597; -0.019402071054
23319.0118249263; -0.0268486742277; -0.0187318810727
23323.80665500855; -0.0279406100418; -0.0179497978304
23328.6014850908; -0.0290109071404; -0.0170498043244
23333.39631517304; -0.0300264457977; -0.0160291958218
23338.19114525529; -0.0309921548532; -0.0148849295474
23342.98597533753; -0.0318822848097; -0.0136261730146
23347.78080541978; -0.0326673899982; -0.0122587394889
23352.57563550203; -0.033341488618; -0.0107880991793
23357.37046558427; -0.0338751067815; -0.00924548530264
23362.16529566652; -0.034267971002; -0.00762638402007
23366.96012574877; -0.034499216023; -0.00596519725557
23371.75495583102; -0.0345765543715; -0.00427980069453
23376.54978591326; -0.0344857038438; -0.00260475961556
23381.34461599551; -0.0342374663102; -0.000952353929585
23386.13944607776; -0.0338240927575; 0.000652898742362
23390.93427616; -0.0332773074455; 0.00218380515901
23395.72910624225; -0.0325967986909; 0.0036314881737
23400.52393632449; -0.0318087596001; 0.00497873992507
23405.31876640674; -0.0309317677386; 0.00620794662843
23410.11359648899; -0.0299707087109; 0.00733670328344
23414.90842657123; -0.0289610151712; 0.00833954151022
23419.70325665348; -0.0279122803452; 0.00921607067987
23424.49808673573; -0.026839332795; 0.00998701557334
23429.29291681797; -0.0257584428014; 0.010643167126
23434.08774690022; -0.0246760099793; 0.0111905651417
23438.88257698247; -0.0236075516582; 0.0116523566859
23443.67740706471; -0.0225677883296; 0.0120136346702
23448.47223714696; -0.0215450050131; 0.0123115590026
23453.2670672292; -0.0205619848103; 0.0125248539294
23458.06189731145; -0.0196115895312; 0.0126746586331
23462.8567273937; -0.0187028339427; 0.01277051558
23467.65155747594; -0.0178320172501; 0.012819195826
23472.44638755819; -0.017000565255; 0.0128107946903
23477.24121764044; -0.0162101331153; 0.0127817350392
23482.03604772268; -0.01546568612; 0.0127129281954
23486.83087780493; -0.0147480694718; 0.0126197545277
23491.62570788717; -0.0140733679737; 0.012497616785
23496.42053796942; -0.0134344953274; 0.012366147699
23501.21536805167; -0.0128401091011; 0.0122067025784
23506.01019813391; -0.0122662523869; 0.0120392190337
23510.80502821616; -0.0117265142722; 0.0118696400212
23515.59985829841; -0.0112192353623; 0.0116805757411
23520.39468838066; -0.0107352693662; 0.0114885760634
23525.1895184629; -0.0102840204506; 0.0112978495256
23529.98434854515; -0.00985656865903; 0.0110894867497
23534.7791786274; -0.00945554089092; 0.010886753948
23539.57400870964; -0.00907369255393; 0.0106794194341
23544.36883879189; -0.00870818196321; 0.010475936981
23549.16366887413; -0.00836840871892; 0.0102755069199
23553.95849895638; -0.00804976947582; 0.0100696503701
23558.75332903863; -0.00773752727547; 0.00986367612343
23563.54815912087; -0.00745035540577; 0.00966427945656
23568.34298920312; -0.00717745792379; 0.00946837881192
23573.13781928537; -0.00691820005345; 0.00926955633751
23577.93264936761; -0.0066694644831; 0.0090731210769
23582.72747944986; -0.00643582472316; 0.00888772564077
23587.52230953211; -0.00621053732314; 0.00869615387243
23592.31713961435; -0.00599433117894; 0.00851643135123
23597.1119696966; -0.00579673427854; 0.00833172035237
23601.90679977884; -0.00560445578569; 0.00815155629039
23606.70162986109; -0.00541760762584; 0.0079829444143
23611.49645994334; -0.00524826382404; 0.00781203249836
23616.29129002558; -0.00507734874659; 0.00763809309506
23621.08612010783; -0.00492108851554; 0.00746982853756
23625.88095019008; -0.00476881626045; 0.00731144077566
23630.67578027232; -0.00463121454245; 0.00715950163919
23635.47061035457; -0.00448213668311; 0.00700516348774
23640.26544043681; -0.00435735615017; 0.00685300080753
23645.06027051906; -0.00422721959331; 0.0067095683538
23649.85510060131; -0.0041116869412; 0.00656052598811
23654.64993068355; -0.00399271809719; 0.00642345635373
23659.4447607658; -0.00387733316088; 0.00627948160531
23664.23959084805; -0.00377138594696; 0.00614888829837
23669.03442093029; -0.0036793342835; 0.00601045705472
23673.82925101254; -0.00358167071851; 0.00588855520671
23678.62408109479; -0.0034842788688; 0.00575652204676
23683.41891117703; -0.00339922356568; 0.00563363066573
23688.21374125928; -0.00330899047818; 0.00551131483086
23693.00857134153; -0.0032198633109; 0.00538893543454
23697.80340142377; -0.00314187143425; 0.00526593289654
23702.59823150602; -0.00306837918695; 0.00515812620599
23707.39306158827; -0.00299300335567; 0.00505046632746
23712.18789167051; -0.00292492896873; 0.00493935594407
23716.98272175276; -0.0028535825407; 0.00482692597485
23721.77755183501; -0.00279396772644; 0.0047219968482
23726.57238191725; -0.00272976119166; 0.00462591156374
23731.3672119995; -0.00266136778807; 0.00452184906027
23736.16204208175; -0.00260976945707; 0.00442023548503
23740.95687216399; -0.00254795410761; 0.00432800112656
23745.75170224624; -0.00249244920059; 0.00423766633514
23750.54653232848; -0.0024395166121; 0.00413509780215
23755.34136241073; -0.0023882584439; 0.00404243843213
23760.13619249298; -0.00234031710974; 0.00395474556609
23764.93102257522; -0.00228555124915; 0.0038679449669
23769.72585265747; -0.00223926428545; 0.00378506360153
23774.52068273972; -0.00219458992176; 0.00370680339695
23779.31551282196; -0.00215103587204; 0.0036205771926
23784.11034290421; -0.0021107430101; 0.00353980022275
23788.90517298645; -0.00207063791108; 0.00345429754414
23793.7000030687; -0.00203380953921; 0.00338094857836
23798.49483315095; -0.00199611717097; 0.00330447521791
23803.28966323319; -0.00195804768057; 0.00322692419033
23808.08449331544; -0.00192274139811; 0.00315485989656
23812.87932339769; -0.00188395283433; 0.00307536626301
23817.67415347993; -0.00184799255043; 0.00300737327015
23822.46898356218; -0.0018174870275; 0.00293525354089
23827.26381364443; -0.00178653165182; 0.00286959320652
23832.05864372667; -0.00175417030315; 0.00280156645249
23836.85347380892; -0.00172139609411; 0.00273823282459
23841.64830389117; -0.00169687438087; 0.00267121343745
23846.44313397341; -0.00166850119178; 0.00260420905883
23851.23796405566; -0.00164262094308; 0.00254250210184
23856.03279413791; -0.0016093865423; 0.0024819293771
23860.82762422015; -0.00158045482106; 0.00242770506942
23865.6224543024; -0.00155920833241; 0.0023658353761
23870.41728438465; -0.00153256004064; 0.00230467161451
23875.21211446689; -0.00150884713167; 0.00224606665509
23880.00694454914; -0.00149255247563; 0.00218464691968
23884.80177463139; -0.00146561530249; 0.00213464314975
23889.59660471363; -0.00144186609054; 0.00208196980921
23894.39143479588; -0.00141880401443; 0.00202646867017
23899.18626487812; -0.00139220607038; 0.00197348060358
23903.98109496037; -0.00137679031738; 0.00191814943743
23908.77592504262; -0.00135663972481; 0.0018642366019
23913.57075512486; -0.00134296108654; 0.00181434194238
23918.36558520711; -0.00131813171366; 0.00176729681759
23923.16041528936; -0.00129958747825; 0.00171796371665
23927.9552453716; -0.00128358672034; 0.00167003270194
23932.75007545385; -0.00126808350956; 0.00161764712398
23937.5449055361; -0.00124512438346; 0.00156786652479
23942.33973561834; -0.00122749269435; 0.00152475732128
23947.13456570059; -0.00121123217203; 0.00147894380967
23951.92939578283; -0.001194938368; 0.00144136138746
23956.72422586508; -0.00117720339018; 0.00139260239021
23961.51905594733; -0.00116086094422; 0.00135481492661
23966.31388602957; -0.00114680211358; 0.00130608610824
23971.10871611182; -0.00113812265452; 0.00126587116842
23975.90354619407; -0.00111977572455; 0.00122291101374
23980.69837627631; -0.0010993973048; 0.00117932346408
23985.49320635856; -0.00109528858357; 0.00114416400596
23990.2880364408; -0.00108059799319; 0.0011012407175
23995.08286652305; -0.00106645676861; 0.0010673026701
23999.8776966053; -0.00105706143267; 0.00101838791869
24004.67252668754; -0.00103974597778; 0.000984669267975
24009.46735676979; -0.00102914221232; 0.000943254442736
24014.26218685204; -0.00101536120396; 0.000914007932909
24019.05701693429; -0.00100396511261; 0.000870251206748
24023.85184701653; -0.000988758369534; 0.000837871770286
24028.64667709878; -0.000977967113766; 0.00080601317659
24033.44150718103; -0.000968035906391; 0.000760572270619
24038.23633726327; -0.000964910019703; 0.000729741568028
24043.03116734552; -0.000952786076927; 0.000693916272296
24047.82599742776; -0.000939219328413; 0.000659135887143
24052.62082751001; -0.000930527472555; 0.000631611079894
24057.41565759226; -0.000916590954669; 0.000592635385662
24062.2104876745; -0.000911887682007; 0.000562433182533
24067.00531775675; -0.0008957861005; 0.000527692773876
24071.800147839; -0.000891801064432; 0.000500145555614
24076.59497792124; -0.000880411112705; 0.000463784860522
24081.38980800349; -0.000871771510289; 0.000430644064465
24086.18463808574; -0.000858994522699; 0.000409988932517
24090.97946816798; -0.000851679296633; 0.00037683223077
24095.77429825023; -0.000843869537485; 0.000337788244329
24100.56912833247; -0.000839159320109; 0.000315652443101
24105.36395841472; -0.000827031805666; 0.000279480541713
24110.15878849697; -0.000818966354703; 0.000259846807931
24114.95361857921; -0.000812765273515; 0.000226801186928
24119.74844866146; -0.000806779956571; 0.000201936271387
24124.54327874371; -0.000790700883617; 0.000172885501439
24129.33810882595; -0.000787602995715; 0.000144878135818
24134.1329389082; -0.00077946862961; 0.000115774975428
24138.92776899044; -0.000780009510818; 8.60786060048e-05
24143.72259907269; -0.000768467402066; 6.64013535224e-05
24148.51742915494; -0.000760044427906; 3.5126348338e-05
24153.31225923718; -0.000755713315805; 9.0825772987e-06
24158.10708931943; -0.000742795088654; -1.78469366557e-05
24162.90191940168; -0.00073778690478; -3.93707695052e-05
24167.69674948393; -0.000735686082464; -6.66809968348e-05
24172.49157956617; -0.000727451713389; -8.8446365374e-05
24177.28640964842; -0.000713606422501; -0.000110953254148
24182.08123973067; -0.000712660535802; -0.00013746156507
24186.87606981291; -0.000706631776235; -0.000163188067335
24191.67089989516; -0.000696222445167; -0.000182314559853
24196.4657299774; -0.000696814278797; -0.000206059439125
24201.26056005965; -0.000691787104958; -0.000237903108222
24206.0553901419; -0.000681600928856; -0.000257978833949
24210.85022022414; -0.000680986718752; -0.000275045113887
24215.64505030639; -0.000676200122513; -0.000308528892241
24220.43988038864; -0.000671841620096; -0.000326941156531
24225.23471047088; -0.000663868865845; -0.000345892673544
24230.02954055313; -0.000658736030032; -0.000374011382528
24234.82437063538; -0.000651828444727; -0.00038994210505
24239.61920071762; -0.000647380582031; -0.000411399142712
24244.41403079987; -0.000641064933048; -0.000431280216344
24249.20886088211; -0.000637233533334; -0.000452037898222
24254.00369096436; -0.000633501370118; -0.000476035913965
24258.79852104661; -0.000623288500941; -0.000496335006814
24263.59335112885; -0.000624668723552; -0.000512535628816
24268.3881812111; -0.000618227390462; -0.000534213198791
24273.18301129335; -0.000614729873761; -0.000556189653045
24277.97784137559; -0.000609717456134; -0.000573320633986
24282.77267145784; -0.00060865561485; -0.000595081009377
24287.56750154008; -0.000601539979335; -0.000613287939727
24292.36233162233; -0.000597681785776; -0.000638443272351
24297.15716170458; -0.000591685386827; -0.000650310117522
24301.95199178682; -0.000592643491086; -0.000675579678397
24306.74682186907; -0.00058182678503; -0.000695290924828
24311.54165195132; -0.000579905753443; -0.000712992581941
24316.33648203356; -0.000580421171516; -0.000726568208506
24321.13131211581; -0.000574653363379; -0.000745163530802
24325.92614219806; -0.000561482985618; -0.000761059012743
24330.72097228031; -0.00056717142908; -0.00078199400016
24335.51580236255; -0.000562104355286; -0.000798237622701
24340.3106324448; -0.000553584553892; -0.000816481930817
24345.10546252704; -0.000552595067876; -0.000834430805163
24349.90029260929; -0.000550119309806; -0.000847882680417
24354.69512269154; -0.000548955334984; -0.00086856096485
24359.48995277378; -0.000538780793894; -0.000886130492303
24364.28478285603; -0.000539648676707; -0.000899222697099
24369.07961293828; -0.000538048951721; -0.000920760004218
24373.87444302052; -0.00053156266968; -0.000935318203392
24378.66927310277; -0.000531393687337; -0.000950670959561
24383.46410318502; -0.00052989424771; -0.000970165905509
24388.25893326726; -0.00052683161939; -0.000987528249225
24393.05376334951; -0.000519903423481; -0.000999867209003
24397.84859343175; -0.000519526303158; -0.00101320235305
24402.643423514; -0.00051659753437; -0.00103213718651
24407.43825359625; -0.000509354252565; -0.00104800791471
24412.23308367849; -0.000509051046915; -0.00105928836572
24417.02791376074; -0.000507559210551; -0.00108176932089
24421.82274384299; -0.000502978215256; -0.0010939181151
24426.61757392523; -0.000503792140066; -0.00110988689401
24431.41240400748; -0.000500326997135; -0.00112379092451
24436.20723408972; -0.000495771456359; -0.00113800889358
24441.00206417197; -0.000490898579115; -0.00114833699318
24445.79689425422; -0.000492161266736; -0.00117122226506
24450.59172433646; -0.000487082048998; -0.00117768200334
24455.38655441871; -0.000490271302901; -0.00120405485209
24460.18138450096; -0.000480977507347; -0.0012082872067
24464.9762145832; -0.000477402832232; -0.00121876545583
24469.77104466545; -0.00047577806258; -0.0012394378998
24474.5658747477; -0.000475817302911; -0.00124848585629
24479.36070482995; -0.000475480154929; -0.00126985177988
24484.15553491219; -0.000469802577777; -0.00127452084152
24488.95036499444; -0.000463055157457; -0.00129595317075
24493.74519507668; -0.000466819869524; -0.00130591379331
24498.54002515893; -0.000456753391905; -0.00131484013914
24503.33485524118; -0.000460412585383; -0.00133186944501
24508.12968532342; -0.000459955862073; -0.00134530630797
24512.92451540567; -0.000451323214833; -0.00135568359658
24517.71934548792; -0.000453167874019; -0.0013700673028
24522.51417557016; -0.000449463455124; -0.00138505631483
24527.30900565241; -0.000448724813392; -0.00139580685071
24532.10383573466; -0.000443135403733; -0.001407107404
24536.8986658169; -0.000444219829416; -0.00142584238638
24541.69349589915; -0.000443531789179; -0.00144270166735
24546.48832598139; -0.000441059173615; -0.00144307278866
24551.28315606364; -0.000437455592933; -0.00145822474496
24556.07798614589; -0.000435057298665; -0.00146700430638
24560.87281622813; -0.000430286899965; -0.00148462304392
24565.66764631038; -0.000430793528759; -0.00149556859736
24570.46247639263; -0.000430371715565; -0.00150825574482
24575.25730647487; -0.000422063259121; -0.00152310724465
24580.05213655712; -0.000425874029232; -0.00152947817443
24584.84696663936; -0.000420383230831; -0.00154095844221
24589.64179672161; -0.000421833577986; -0.00154785367904
24594.43662680386; -0.000419369503006; -0.00156818761161
24599.2314568861; -0.000416961796219; -0.00157759748906
24604.02628696835; -0.000415468656913; -0.00158772737144
24608.8211170506; -0.000416702330734; -0.00160401830427
24613.61594713284; -0.000407334454427; -0.00160615107127
24618.41077721509; -0.00040796925744; -0.00161826994252
24623.20560729734; -0.000410666230293; -0.00163760411578
24628.00043737958; -0.000402175046618; -0.00164491828444
24632.79526746183; -0.000403424518126; -0.00165614172779
24637.59009754407; -0.000403669215015; -0.00166520540612
24642.38492762632; -0.000405618011615; -0.00167143074966
24647.17975770857; -0.000395956952879; -0.00168415511011
24651.97458779082; -0.000397403490132; -0.00169107942588
24656.76941787306; -0.00039838470303; -0.00170063979456
24661.56424795531; -0.000389250789304; -0.00172033244073
24666.35907803756; -0.000388280697258; -0.00172573523602
24671.1539081198; -0.000392339914234; -0.00173872984542
24675.94873820205; -0.000392922172265; -0.00174843327884
24680.7435682843; -0.000391968718457; -0.00176268384384
24685.53839836654; -0.000391096025113; -0.00177056686173
24690.33322844879; -0.000387677435926; -0.00178232565974
24695.12805853103; -0.00038295992383; -0.00178415650319
24699.92288861328; -0.000382529294202; -0.00180018007296
24704.71771869553; -0.000381718276895; -0.00180654197168
24709.51254877777; -0.00037795019955; -0.00182203073457
24714.30737886002; -0.000380248974931; -0.00182570858839
24719.10220894227; -0.000383918226477; -0.0018375643381
24723.89703902451; -0.000376676777467; -0.00184470476335
24728.69186910676; -0.000383333939494; -0.00185345533736
24733.486699189; -0.000370791295568; -0.00187084636918
24738.28152927125; -0.000373931351843; -0.00187611951384
24743.0763593535; -0.000365682536639; -0.00188432997042
24747.87118943574; -0.000372500850665; -0.00188562014513
24752.66601951799; -0.000366406195694; -0.00190531482178
24757.46084960024; -0.000363109552946; -0.00190721079871
24762.25567968248; -0.000366119879825; -0.00191900026785
24767.05050976473; -0.000364807123179; -0.00192871891625
24771.84533984698; -0.00036182074972; -0.00193212348116
24776.64016992922; -0.000363489923931; -0.00194276990655
24781.43500001147; -0.00036080943293; -0.00196104048281
24786.22983009371; -0.00035162612865; -0.00196456478459
24791.02466017596; -0.000358165409758; -0.00197593950171
24795.81949025821; -0.000360133817331; -0.00198533600843
24800.61432034046; -0.00035646320292; -0.00199310327028
24805.4091504227; -0.000356203893668; -0.0019972929022
24810.20398050495; -0.000352915979968; -0.0020055748888
24814.9988105872; -0.000354415384902; -0.00201634068828
24819.79364066944; -0.000354763407501; -0.0020233113418
24824.58847075169; -0.000348689732061; -0.00203394352513
24829.38330083394; -0.000350275366229; -0.0020407680584
24834.17813091618; -0.000348243870445; -0.00204441599934
24838.97296099843; -0.000348366859668; -0.0020564561823
24843.76779108067; -0.000343890376485; -0.00206212374577
24848.56262116292; -0.000346828319404; -0.00207726374104
24853.35745124517; -0.000334953531504; -0.00208366805999
24858.15228132741; -0.000342117150553; -0.00209325700315
24862.94711140966; -0.000341258703336; -0.00209690282975
24867.74194149191; -0.000340004472221; -0.00210734042553
24872.53677157415; -0.000338694367998; -0.00211363397135
24877.3316016564; -0.000341416472826; -0.00211933180779
