% Module: Sweep, ID: c0p1t8p1cfm0
% Devices: DEV646
% Time: 2026/02/02 14:28:29
% Demod 1 Sample X, /dev646/demods/0/sample.X
% Demod 1 Sample Y, /dev646/demods/0/sample.Y
% Frequency (Hz); Demod 1 Sample X  Amplitude (V); Demod 1 Sample Y  Amplitude (V)
22983.10381087502; -0.00066913734337; -0.00907686098776
22987.24015898685; -0.000676680296697; -0.00910988529577
22991.37650709867; -0.000681424384173; -0.00914007468941
22995.51285521049; -0.000688704013114; -0.00917129776031
22999.64920332232; -0.000694474507751; -0.00920128282579
23003.78555143414; -0.000701745542569; -0.0092339310181
23007.92189954597; -0.000710548942793; -0.00926607262385
23012.05824765779; -0.000716121984833; -0.00930151278637
23016.19459576962; -0.000720592157156; -0.00933615829259
23020.33094388144; -0.00072899542865; -0.0093700772101
23024.46729199327; -0.000735727791215; -0.00940509825809
23028.60364010509; -0.000743460784572; -0.00944059709137
23032.73998821692; -0.000749925366456; -0.00947515615444
23036.87633632874; -0.000757726746023; -0.00950997182709
23041.01268444056; -0.000766081252203; -0.00954715942556
23045.14903255239; -0.000773820304261; -0.00958335646708
23049.28538066421; -0.000781869309989; -0.00962091335369
23053.42172877604; -0.000789943600695; -0.00965816925968
23057.55807688786; -0.000798957339469; -0.00969599106431
23061.69442499968; -0.000807892425425; -0.00973436545501
23065.83077311151; -0.000816089348733; -0.00977341302665
23069.96712122334; -0.000825160668871; -0.00981153196838
23074.10346933516; -0.000834484528855; -0.00985318927494
23078.23981744699; -0.000843767280175; -0.00989339866107
23082.37616555881; -0.000853230644773; -0.00993475872476
23086.51251367063; -0.000862397542817; -0.00997601508588
23090.64886178246; -0.000873242212042; -0.0100182907672
23094.78520989428; -0.000882600122899; -0.0100613958971
23098.92155800611; -0.000893164450572; -0.010106166697
23103.05790611793; -0.000903346775312; -0.0101493566232
23107.19425422975; -0.000914419526957; -0.0101927029847
23111.33060234158; -0.000925277330601; -0.010239299645
23115.4669504534; -0.000936954629519; -0.0102851993093
23119.60329856523; -0.000948363917907; -0.0103312672579
23123.73964667706; -0.000960373359736; -0.0103790695445
23127.87599478888; -0.000972483580854; -0.0104269184028
23132.0123429007; -0.000984822138164; -0.0104747917779
23136.14869101253; -0.00100090392808; -0.0105207736217
23140.28503912435; -0.00101120609554; -0.0105730497601
23144.42138723618; -0.00102544629647; -0.0106231187311
23148.557735348; -0.00103809870619; -0.0106752536872
23152.69408345982; -0.0010524310946; -0.0107269220832
23156.83043157165; -0.00106774426612; -0.0107799372103
23160.96677968347; -0.00108130562463; -0.010833188276
23165.1031277953; -0.00109625457233; -0.0108891202643
23169.23947590712; -0.0011113086183; -0.0109439908579
23173.37582401895; -0.0011285778036; -0.0110015905553
23177.51217213077; -0.00114359589382; -0.0110574773696
23181.6485202426; -0.00116052501187; -0.0111165069627
23185.78486835442; -0.00117742605798; -0.0111746253348
23189.92121646625; -0.00119568257235; -0.0112359110153
23194.05756457807; -0.00121422364356; -0.0112958588584
23198.19391268989; -0.00123244624229; -0.0113572773534
23202.33026080172; -0.00125155699874; -0.0114207855421
23206.46660891354; -0.00127034524387; -0.0114853270949
23210.60295702537; -0.00129073392508; -0.0115492062768
23214.73930513719; -0.00131133003095; -0.0116161356693
23218.87565324902; -0.00133270577837; -0.0116830610543
23223.01200136084; -0.00135403270594; -0.0117510492112
23227.14834947267; -0.00137707323913; -0.0118207575456
23231.28469758449; -0.00139896386054; -0.0118933450667
23235.42104569632; -0.0014224162957; -0.0119652900556
23239.55739380814; -0.00144694950672; -0.0120374220252
23243.69374191996; -0.00147196471049; -0.012111861566
23247.83009003179; -0.00149807113081; -0.0121891846106
23251.96643814361; -0.00152357152692; -0.0122669107482
23256.10278625544; -0.00155053682369; -0.0123458325072
23260.23913436726; -0.00157929649662; -0.0124260126288
23264.37548247908; -0.00160787051128; -0.0125082083239
23268.51183059091; -0.00163796013303; -0.0125917901037
23272.64817870273; -0.00166851494228; -0.0126768282469
23276.78452681456; -0.0017000196873; -0.0127622065455
23280.92087492639; -0.0017323988176; -0.0128514834188
23285.05722303821; -0.00176606848531; -0.0129406760489
23289.19357115003; -0.00180133880717; -0.0130323901552
23293.32991926186; -0.00183697378949; -0.013125971263
23297.46626737368; -0.00187528230662; -0.0132221749979
23301.60261548551; -0.00191209301393; -0.0133190647197
23305.73896359733; -0.00195145716011; -0.013417380748
23309.87531170915; -0.00199256223614; -0.0135192265896
23314.01165982098; -0.00203642842926; -0.0136209292411
23318.1480079328; -0.00207983197521; -0.0137279020111
23322.28435604463; -0.00212413605851; -0.0138353650628
23326.42070415645; -0.00217102773288; -0.0139462930902
23330.55705226828; -0.00221994821806; -0.0140575535306
23334.6934003801; -0.00227078021278; -0.0141724721323
23338.82974849193; -0.00232265864363; -0.0142896081302
23342.96609660375; -0.00237705057294; -0.0144108496344
23347.10244471558; -0.00243357402516; -0.0145316580743
23351.2387928274; -0.00249215230757; -0.0146577864759
23355.37514093922; -0.00255253524352; -0.0147867163318
23359.51148905105; -0.00261499870273; -0.0149168688769
23363.64783716287; -0.00268106227657; -0.0150514685982
23367.7841852747; -0.0027487308557; -0.0151887046179
23371.92053338652; -0.00281892807466; -0.0153286673726
23376.05688149835; -0.00289263507188; -0.0154714539115
23380.19322961017; -0.00296901360789; -0.0156187111031
23384.329577722; -0.00304886888393; -0.0157695823334
23388.46592583382; -0.00313198369595; -0.0159244529834
23392.60227394565; -0.00321683545916; -0.016082374007
23396.73862205747; -0.0033083248135; -0.0162435252828
23400.87497016929; -0.0034028904285; -0.0164091492735
23405.01131828112; -0.00350103675748; -0.0165795937931
23409.14766639294; -0.00360364362164; -0.0167542333802
23413.28401450477; -0.00371028232107; -0.0169330318041
23417.42036261659; -0.00382304530829; -0.0171153146608
23421.55671072842; -0.00394001862104; -0.0173019881694
23425.69305884024; -0.00406445864778; -0.0174947818852
23429.82940695206; -0.00419192325985; -0.0176926815457
23433.96575506389; -0.00432827985832; -0.0178957453408
23438.10210317572; -0.00446941762396; -0.0181026018047
23442.23845128754; -0.00462019374863; -0.0183165202579
23446.37479939936; -0.0047757149424; -0.0185376475564
23450.51114751119; -0.00493891445536; -0.0187624378604
23454.64749562301; -0.00511149420673; -0.018993903566
23458.78384373484; -0.00529371658411; -0.0192283822645
23462.92019184666; -0.00548526990627; -0.0194726249659
23467.05653995848; -0.00568763904293; -0.0197198513044
23471.19288807031; -0.00590041556886; -0.0199748185798
23475.32923618213; -0.00612714636224; -0.0202368324215
23479.46558429396; -0.00636330726198; -0.020503912149
23483.60193240578; -0.00661470671686; -0.0207810972056
23487.73828051761; -0.0068809616231; -0.021062014725
23491.87462862943; -0.00716226765464; -0.0213526286483
23496.01097674126; -0.00745903127955; -0.021649540321
23500.14732485308; -0.00777593454141; -0.0219511534696
23504.28367296491; -0.00811269364585; -0.022261979418
23508.42002107673; -0.00846900451974; -0.0225780757652
23512.55636918855; -0.00884969382136; -0.0229011086074
23516.69271730038; -0.00925266287112; -0.0232312503174
23520.8290654122; -0.00968232235487; -0.0235655751329
23524.96541352403; -0.0101413405308; -0.0239060192876
23529.10176163585; -0.0106294049998; -0.0242498804537
23533.23810974768; -0.0111510496895; -0.024598643592
23537.3744578595; -0.0117079272933; -0.0249503930875
23541.51080597133; -0.0123033536841; -0.0253011410696
23545.64715408315; -0.012941045921; -0.0256514739518
23549.78350219498; -0.0136195664666; -0.0260024773093
23553.9198503068; -0.0143482248295; -0.0263462312929
23558.05619841862; -0.0151265480302; -0.0266816295485
23562.19254653045; -0.015961811002; -0.0270049633884
23566.32889464227; -0.0168535375935; -0.0273124349775
23570.4652427541; -0.017808663335; -0.027598637193
23574.60159086592; -0.018830529184; -0.0278566057277
23578.73793897775; -0.0199207585105; -0.0280820567108
23582.87428708957; -0.0210853539104; -0.0282642430251
23587.01063520139; -0.022326111758; -0.0283955191101
23591.14698331322; -0.0236467518569; -0.0284646731091
23595.28333142505; -0.0250455574547; -0.0284561752312
23599.41967953687; -0.0265229754535; -0.0283601015832
23603.55602764869; -0.0280747686252; -0.0281582044618
23607.69237576052; -0.0297025062364; -0.0278366039794
23611.82872387234; -0.0313928000061; -0.0273747731489
23615.96507198417; -0.0331362767664; -0.0267521097725
23620.10142009599; -0.0349135378253; -0.0259531380447
23624.23776820781; -0.0367084898077; -0.0249594427396
23628.37411631964; -0.0384938821063; -0.0237615718908
23632.51046443146; -0.0402443489911; -0.022338983849
23636.64681254329; -0.0419145827866; -0.0206831249122
23640.78316065511; -0.0434680362591; -0.0187965269029
23644.91950876694; -0.044857596337; -0.0166905266329
23649.05585687876; -0.0460452969739; -0.0143963253714
23653.19220499059; -0.0470066562002; -0.0119336795243
23657.32855310241; -0.0477025072209; -0.00932913131904
23661.46490121424; -0.0481072836329; -0.00662997685077
23665.60124932606; -0.0481965645741; -0.00389448856402
23669.73759743788; -0.0479780878958; -0.00117197545623
23673.87394554971; -0.0474552281598; 0.00149271643382
23678.01029366153; -0.0466454311084; 0.00404126208936
23682.14664177336; -0.0455874570987; 0.00643240463218
23686.28298988518; -0.0443127713824; 0.00864069208764
23690.41933799701; -0.0428582273059; 0.0106346637797
23694.55568610883; -0.0412702394869; 0.012402208884
23698.69203422066; -0.0395906595257; 0.0139454834513
23702.82838233248; -0.0378532293647; 0.0152661941182
23706.96473044431; -0.0360929596384; 0.016374753997
23711.10107855613; -0.0343333451583; 0.0172846114893
23715.23742666795; -0.0325983428653; 0.0180124976469
23719.37377477978; -0.0309029158311; 0.0185742266569
23723.5101228916; -0.0292643913946; 0.018986266325
23727.64647100343; -0.027693451285; 0.019268760981
23731.78281911525; -0.0261949994539; 0.0194392045815
23735.91916722708; -0.0247733939436; 0.0195133839995
23740.0555153389; -0.0234283802364; 0.0195071623959
23744.19186345072; -0.0221598922051; 0.0194325425755
23748.32821156255; -0.0209668523239; 0.0192993087195
23752.46455967438; -0.0198442417656; 0.019119266
23756.6009077862; -0.0187941739678; 0.0189015797676
23760.73725589802; -0.0178103804988; 0.0186508639124
23764.87360400985; -0.0168881730942; 0.0183751741913
23769.00995212167; -0.0160264276819; 0.0180798216845
23773.1463002335; -0.0152204391863; 0.0177709584064
23777.28264834532; -0.0144669312873; 0.0174506821493
23781.41899645715; -0.0137618978515; 0.0171236174395
23785.55534456897; -0.013103200753; 0.0167916470139
23789.69169268079; -0.0124834245896; 0.0164573027504
23793.82804079262; -0.0119052860468; 0.0161212210527
23797.96438890444; -0.0113625709742; 0.0157869054821
23802.10073701627; -0.0108540511228; 0.01545525156
23806.23708512809; -0.0103763496357; 0.0151255277712
23810.37343323992; -0.00992846358476; 0.0148012123021
23814.50978135174; -0.00950641421192; 0.0144795888596
23818.64612946357; -0.00911015525579; 0.0141651465733
23822.78247757539; -0.00873773600706; 0.0138563683683
23826.91882568721; -0.00838734117458; 0.0135541597207
23831.05517379904; -0.00805485620866; 0.0132581391372
23835.19152191086; -0.00774341945555; 0.0129687323218
23839.32787002269; -0.00744848177509; 0.0126845233858
23843.46421813451; -0.00716923166899; 0.0124094411477
23847.60056624634; -0.00690637194045; 0.0121381507674
23851.73691435816; -0.00665681013488; 0.0118751601147
23855.87326246998; -0.0064213247709; 0.0116168327334
23860.00961058181; -0.00619759929094; 0.0113665898177
23864.14595869364; -0.00598572510393; 0.0111218757731
23868.28230680546; -0.00578370105582; 0.0108825806487
23872.41865491728; -0.00559209529168; 0.0106498355497
23876.55500302911; -0.00541166140938; 0.010424038684
23880.69135114093; -0.00523784898674; 0.0102014649108
23884.82769925276; -0.00507114019376; 0.0099843772184
23888.96404736458; -0.00491487569157; 0.00977504192675
23893.10039547641; -0.00476532255142; 0.00956886817568
23897.23674358823; -0.00462201290652; 0.00936813813318
23901.37309170005; -0.00448498473097; 0.00917257463313
23905.50943981188; -0.00435504237073; 0.00898218560965
23909.64578792371; -0.00422989125695; 0.00879652667844
23913.78213603553; -0.00411114878557; 0.00861435099004
23917.91848414735; -0.00399717332645; 0.00843697972851
23922.05483225918; -0.00388820937979; 0.00826446819928
23926.191180371; -0.0037830629108; 0.00809596525529
23930.32752848283; -0.00368364376452; 0.00793237444388
23934.46387659465; -0.00358745437511; 0.00777068911137
23938.60022470648; -0.00349497270556; 0.00761486308762
23942.7365728183; -0.00340713761109; 0.00746075066295
23946.87292093012; -0.00332231512523; 0.00731176264589
23951.00926904195; -0.00323986741845; 0.00716523432582
23955.14561715377; -0.00316129744028; 0.0070222639614
23959.2819652656; -0.00308713750596; 0.00688293211339
23963.41831337742; -0.00301715680787; 0.00674713997654
23967.55466148925; -0.00294405756305; 0.00661265592672
23971.69100960107; -0.00287559243305; 0.00648188719434
23975.8273577129; -0.00281118861452; 0.00635474177631
23979.96370582472; -0.00274848416624; 0.00622943065163
23984.10005393655; -0.00268970312162; 0.00610841509492
23988.23640204837; -0.00263076022483; 0.00598862089501
23992.37275016019; -0.00257466033406; 0.00587119222129
23996.50909827202; -0.00252045546789; 0.00575755039402
24000.64544638384; -0.00246856748221; 0.00564519105674
24004.78179449567; -0.00241654157463; 0.00553572452119
24008.91814260749; -0.00236861101823; 0.00542809877654
24013.05449071931; -0.00232065425639; 0.00532256221619
24017.19083883114; -0.00227615353011; 0.00521987038405
24021.32718694297; -0.00223165788175; 0.00511829643545
24025.46353505479; -0.00218816083592; 0.00501902382996
24029.59988316661; -0.00214633361516; 0.00492250190917
24033.73623127844; -0.00210618761802; 0.00482763253027
24037.87257939026; -0.0020676424888; 0.00473394279774
24042.00892750209; -0.0020297512344; 0.00464215785294
24046.14527561391; -0.00199252683041; 0.00455381517628
24050.28162372574; -0.00195760440068; 0.00446522543831
24054.41797183756; -0.00192329601713; 0.00437909688244
24058.55431994938; -0.00189003741477; 0.00429406003235
24062.69066806121; -0.00185688004194; 0.00421117167572
24066.82701617303; -0.00182537230111; 0.0041285621894
24070.96336428486; -0.0017953660551; 0.00404807002355
24075.09971239668; -0.0017655198913; 0.00396987867511
24079.23606050851; -0.00173699289231; 0.00389219336669
24083.37240862033; -0.00170914111677; 0.00381772497595
24087.50875673216; -0.00168236787905; 0.00374141830611
24091.64510484398; -0.00165520558415; 0.00366881565032
24095.78145295581; -0.00162941919833; 0.00359652953884
24099.91780106763; -0.00160418267232; 0.00352610592102
24104.05414917945; -0.00157965392866; 0.00345705156527
24108.19049729128; -0.00155616106731; 0.00338767888405
24112.3268454031; -0.00153278572102; 0.00332095915743
24116.46319351493; -0.00151034863048; 0.00325364748548
24120.59954162675; -0.00148853501333; 0.00318835181826
24124.73588973858; -0.00146601190909; 0.0031255636494
24128.8722378504; -0.00144573802676; 0.0030617606304
24133.00858596223; -0.00142490957794; 0.00300068206779
24137.14493407405; -0.00140617238754; 0.00293939660861
24141.28128218588; -0.00138670500306; 0.00287960625714
24145.4176302977; -0.00136810828951; 0.00282021785205
24149.55397840952; -0.00134927799554; 0.00276241494566
24153.69032652135; -0.00133146749318; 0.00270518764929
24157.82667463317; -0.00131293799336; 0.00264854393658
24161.963022745; -0.00129650559727; 0.00259288923211
24166.09937085682; -0.00127954649779; 0.00253887146831
24170.23571896864; -0.00126357225026; 0.00248410902454
24174.37206708047; -0.00124773192665; 0.00243201500129
24178.5084151923; -0.00123211668134; 0.00237923765726
24182.64476330412; -0.00121687898451; 0.00232850255562
24186.78111141594; -0.00120280692938; 0.00227746929564
24190.91745952777; -0.00118818599361; 0.0022274682896
24195.05380763959; -0.00117342918659; 0.0021784030958
24199.19015575142; -0.00115949856502; 0.00212859066684
24203.32650386324; -0.00114597721277; 0.00208270184207
24207.46285197507; -0.00113245907411; 0.0020348452272
24211.59920008689; -0.00112043524984; 0.00198856483444
24215.73554819871; -0.00110678636376; 0.0019424772009
24219.87189631054; -0.00109458141014; 0.00189756486965
24224.00824442236; -0.00108205138562; 0.00185238296338
24228.14459253419; -0.00107108803024; 0.00180833557052
24232.28094064601; -0.00105927313427; 0.001766621792
24236.41728875784; -0.00104793794656; 0.00172304862809
24240.55363686966; -0.00103608436742; 0.00168037667238
24244.68998498149; -0.00102622398014; 0.00163973087646
24248.82633309331; -0.00101500029572; 0.00159878397339
24252.96268120514; -0.0010044359142; 0.00155738470483
24257.09902931696; -0.000994336765266; 0.00151661852634
24261.23537742878; -0.000983734466588; 0.00147830587707
24265.37172554061; -0.000973245610074; 0.00143824297311
24269.50807365243; -0.000964720375449; 0.0014005556211
24273.64442176426; -0.000954346142191; 0.00136278937373
24277.78076987608; -0.000945963227451; 0.00132438087723
24281.9171179879; -0.000936491223883; 0.00128795462743
24286.05346609973; -0.000927098433757; 0.00125181171015
24290.18981421156; -0.000917703263059; 0.00121540853484
24294.32616232338; -0.000911275779321; 0.00117927421253
24298.46251043521; -0.0009030859985; 0.00114529175403
24302.59885854703; -0.000893749011327; 0.00111018730155
24306.73520665885; -0.000885335390993; 0.00107444354406
24310.87155477068; -0.000878140903195; 0.00104109148667
24315.0079028825; -0.000869833333456; 0.00100739613328
24319.14425099433; -0.00086448896046; 0.000976039503623
24323.28059910615; -0.000855768258113; 0.000943739155755
24327.41694721797; -0.000847802261958; 0.000908675120771
24331.5532953298; -0.000839861492164; 0.000877167524409
24335.68964344163; -0.000832281054377; 0.000846037214758
24339.82599155345; -0.00082616764206; 0.000814194422827
24343.96233966528; -0.000818328664571; 0.000783501973909
24348.0986877771; -0.000811434387687; 0.000752328044787
24352.23503588892; -0.000805414264783; 0.000722576272801
24356.37138400075; -0.000798243227705; 0.000692399086107
24360.50773211257; -0.000792386106673; 0.000662991634975
24364.6440802244; -0.000785902875291; 0.000633727062273
24368.78042833622; -0.000780126138719; 0.000605524202314
24372.91677644804; -0.000773254278309; 0.000576272310102
24377.05312455987; -0.00076749986721; 0.000547401024879
24381.18947267169; -0.000762141896943; 0.00051977244676
24385.32582078352; -0.000756729062812; 0.000492164036775
24389.46216889534; -0.000750079122043; 0.000465019002658
24393.59851700717; -0.000745083354654; 0.000437460893086
24397.73486511899; -0.000739674628736; 0.000410765160018
24401.87121323082; -0.000734633709778; 0.000383909400504
24406.00756134264; -0.000728540524982; 0.000357945574533
24410.14390945447; -0.000723564425029; 0.000330902835034
24414.28025756629; -0.000718903994442; 0.000305017213952
24418.41660567811; -0.000713902423048; 0.000279569166905
24422.55295378994; -0.00070916071399; 0.000255098801629
24426.68930190176; -0.000706294626099; 0.000231275130383
24430.82565001359; -0.000701756821346; 0.000206675489947
24434.96199812541; -0.000698638983389; 0.000183161140285
24439.09834623724; -0.000690789759984; 0.000155426961576
24443.23469434906; -0.00068739562507; 0.000131927657821
24447.37104246089; -0.000682185199453; 0.000107320744436
24451.50739057271; -0.000677700046839; 8.47983979022e-05
24455.64373868454; -0.000677484096977; 6.30439362884e-05
24459.78008679636; -0.0006727931848; 3.84606075481e-05
24463.91643490818; -0.000669577884294; 1.66572102335e-05
24468.05278302001; -0.000668197523372; -6.16391111704e-06
24472.18913113183; -0.000663109905976; -3.05248032103e-05
24476.32547924366; -0.00066064376789; -5.14157025343e-05
24480.46182735548; -0.000658422756007; -7.31588973714e-05
24484.5981754673; -0.000655039036935; -9.44321228629e-05
24488.73452357913; -0.000653325989172; -0.000114126665824
24492.87087169095; -0.000651045070431; -0.00013195718009
24497.00721980278; -0.000644967826478; -0.000151765397063
24501.14356791461; -0.000643575526771; -0.000168765644825
24505.27991602643; -0.000637996539338; -0.000187396623016
24509.41626413825; -0.000633103971966; -0.000206220422661
24513.55261225008; -0.000626336542975; -0.000226220127992
24517.6889603619; -0.000621087640423; -0.000247143409087
24521.82530847373; -0.000617043910668; -0.00026578074037
24525.96165658555; -0.000612628069431; -0.000286051259886
24530.09800469737; -0.000607485686404; -0.000305183559411
24534.2343528092; -0.000603091512246; -0.000325084612329
24538.37070092102; -0.000599133795877; -0.000344592159381
24542.50704903285; -0.000595868944507; -0.000364242611326
24546.64339714467; -0.000591301614408; -0.000383571468049
24550.7797452565; -0.00058876708965; -0.000402483819809
24554.91609336832; -0.000584687678846; -0.000420463145207
24559.05244148015; -0.000581393788137; -0.000439808896249
24563.18878959197; -0.000577112862524; -0.000457768640905
24567.3251377038; -0.000574832090708; -0.000476381318373
24571.46148581562; -0.000571333546915; -0.000494222440561
24575.59783392744; -0.000568954804927; -0.000512568334746
24579.73418203927; -0.000565333482298; -0.000530181857906
24583.87053015109; -0.000561204434706; -0.00054750575384
24588.00687826292; -0.000558956757825; -0.000565657818327
24592.14322637474; -0.000556787519684; -0.000582740799119
24596.27957448657; -0.000553517180466; -0.00060034709256
24600.41592259839; -0.000551090574485; -0.000616941405662
24604.55227071022; -0.000547543454534; -0.000633350744423
24608.68861882204; -0.000545619905757; -0.000650396266986
24612.82496693387; -0.000543314578743; -0.00066663123925
24616.96131504569; -0.000541146285923; -0.000683890376873
24621.09766315751; -0.000538314845682; -0.00069970026751
24625.23401126934; -0.000534964653244; -0.000715276106873
24629.37035938116; -0.000532835397598; -0.000730463370826
24633.50670749299; -0.000530252871307; -0.000747375868023
24637.64305560481; -0.000528218608791; -0.000763369911529
24641.77940371663; -0.00052502722755; -0.000778212754087
24645.91575182846; -0.000522935446286; -0.000793429874774
24650.05209994029; -0.000520276938907; -0.000809598836093
24654.18844805211; -0.000518320693662; -0.000824471335922
24658.32479616394; -0.000516022724831; -0.000840343962535
24662.46114427576; -0.000513590487307; -0.000854925026576
24666.59749238758; -0.000511142707869; -0.00086962415123
24670.73384049941; -0.000509481426694; -0.000884158687219
24674.87018861123; -0.00050706804221; -0.000899776245256
24679.00653672306; -0.00050469008231; -0.000914318046042
24683.14288483488; -0.00050294844083; -0.00092893807741
24687.2792329467; -0.000502210254259; -0.000942072679582
24691.41558105853; -0.000497975266534; -0.000955912240696
24695.55192917035; -0.000497645171192; -0.000969874153639
24699.68827728218; -0.000495284874391; -0.000985130223884
24703.824625394; -0.000493021666749; -0.000998124477893
24707.96097350583; -0.000490284514936; -0.00101153814414
24712.09732161765; -0.000489867338193; -0.00102369668133
24716.23366972948; -0.000490981816153; -0.0010351158054
24720.3700178413; -0.00048584344003; -0.00105117182602
24724.50636595313; -0.000482845684716; -0.00106533658556
24728.64271406495; -0.0004822510642; -0.0010786973879
24732.77906217677; -0.000479937114602; -0.00109032978579
24736.9154102886; -0.000478002064044; -0.00110526445012
24741.05175840042; -0.000476042547598; -0.00111773868038
24745.18810651225; -0.000473701384918; -0.00113071230886
24749.32445462407; -0.00047250115173; -0.00114422494329
24753.4608027359; -0.000470456182983; -0.00115633123297
24757.59715084772; -0.000469308135773; -0.00116939717524
24761.73349895955; -0.000467298437454; -0.00118236874177
24765.86984707137; -0.00046522573208; -0.00119502852275
24770.0061951832; -0.000464976944901; -0.00120758119505
24774.14254329502; -0.000462787046541; -0.001218336797
24778.27889140684; -0.000460746007158; -0.00123002903252
24782.41523951867; -0.000460205825807; -0.00124283262487
24786.55158763049; -0.000457819200014; -0.00125486640782
24790.68793574232; -0.000456352260391; -0.00126686066489
24794.82428385414; -0.000454314462439; -0.00127889027424
24798.96063196597; -0.000453400955511; -0.00129083667301
24803.09698007779; -0.000451277144712; -0.00130309579573
24807.23332818961; -0.000449476837008; -0.00131450107098
24811.36967630144; -0.000448718899; -0.00132516071055
24815.50602441327; -0.000447156935631; -0.00133814454734
24819.64237252509; -0.000445756779426; -0.00134802130116
24823.77872063691; -0.000444363996789; -0.00136036031848
24827.91506874874; -0.000443169623223; -0.00137239111523
24832.05141686056; -0.000441906403133; -0.00138205627549
24836.18776497239; -0.000440329825402; -0.00139325326353
24840.32411308421; -0.000438706635695; -0.00140434024315
24844.46046119603; -0.000439370941977; -0.00141462162084
24848.59680930786; -0.000436689530732; -0.00142601634287
24852.73315741968; -0.000434974728175; -0.00143731399566
24856.86950553151; -0.000435645042851; -0.00144564146799
24861.00585364334; -0.000433700709392; -0.00145764603829
24865.14220175516; -0.000431242619498; -0.00146876445812
24869.27854986698; -0.000430021052774; -0.00147963086897
24873.41489797881; -0.000428707072495; -0.00149116456091
24877.55124609063; -0.000427403156822; -0.00150047125641
24881.68759420246; -0.000426486596158; -0.00151138961169
24885.82394231428; -0.000424864777317; -0.00152241149146
24889.9602904261; -0.000423486693967; -0.00153185797074
24894.09663853793; -0.000423312361163; -0.00154180811592
24898.23298664975; -0.000420887950444; -0.001551788566
24902.36933476158; -0.000419432653065; -0.00156237156948
24906.5056828734; -0.000418455958693; -0.00157222781816
24910.64203098523; -0.000418968941962; -0.00158223197397
24914.77837909705; -0.000415833710141; -0.0015924438849
24918.91472720888; -0.000414508044618; -0.00160259714823
24923.0510753207; -0.000413867498753; -0.00161141816255
24927.18742343253; -0.00041302357836; -0.00162076313307
24931.32377154435; -0.000412749352817; -0.00163039291974
24935.46011965617; -0.000412045816819; -0.00163949909953
24939.596467768; -0.000409760574632; -0.00164990264436
24943.73281587982; -0.000408377723828; -0.0016595662346
24947.86916399165; -0.000408169509077; -0.00166972308228
24952.00551210347; -0.00040738161641; -0.00167892369596
24956.1418602153; -0.000406301963487; -0.00168799868507
24960.27820832712; -0.000404627225196; -0.00169614667814
24964.41455643894; -0.000404205527388; -0.00170552568207
24968.55090455077; -0.000403258665597; -0.00171449916019
24972.6872526626; -0.000402055041899; -0.00172384739337
24976.82360077442; -0.000400843419471; -0.00173249720763
24980.95994888624; -0.0003990132348; -0.00174218466266
24985.09629699807; -0.000398218407802; -0.00175047060178
24989.23264510989; -0.000399767940223; -0.00175807191672
24993.36899322172; -0.000397031063491; -0.00176897916007
24997.50534133354; -0.000396951426197; -0.00177739060914
25001.64168944537; -0.000395688296185; -0.00178619901574
25005.77803755719; -0.000394819584975; -0.00179491126597
25009.91438566901; -0.000394534815667; -0.00180401388994
25014.05073378084; -0.000393274320308; -0.001812123359
25018.18708189266; -0.00039148885297; -0.001820443943
25022.32343000449; -0.000391525871884; -0.00182806283641
25026.45977811631; -0.000391398772833; -0.00183573892365
25030.59612622814; -0.000389535590382; -0.00184577627277
25034.73247433996; -0.000388057038209; -0.00185381326964
25038.86882245179; -0.000388921230584; -0.00186195916921
25043.00517056361; -0.000387241330527; -0.00187084337867
25047.14151867543; -0.000385721580533; -0.00187875560352
